Frequency    S2,1_[341]

                     0.5                      -43.403484
                  0.5025                      -42.922321
                   0.505                      -42.434102
                  0.5075                       -41.93918
                    0.51                      -41.437954
                  0.5125                      -40.930858
                   0.515                      -40.418348
                  0.5175                      -39.900892
                    0.52                       -39.37895
                  0.5225                      -38.852967
                   0.525                      -38.323356
                  0.5275                      -37.790501
                    0.53                      -37.254734
                  0.5325                      -36.716343
                   0.535                       -36.17556
                  0.5375                      -35.632571
                    0.54                      -35.087481
                  0.5425                      -34.540378
                   0.545                       -33.99128
                  0.5475                      -33.440163
                    0.55                      -32.886953
                  0.5525                      -32.331551
                   0.555                      -31.773847
                  0.5575                      -31.213684
                    0.56                      -30.650919
                  0.5625                      -30.085405
                   0.565                      -29.517038
                  0.5675                      -28.945719
                    0.57                      -28.371422
                  0.5725                      -27.794198
                   0.575                      -27.214207
                  0.5775                       -26.63173
                    0.58                      -26.047206
                  0.5825                      -25.461283
                   0.585                      -24.874859
                  0.5875                      -24.289098
                    0.59                      -23.705461
                  0.5925                      -23.125806
                   0.595                      -22.552337
                  0.5975                      -21.987666
                     0.6                      -21.434751
                  0.6025                      -20.896895
                   0.605                      -20.377638
                  0.6075                      -19.880591
                    0.61                      -19.409252
                  0.6125                      -18.966861
                   0.615                      -18.556045
                  0.6175                      -18.178655
                    0.62                      -17.835608
                  0.6225                      -17.526723
                   0.625                      -17.250775
                  0.6275                      -17.005553
                    0.63                      -16.788038
                  0.6325                      -16.594648
                   0.635                      -16.421448
                  0.6375                      -16.264419
                    0.64                        -16.1196
                  0.6425                      -15.983297
                   0.645                      -15.852131
                  0.6475                      -15.723129
                    0.65                       -15.59373
                  0.6525                      -15.461767
                   0.655                      -15.325481
                  0.6575                      -15.183461
                    0.66                      -15.034591
                  0.6625                      -14.878056
                   0.665                      -14.713243
                  0.6675                      -14.539772
                    0.67                      -14.357395
                  0.6725                      -14.166034
                   0.675                      -13.965691
                  0.6775                      -13.756482
                    0.68                      -13.538579
                  0.6825                       -13.31221
                   0.685                      -13.077663
                  0.6875                      -12.835242
                    0.69                      -12.585311
                  0.6925                      -12.328244
                   0.695                      -12.064436
                  0.6975                       -11.79434
                     0.7                      -11.518434
                  0.7025                      -11.237255
                   0.705                      -10.951418
                  0.7075                      -10.661605
                    0.71                      -10.368607
                  0.7125                      -10.073376
                   0.715                      -9.7770124
                  0.7175                      -9.4808241
                    0.72                      -9.1863528
                  0.7225                      -8.8954266
                   0.725                      -8.6101689
                  0.7275                      -8.3330429
                    0.73                      -8.0668328
                  0.7325                      -7.8146764
                   0.735                      -7.5799709
                  0.7375                      -7.3663292
                    0.74                      -7.1774111
                  0.7425                      -7.0168118
                   0.745                      -6.8878062
                  0.7475                      -6.7931514
                    0.75                      -6.7348623
                  0.7525                      -6.7140572
                   0.755                      -6.7308345
                  0.7575                      -6.7842588
                    0.76                      -6.8724298
                  0.7625                      -6.9926306
                   0.765                       -7.141535
                  0.7675                      -7.3154254
                    0.77                      -7.5104125
                  0.7725                      -7.7226345
                   0.775                      -7.9483866
                  0.7775                      -8.1842604
                    0.78                      -8.4271833
                  0.7825                       -8.674448
                   0.785                       -8.923739
                  0.7875                      -9.1730839
                    0.79                      -9.4208671
                  0.7925                      -9.6657554
                   0.795                      -9.9066944
                  0.7975                      -10.142853
                     0.8                      -10.373616
                  0.8025                      -10.598518
                   0.805                      -10.817252
                  0.8075                      -11.029623
                    0.81                      -11.235541
                  0.8125                      -11.435001
                   0.815                      -11.628058
                  0.8175                      -11.814834
                    0.82                      -11.995488
                  0.8225                      -12.170218
                   0.825                      -12.339244
                  0.8275                      -12.502821
                    0.83                      -12.661207
                  0.8325                      -12.814677
                   0.835                      -12.963504
                  0.8375                      -13.107973
                    0.84                      -13.248365
                  0.8425                      -13.384949
                   0.845                      -13.517998
                  0.8475                      -13.647769
                    0.85                       -13.77451
                  0.8525                      -13.898458
                   0.855                       -14.01983
                  0.8575                      -14.138838
                    0.86                      -14.255672
                  0.8625                      -14.370505
                   0.865                      -14.483496
                  0.8675                      -14.594786
                    0.87                      -14.704504
                  0.8725                      -14.812758
                   0.875                      -14.919643
                  0.8775                      -15.025241
                    0.88                      -15.129618
                  0.8825                      -15.232832
                   0.885                      -15.334921
                  0.8875                      -15.435921
                    0.89                      -15.535859
                  0.8925                       -15.63475
                   0.895                      -15.732605
                  0.8975                      -15.829431
                     0.9                      -15.925231
                  0.9025                      -16.020007
                   0.905                      -16.113754
                  0.9075                      -16.206472
                    0.91                      -16.298163
                  0.9125                      -16.388826
                   0.915                      -16.478464
                  0.9175                      -16.567082
                    0.92                      -16.654691
                  0.9225                      -16.741303
                   0.925                      -16.826932
                  0.9275                      -16.911602
                    0.93                      -16.995335
                  0.9325                      -17.078159
                   0.935                      -17.160106
                  0.9375                      -17.241209
                    0.94                      -17.321507
                  0.9425                      -17.401038
                   0.945                      -17.479841
                  0.9475                      -17.557961
                    0.95                      -17.635437
                  0.9525                      -17.712314
                   0.955                      -17.788627
                  0.9575                      -17.864419
                    0.96                      -17.939725
                  0.9625                      -18.014576
                   0.965                      -18.089002
                  0.9675                      -18.163026
                    0.97                      -18.236669
                  0.9725                      -18.309943
                   0.975                      -18.382857
                  0.9775                       -18.45541
                    0.98                        -18.5276
                  0.9825                      -18.599413
                   0.985                      -18.670832
                  0.9875                      -18.741831
                    0.99                      -18.812381
                  0.9925                      -18.882445
                   0.995                      -18.951977
                  0.9975                      -19.020934
                       1                      -19.089263
                  1.0025                      -19.156906
                   1.005                      -19.223804
                  1.0075                      -19.289897
                    1.01                      -19.355124
                  1.0125                      -19.419418
                   1.015                      -19.482714
                  1.0175                      -19.544953
                    1.02                      -19.606075
                  1.0225                      -19.666019
                   1.025                       -19.72473
                  1.0275                      -19.782159
                    1.03                      -19.838261
                  1.0325                      -19.892994
                   1.035                      -19.946324
                  1.0375                      -19.998223
                    1.04                      -20.048673
                  1.0425                      -20.097657
                   1.045                      -20.145166
                  1.0475                      -20.191203
                    1.05                      -20.235775
                  1.0525                      -20.278897
                   1.055                      -20.320589
                  1.0575                      -20.360878
                    1.06                      -20.399804
                  1.0625                      -20.437403
                   1.065                      -20.473719
                  1.0675                      -20.508806
                    1.07                      -20.542718
                  1.0725                      -20.575511
                   1.075                       -20.60725
                  1.0775                      -20.637997
                    1.08                      -20.667816
                  1.0825                      -20.696773
                   1.085                      -20.724936
                  1.0875                      -20.752369
                    1.09                      -20.779139
                  1.0925                      -20.805305
                   1.095                      -20.830928
                  1.0975                      -20.856067
                     1.1                      -20.880772
                  1.1025                      -20.905094
                   1.105                      -20.929075
                  1.1075                      -20.952753
                    1.11                      -20.976161
                  1.1125                      -20.999328
                   1.115                      -21.022271
                  1.1175                      -21.045005
                    1.12                      -21.067536
                  1.1225                      -21.089865
                   1.125                      -21.111984
                  1.1275                      -21.133876
                    1.13                      -21.155523
                  1.1325                      -21.176897
                   1.135                       -21.19796
                  1.1375                      -21.218671
                    1.14                      -21.238984
                  1.1425                      -21.258846
                   1.145                      -21.278196
                  1.1475                       -21.29697
                    1.15                      -21.315104
                  1.1525                      -21.332522
                   1.155                      -21.349149
                  1.1575                      -21.364912
                    1.16                      -21.379727
                  1.1625                      -21.393518
                   1.165                        -21.4062
                  1.1675                      -21.417695
                    1.17                      -21.427926
                  1.1725                      -21.436814
                   1.175                      -21.444282
                  1.1775                      -21.450263
                    1.18                       -21.45469
                  1.1825                      -21.457498
                   1.185                      -21.458631
                  1.1875                      -21.458036
                    1.19                       -21.45567
                  1.1925                      -21.451494
                   1.195                      -21.445475
                  1.1975                       -21.43759
                     1.2                      -21.427821
                  1.2025                      -21.416159
                   1.205                      -21.402602
                  1.2075                      -21.387156
                    1.21                      -21.369832
                  1.2125                      -21.350652
                   1.215                      -21.329643
                  1.2175                      -21.306836
                    1.22                      -21.282274
                  1.2225                      -21.256003
                   1.225                      -21.228071
                  1.2275                      -21.198538
                    1.23                      -21.167466
                  1.2325                      -21.134911
                   1.235                       -21.10095
                  1.2375                      -21.065648
                    1.24                      -21.029082
                  1.2425                       -20.99132
                   1.245                      -20.952441
                  1.2475                      -20.912523
                    1.25                      -20.871636
                  1.2525                      -20.829858
                   1.255                      -20.787262
                  1.2575                      -20.743917
                    1.26                      -20.699892
                  1.2625                      -20.655254
                   1.265                      -20.610065
                  1.2675                      -20.564382
                    1.27                      -20.518259
                  1.2725                      -20.471743
                   1.275                      -20.424879
                  1.2775                      -20.377701
                    1.28                       -20.33024
                  1.2825                       -20.28252
                   1.285                      -20.234557
                  1.2875                      -20.186366
                    1.29                      -20.137937
                  1.2925                      -20.089269
                   1.295                      -20.040346
                  1.2975                      -19.991141
                     1.3                      -19.941623
                  1.3025                      -19.891753
                   1.305                      -19.841483
                  1.3075                      -19.790747
                    1.31                      -19.739482
                  1.3125                       -19.68761
                   1.315                      -19.635053
                  1.3175                      -19.581715
                    1.32                      -19.527495
                  1.3225                       -19.47229
                   1.325                      -19.415994
                  1.3275                      -19.358482
                    1.33                      -19.299636
                  1.3325                      -19.239331
                   1.335                      -19.177441
                  1.3375                      -19.113828
                    1.34                      -19.048365
                  1.3425                       -18.98093
                   1.345                      -18.911385
                  1.3475                      -18.839608
                    1.35                      -18.765484
                  1.3525                      -18.688892
                   1.355                      -18.609729
                  1.3575                      -18.527894
                    1.36                      -18.443304
                  1.3625                      -18.355875
                   1.365                      -18.265554
                  1.3675                      -18.172287
                    1.37                      -18.076043
                  1.3725                      -17.976801
                   1.375                      -17.874573
                  1.3775                      -17.769368
                    1.38                      -17.661239
                  1.3825                      -17.550239
                   1.385                       -17.43645
                  1.3875                      -17.319988
                    1.39                      -17.200967
                  1.3925                      -17.079535
                   1.395                      -16.955882
                  1.3975                      -16.830188
                     1.4                      -16.702663
                  1.4025                      -16.573561
                   1.405                      -16.443132
                  1.4075                      -16.311676
                    1.41                      -16.179473
                  1.4125                      -16.046857
                   1.415                       -15.91418
                  1.4175                      -15.781787
                    1.42                      -15.650064
                  1.4225                      -15.519405
                   1.425                      -15.390227
                  1.4275                      -15.262954
                    1.43                      -15.138011
                  1.4325                      -15.015864
                   1.435                      -14.896976
                  1.4375                      -14.781795
                    1.44                      -14.670811
                  1.4425                      -14.564504
                   1.445                      -14.463362
                  1.4475                       -14.36787
                    1.45                      -14.278508
                  1.4525                      -14.195774
                   1.455                      -14.120142
                  1.4575                      -14.052087
                    1.46                      -13.992075
                  1.4625                       -13.94057
                   1.465                      -13.898013
                  1.4675                      -13.864835
                    1.47                      -13.841455
                  1.4725                      -13.828266
                   1.475                      -13.825644
                  1.4775                      -13.833945
                    1.48                      -13.853498
                  1.4825                      -13.884607
                   1.485                      -13.927548
                  1.4875                      -13.982561
                    1.49                      -14.049862
                  1.4925                      -14.129636
                   1.495                      -14.222019
                  1.4975                      -14.327124
                     1.5                      -14.445007
                  1.5025                        -14.5757
                   1.505                       -14.71918
                  1.5075                       -14.87537
                    1.51                      -15.044159
                  1.5125                      -15.225391
                   1.515                       -15.41883
                  1.5175                      -15.624206
                    1.52                      -15.841207
                  1.5225                      -16.069434
                   1.525                      -16.308444
                  1.5275                      -16.557716
                    1.53                       -16.81674
                  1.5325                      -17.084886
                   1.535                      -17.361478
                  1.5375                      -17.645824
                    1.54                      -17.937192
                  1.5425                      -18.234779
                   1.545                      -18.537782
                  1.5475                      -18.845346
                    1.55                      -19.156686
                  1.5525                      -19.470947
                   1.555                      -19.787282
                  1.5575                      -20.104943
                    1.56                      -20.423159
                  1.5625                      -20.741196
                   1.565                      -21.058383
                  1.5675                      -21.374124
                    1.57                      -21.687876
                  1.5725                      -21.999139
                   1.575                       -22.30746
                  1.5775                      -22.612526
                    1.58                      -22.913996
                  1.5825                      -23.211601
                   1.585                      -23.505147
                  1.5875                      -23.794443
                    1.59                      -24.079371
                  1.5925                      -24.359795
                   1.595                      -24.635643
                  1.5975                       -24.90686
                     1.6                      -25.173375
                  1.6025                       -25.43514
                   1.605                      -25.692124
                  1.6075                      -25.944281
                    1.61                      -26.191588
                  1.6125                      -26.433989
                   1.615                      -26.671453
                  1.6175                       -26.90394
                    1.62                      -27.131376
                  1.6225                      -27.353717
                   1.625                      -27.570883
                  1.6275                      -27.782784
                    1.63                      -27.989334
                  1.6325                      -28.190436
                   1.635                      -28.385957
                  1.6375                      -28.575774
                    1.64                      -28.759729
                  1.6425                       -28.93767
                   1.645                      -29.109404
                  1.6475                      -29.274722
                    1.65                      -29.433428
                  1.6525                      -29.585273
                   1.655                      -29.729988
                  1.6575                      -29.867304
                    1.66                      -29.996928
                  1.6625                      -30.118536
                   1.665                      -30.231795
                  1.6675                      -30.336347
                    1.67                      -30.431848
                  1.6725                      -30.517915
                   1.675                      -30.594169
                  1.6775                      -30.660246
                    1.68                      -30.715769
                  1.6825                       -30.76038
                   1.685                      -30.793745
                  1.6875                      -30.815559
                    1.69                      -30.825551
                  1.6925                      -30.823497
                   1.695                      -30.809227
                  1.6975                      -30.782629
                     1.7                      -30.743662
                  1.7025                      -30.692361
                   1.705                      -30.628838
                  1.7075                      -30.553282
                    1.71                       -30.46596
                  1.7125                       -30.36723
                   1.715                      -30.257517
                  1.7175                      -30.137311
                    1.72                       -30.00718
                  1.7225                      -29.867749
                   1.725                      -29.719669
                  1.7275                      -29.563664
                    1.73                      -29.400449
                  1.7325                      -29.230793
                   1.735                      -29.055449
                  1.7375                      -28.875172
                    1.74                      -28.690736
                  1.7425                      -28.502867
                   1.745                      -28.312294
                  1.7475                      -28.119725
                    1.75                       -27.92582
                  1.7525                      -27.731201
                   1.755                       -27.53649
                  1.7575                       -27.34223
                    1.76                      -27.148967
                  1.7625                      -26.957171
                   1.765                      -26.767302
                  1.7675                      -26.579779
                    1.77                      -26.394977
                  1.7725                      -26.213224
                   1.775                      -26.034846
                  1.7775                      -25.860109
                    1.78                       -25.68925
                  1.7825                      -25.522489
                   1.785                       -25.36001
                  1.7875                      -25.201987
                    1.79                      -25.048518
                  1.7925                      -24.899722
                   1.795                      -24.755687
                  1.7975                      -24.616464
                     1.8                      -24.482075
                  1.8025                      -24.352543
                   1.805                      -24.227856
                  1.8075                      -24.107995
                    1.81                      -23.992884
                  1.8125                      -23.882464
                   1.815                      -23.776655
                  1.8175                      -23.675327
                    1.82                       -23.57836
                  1.8225                       -23.48561
                   1.825                      -23.396915
                  1.8275                      -23.312094
                    1.83                      -23.230942
                  1.8325                      -23.153257
                   1.835                      -23.078815
                  1.8375                      -23.007367
                    1.84                      -22.938667
                  1.8425                      -22.872461
                   1.845                      -22.808467
                  1.8475                      -22.746424
                    1.85                      -22.686042
                  1.8525                      -22.627039
                   1.855                      -22.569135
                  1.8575                      -22.512047
                    1.86                      -22.455504
                  1.8625                      -22.399243
                   1.865                      -22.343002
                  1.8675                      -22.286553
                    1.87                      -22.229665
                  1.8725                      -22.172135
                   1.875                      -22.113785
                  1.8775                      -22.054456
                    1.88                      -21.994025
                  1.8825                      -21.932381
                   1.885                      -21.869455
                  1.8875                      -21.805207
                    1.89                      -21.739618
                  1.8925                      -21.672701
                   1.895                      -21.604509
                  1.8975                      -21.535107
                     1.9                        -21.4646
                  1.9025                      -21.393106
                   1.905                      -21.320776
                  1.9075                      -21.247786
                    1.91                      -21.174308
                  1.9125                      -21.100551
                   1.915                      -21.026739
                  1.9175                        -20.9531
                    1.92                      -20.879864
                  1.9225                      -20.807281
                   1.925                      -20.735606
                  1.9275                      -20.665088
                    1.93                      -20.595972
                  1.9325                      -20.528513
                   1.935                      -20.462959
                  1.9375                      -20.399535
                    1.94                      -20.338477
                  1.9425                      -20.280006
                   1.945                      -20.224326
                  1.9475                      -20.171631
                    1.95                       -20.12209
                  1.9525                      -20.075865
                   1.955                      -20.033101
                  1.9575                      -19.993905
                    1.96                      -19.958378
                  1.9625                      -19.926593
                   1.965                        -19.8986
                  1.9675                      -19.874424
                    1.97                      -19.854057
                  1.9725                      -19.837477
                   1.975                      -19.824627
                  1.9775                      -19.815427
                    1.98                      -19.809772
                  1.9825                      -19.807529
                   1.985                      -19.808544
                  1.9875                      -19.812637
                    1.99                       -19.81961
                  1.9925                      -19.829242
                   1.995                      -19.841295
                  1.9975                      -19.855515
                       2                      -19.871636
                  2.0025                       -19.88938
                   2.005                       -19.90846
                  2.0075                      -19.928584
                    2.01                       -19.94946
                  2.0125                      -19.970797
                   2.015                      -19.992301
                  2.0175                      -20.013698
                    2.02                      -20.034711
                  2.0225                      -20.055086
                   2.025                       -20.07458
                  2.0275                      -20.092971
                    2.03                       -20.11006
                  2.0325                      -20.125675
                   2.035                      -20.139664
                  2.0375                      -20.151911
                    2.04                      -20.162325
                  2.0425                      -20.170851
                   2.045                      -20.177461
                  2.0475                      -20.182164
                    2.05                      -20.185002
                  2.0525                      -20.186041
                   2.055                      -20.185388
                  2.0575                      -20.183169
                    2.06                      -20.179541
                  2.0625                      -20.174685
                   2.065                      -20.168801
                  2.0675                      -20.162111
                    2.07                      -20.154842
                  2.0725                      -20.147241
                   2.075                      -20.139562
                  2.0775                      -20.132051
                    2.08                      -20.124961
                  2.0825                      -20.118549
                   2.085                      -20.113048
                  2.0875                      -20.108702
                    2.09                      -20.105725
                  2.0925                      -20.104324
                   2.095                      -20.104693
                  2.0975                      -20.107004
                     2.1                      -20.111415
                  2.1025                      -20.118058
                   2.105                      -20.127059
                  2.1075                      -20.138514
                    2.11                      -20.152508
                  2.1125                      -20.169111
                   2.115                      -20.188366
                  2.1175                      -20.210311
                    2.12                      -20.234968
                  2.1225                      -20.262355
                   2.125                      -20.292465
                  2.1275                      -20.325288
                    2.13                      -20.360813
                  2.1325                      -20.399009
                   2.135                      -20.439849
                  2.1375                      -20.483298
                    2.14                      -20.529324
                  2.1425                      -20.577874
                   2.145                      -20.628916
                  2.1475                      -20.682391
                    2.15                      -20.738255
                  2.1525                      -20.796467
                   2.155                       -20.85696
                  2.1575                      -20.919694
                    2.16                      -20.984599
                  2.1625                      -21.051616
                   2.165                      -21.120699
                  2.1675                      -21.191757
                    2.17                      -21.264746
                  2.1725                      -21.339568
                   2.175                      -21.416153
                  2.1775                      -21.494408
                    2.18                      -21.574235
                  2.1825                      -21.655522
                   2.185                      -21.738181
                  2.1875                      -21.822063
                    2.19                      -21.907051
                  2.1925                       -21.99301
                   2.195                      -22.079777
                  2.1975                       -22.16721
                     2.2                      -22.255117
                  2.2025                      -22.343354
                   2.205                      -22.431748
                  2.2075                      -22.520107
                    2.21                      -22.608269
                  2.2125                      -22.696049
                   2.215                      -22.783281
                  2.2175                      -22.869831
                    2.22                      -22.955506
                  2.2225                      -23.040221
                   2.225                      -23.123861
                  2.2275                      -23.206317
                    2.23                      -23.287536
                  2.2325                      -23.367492
                   2.235                      -23.446152
                  2.2375                      -23.523561
                    2.24                      -23.599777
                  2.2425                      -23.674899
                   2.245                       -23.74904
                  2.2475                      -23.822368
                    2.25                      -23.895097
                  2.2525                      -23.967433
                   2.255                      -24.039664
                  2.2575                      -24.112097
                    2.26                      -24.185048
                  2.2625                      -24.258901
                   2.265                      -24.334041
                  2.2675                      -24.410882
                    2.27                      -24.489889
                  2.2725                      -24.571525
                   2.275                      -24.656274
                  2.2775                      -24.744665
                    2.28                      -24.837207
                  2.2825                       -24.93444
                   2.285                      -25.036937
                  2.2875                      -25.145235
                    2.29                      -25.259914
                  2.2925                      -25.381508
                   2.295                      -25.510599
                  2.2975                      -25.647751
                     2.3                      -25.793479
                  2.3025                      -25.948325
                   2.305                      -26.112811
                  2.3075                      -26.287386
                    2.31                      -26.472506
                  2.3125                      -26.668643
                   2.315                      -26.876134
                  2.3175                      -27.095368
                    2.32                      -27.326607
                  2.3225                      -27.570143
                   2.325                      -27.826215
                  2.3275                      -28.094942
                    2.33                      -28.376492
                  2.3325                      -28.670937
                   2.335                      -28.978335
                  2.3375                       -29.29872
                    2.34                       -29.63201
                  2.3425                      -29.978176
                   2.345                      -30.337158
                  2.3475                       -30.70879
                    2.35                      -31.092914
                  2.3525                      -31.489468
                   2.355                      -31.898137
                  2.3575                       -32.31874
                    2.36                      -32.750876
                  2.3625                      -33.194148
                   2.365                      -33.648048
                  2.3675                      -34.111693
                    2.37                      -34.584215
                  2.3725                      -35.064067
                   2.375                      -35.549329
                  2.3775                      -36.037367
                    2.38                       -36.52447
                  2.3825                      -37.005794
                   2.385                      -37.474994
                  2.3875                      -37.923687
                    2.39                      -38.341734
                  2.3925                      -38.716865
                   2.395                      -39.035161
                  2.3975                      -39.282229
                     2.4                      -39.444481
                  2.4025                      -39.511258
                   2.405                       -39.47652
                  2.4075                       -39.34003
                    2.41                       -39.10731
                  2.4125                       -38.78862
                   2.415                      -38.396984
                  2.4175                      -37.946321
                    2.42                       -37.45008
                  2.4225                      -36.920063
                   2.425                       -36.36592
                  2.4275                       -35.79561
                    2.43                      -35.215083
                  2.4325                      -34.628767
                   2.435                       -34.04008
                  2.4375                      -33.451291
                    2.44                      -32.864245
                  2.4425                      -32.280202
                   2.445                      -31.699942
                  2.4475                      -31.124408
                    2.45                      -30.554167
                  2.4525                      -29.989995
                   2.455                      -29.432545
                  2.4575                      -28.882566
                    2.46                      -28.341136
                  2.4625                      -27.809175
                   2.465                      -27.287932
                  2.4675                       -26.77895
                    2.47                       -26.28381
                  2.4725                      -25.804305
                   2.475                       -25.34255
                  2.4775                      -24.900662
                    2.48                      -24.481118
                  2.4825                      -24.086272
                   2.485                      -23.718672
                  2.4875                      -23.380947
                    2.49                      -23.075518
                  2.4925                      -22.804789
                   2.495                      -22.570841
                  2.4975                      -22.375444
                     2.5                       -22.21995
                  2.5025                      -22.105202
                   2.505                      -22.031472
                  2.5075                      -21.998423
                    2.51                      -22.005107
                  2.5125                       -22.04997
                   2.515                      -22.130913
                  2.5175                      -22.245419
                    2.52                      -22.390549
                  2.5225                      -22.563181
                   2.525                       -22.76004
                  2.5275                      -22.977768
                    2.53                      -23.213125
                  2.5325                      -23.462915
                   2.535                      -23.724174
                  2.5375                      -23.994212
                    2.54                      -24.270428
                  2.5425                      -24.550585
                   2.545                       -24.83267
                  2.5475                      -25.114856
                    2.55                       -25.39561
                  2.5525                       -25.67357
                   2.555                      -25.947604
                  2.5575                      -26.216766
                    2.56                      -26.480199
                  2.5625                      -26.737261
                   2.565                      -26.987468
                  2.5675                      -27.230363
                    2.57                      -27.465689
                  2.5725                      -27.693186
                   2.575                      -27.912806
                  2.5775                      -28.124526
                    2.58                      -28.328336
                  2.5825                      -28.524388
                   2.585                      -28.712859
                  2.5875                      -28.893948
                    2.59                      -29.067947
                  2.5925                      -29.235239
                   2.595                      -29.396139
                  2.5975                       -29.55111
                     2.6                      -29.700566
                  2.6025                      -29.844997
                   2.605                      -29.984924
                  2.6075                      -30.120824
                    2.61                      -30.253284
                  2.6125                      -30.382808
                   2.615                      -30.509939
                  2.6175                      -30.635229
                    2.62                      -30.759154
                  2.6225                       -30.88224
                   2.625                      -31.004952
                  2.6275                      -31.127722
                    2.63                      -31.250972
                  2.6325                      -31.375071
                   2.635                      -31.500341
                  2.6375                      -31.627053
                    2.64                      -31.755456
                  2.6425                      -31.885738
                   2.645                      -32.018072
                  2.6475                      -32.152515
                    2.65                      -32.289188
                  2.6525                      -32.428067
                   2.655                      -32.569183
                  2.6575                      -32.712482
                    2.66                      -32.857886
                  2.6625                      -33.005301
                   2.665                      -33.154632
                  2.6675                      -33.305729
                    2.67                      -33.458468
                  2.6725                      -33.612688
                   2.675                      -33.768229
                  2.6775                      -33.924956
                    2.68                      -34.082671
                  2.6825                      -34.241239
                   2.685                      -34.400556
                  2.6875                      -34.560448
                    2.69                      -34.720825
                  2.6925                      -34.881559
                   2.695                      -35.042565
                  2.6975                      -35.203805
                     2.7                      -35.365181
                  2.7025                       -35.52667
                   2.705                      -35.688293
                  2.7075                      -35.850019
                    2.71                      -36.011874
                  2.7125                      -36.173923
                   2.715                      -36.336181
                  2.7175                      -36.498735
                    2.72                      -36.661636
                  2.7225                      -36.825001
                   2.725                      -36.988926
                  2.7275                      -37.153481
                    2.73                      -37.318778
                  2.7325                      -37.484892
                   2.735                      -37.651912
                  2.7375                      -37.819943
                    2.74                      -37.988993
                  2.7425                      -38.159169
                   2.745                      -38.330498
                  2.7475                      -38.502961
                    2.75                      -38.676584
                  2.7525                      -38.851345
                   2.755                      -39.027177
                  2.7575                      -39.204022
                    2.76                      -39.381799
                  2.7625                      -39.560403
                   2.765                      -39.739726
                  2.7675                      -39.919602
                    2.77                      -40.099926
                  2.7725                      -40.280495
                   2.775                      -40.461161
                  2.7775                      -40.641789
                    2.78                      -40.822184
                  2.7825                      -41.002181
                   2.785                      -41.181636
                  2.7875                      -41.360362
                    2.79                      -41.538222
                  2.7925                      -41.715079
                   2.795                      -41.890742
                  2.7975                       -42.06513
                     2.8                      -42.238063
                  2.8025                      -42.409426
                   2.805                      -42.579076
                  2.8075                       -42.74685
                    2.81                      -42.912611
                  2.8125                      -43.076144
                   2.815                      -43.237309
                  2.8175                      -43.395878
                    2.82                       -43.55158
                  2.8225                      -43.704162
                   2.825                      -43.853295
                  2.8275                      -43.998605
                    2.83                      -44.139676
                  2.8325                      -44.276088
                   2.835                      -44.407269
                  2.8375                      -44.532675
                    2.84                       -44.65165
                  2.8425                      -44.763517
                   2.845                      -44.867541
                  2.8475                      -44.962926
                    2.85                      -45.048868
                  2.8525                      -45.124528
                   2.855                      -45.189064
                  2.8575                      -45.241655
                    2.86                      -45.281513
                  2.8625                      -45.307908
                   2.865                      -45.320191
                  2.8675                      -45.317835
                    2.87                      -45.300424
                  2.8725                      -45.267681
                   2.875                      -45.219514
                  2.8775                      -45.155953
                    2.88                      -45.077234
                  2.8825                      -44.983719
                   2.885                       -44.87591
                  2.8875                      -44.754488
                    2.89                      -44.620138
                  2.8925                       -44.47374
                   2.895                      -44.316164
                  2.8975                       -44.14832
                     2.9                      -43.971181
                  2.9025                      -43.785662
                   2.905                      -43.592681
                  2.9075                      -43.393113
                    2.91                      -43.187796
                  2.9125                      -42.977498
                   2.915                      -42.762989
                  2.9175                      -42.544908
                    2.92                      -42.323923
                  2.9225                       -42.10059
                   2.925                      -41.875428
                  2.9275                      -41.648919
                    2.93                      -41.421479
                  2.9325                      -41.193554
                   2.935                      -40.965492
                  2.9375                       -40.73761
                    2.94                       -40.51028
                  2.9425                      -40.283784
                   2.945                      -40.058337
                  2.9475                      -39.834272
                    2.95                      -39.611807
                  2.9525                      -39.391162
                   2.955                      -39.172595
                  2.9575                      -38.956284
                    2.96                      -38.742467
                  2.9625                       -38.53134
                   2.965                      -38.323017
                  2.9675                      -38.117736
                    2.97                      -37.915606
                  2.9725                      -37.716822
                   2.975                      -37.521497
                  2.9775                      -37.329721
                    2.98                      -37.141667
                  2.9825                      -36.957361
                   2.985                      -36.776876
                  2.9875                      -36.600299
                    2.99                      -36.427646
                  2.9925                      -36.258913
                   2.995                      -36.094129
                  2.9975                      -35.933235
                       3                      -35.776221
