        Frequency / GHz                System Tot. Efficiency [AC2]/abs,dB
----------------------------------------------------------------------
                     0.5                       -24.35913
              0.63157895                       -16.65775
              0.76315789                      -10.484987
              0.89473684                      -10.019163
               1.0263158                      -9.0045977
               1.1578947                      -7.0589623
               1.2894737                       -5.070806
               1.4210526                      -7.4628942
               1.5526316                      -7.5108021
               1.6842105                      -4.1577422
               1.8157895                      -1.7348437
               1.9473684                      -2.0245582
               2.0789474                      -4.4531419
               2.2105263                      -5.8961085
               2.3421053                      -8.9585507
               2.4736842                      -11.695444
               2.6052632                      -13.855656
               2.7368421                      -14.992244
               2.8684211                      -14.585692
                       3                      -13.829858

