Frequency    run_426

                    0.69                       0.7956777
                    0.78                      0.37376582
                    0.87                      0.39432802
                    0.96                      0.51276174
                     1.7                    0.0042618777
                     1.8                     0.007417947
                     1.9                    0.0037551061
                       2                   0.00067409891
                     2.1                    0.0085034787
                     2.2                     0.023392176
                     2.3                      0.02114793
                     2.4                    0.0010167281
                     2.5                     0.012771939
                     2.6                     0.008464559
                     2.7                     0.001310515
