        Frequency / GHz                run 403/real
----------------------------------------------------------------------
                    0.69                      0.79717479
                    0.78                      0.51875311
                    0.87                      0.28883469
                    0.96                      0.38908666
                     1.7                    0.0014660413
                     1.8                     0.006327742
                     1.9                     0.012508154
                       2                     0.015263096
                     2.1                     0.016263499
                     2.2                     0.014068231
                     2.3                    0.0064678527
                     2.4                   0.00016653745
                     2.5                   0.00011488023
                     2.6                    0.0001680964
                     2.7                   0.00036076728

        Frequency / GHz                run 417/real
----------------------------------------------------------------------
                    0.69                      0.79716508
                    0.78                      0.51584827
                    0.87                      0.23599752
                    0.96                      0.41262702
                     1.7                    0.0018138916
                     1.8                    0.0064940397
                     1.9                     0.011825845
                       2                     0.013677551
                     2.1                     0.013978564
                     2.2                     0.011881021
                     2.3                    0.0057179118
                     2.4                   0.00019660837
                     2.5                  5.0245104e-005
                     2.6                   0.00033832528
                     2.7                   0.00013667772

        Frequency / GHz                run 418/real
----------------------------------------------------------------------
                    0.69                      0.79714101
                    0.78                      0.51213409
                    0.87                      0.19630715
                    0.96                      0.43241986
                     1.7                    0.0021635813
                     1.8                    0.0066515839
                     1.9                     0.011073705
                       2                     0.011962089
                     2.1                      0.01160665
                     2.2                    0.0099127144
                     2.3                    0.0055485959
                     2.4                   0.00026959329
                     2.5                   0.00027226457
                     2.6                   0.00095109531
                     2.7                  1.3556063e-005

        Frequency / GHz                run 419/real
----------------------------------------------------------------------
                    0.69                      0.79709894
                    0.78                      0.50732203
                    0.87                      0.18211444
                    0.96                      0.44905625
                     1.7                    0.0025037599
                     1.8                    0.0067984052
                     1.9                     0.010255167
                       2                     0.010145867
                     2.1                     0.009268768
                     2.2                    0.0084551432
                     2.3                    0.0061932888
                     2.4                    0.0003760528
                     2.5                   0.00087212772
                     2.6                    0.0020731258
                     2.7                  4.5041935e-005

        Frequency / GHz                run 420/real
----------------------------------------------------------------------
                    0.69                      0.79703419
                    0.78                      0.50099723
                    0.87                      0.19572598
                    0.96                      0.46306908
                     1.7                    0.0028265063
                     1.8                    0.0069327402
                     1.9                    0.0093772989
                       2                    0.0082774103
                     2.1                     0.007140545
                     2.2                    0.0078434105
                     2.3                     0.007735538
                     2.4                   0.00049929685
                     2.5                    0.0019149173
                     2.6                    0.0035710074
                     2.7                   0.00021455719

        Frequency / GHz                run 421/real
----------------------------------------------------------------------
                    0.69                      0.79694086
                    0.78                      0.49255707
                    0.87                      0.22841004
                    0.96                      0.47491454
                     1.7                    0.0031269492
                     1.8                    0.0070531075
                     1.9                    0.0084512794
                       2                    0.0064265395
                     2.1                    0.0054407301
                     2.2                    0.0083542223
                     2.3                     0.010015208
                     2.4                   0.00062260719
                     2.5                    0.0034037087
                     2.6                    0.0051311898
                     2.7                   0.00045236887

        Frequency / GHz                run 422/real
----------------------------------------------------------------------
                    0.69                      0.79681125
                    0.78                      0.48112121
                    0.87                      0.26841282
                    0.96                      0.48497272
                     1.7                    0.0034026836
                     1.8                    0.0071583412
                     1.9                     0.007492538
                       2                    0.0046824393
                     2.1                    0.0043949917
                     2.2                     0.010076015
                     2.3                     0.012673933
                     2.4                   0.00073444926
                     2.5                    0.0052536069
                     2.6                    0.0064519171
                     2.7                   0.00069296745

        Frequency / GHz                run 423/real
----------------------------------------------------------------------
                    0.69                      0.79663545
                    0.78                      0.46541551
                    0.87                       0.3074939
                    0.96                      0.49355529
                     1.7                      0.00365309
                     1.8                     0.007247664
                     1.9                    0.0065204612
                       2                    0.0031461154
                     2.1                    0.0041782553
                     2.2                     0.012836409
                     2.3                     0.015320295
                     2.4                   0.00082948647
                     2.5                    0.0072989831
                     2.6                    0.0073987081
                     2.7                   0.00090252438

        Frequency / GHz                run 424/real
----------------------------------------------------------------------
                    0.69                      0.79640043
                    0.78                      0.44366948
                    0.87                      0.34188972
                    0.96                      0.50091648
                     1.7                    0.0038787801
                     1.8                    0.0073206786
                     1.9                    0.0055574727
                       2                    0.0019171779
                     2.1                    0.0048566065
                     2.2                     0.016255576
                     2.3                     0.017677037
                     2.4                   0.00090694753
                     2.5                    0.0093394272
                     2.6                    0.0079919186
                     2.7                    0.0010725006

        Frequency / GHz                run 425/real
----------------------------------------------------------------------
                    0.69                       0.7960889
                    0.78                      0.41370551
                    0.87                      0.37070082
                    0.96                      0.50726268
                     1.7                     0.004081114
                     1.8                    0.0073773292
                     1.9                    0.0046277044
                       2                    0.0010771334
                     2.1                     0.006359981
                     2.2                     0.019894102
                     2.3                     0.019621789
                     2.4                   0.00096850665
                     2.5                     0.011200098
                     2.6                    0.0083177806
                     2.7                    0.0012062354

        Frequency / GHz                run 426/real
----------------------------------------------------------------------
                    0.69                       0.7956777
                    0.78                      0.37376582
                    0.87                      0.39432802
                    0.96                      0.51276174
                     1.7                    0.0042618777
                     1.8                     0.007417947
                     1.9                    0.0037551061
                       2                   0.00067409891
                     2.1                    0.0085034787
                     2.2                     0.023392176
                     2.3                      0.02114793
                     2.4                    0.0010167281
                     2.5                     0.012771939
                     2.6                     0.008464559
                     2.7                     0.001310515

        Frequency / GHz                run 427/real
----------------------------------------------------------------------
                    0.69                      0.79513524
                    0.78                      0.32519095
                    0.87                      0.41358465
                    0.96                      0.51755022
                     1.7                    0.0044230217
                     1.8                    0.0074431365
                     1.9                    0.0029615458
                       2                   0.00071417662
                     2.1                     0.011045085
                     2.2                       0.0265304
                     2.3                     0.022307858
                     2.4                    0.0010542233
                     2.5                     0.014017357
                     2.6                    0.0084997267
                     2.7                    0.0013919974

        Frequency / GHz                run 428/real
----------------------------------------------------------------------
                    0.69                      0.79441829
                    0.78                       0.2772695
                    0.87                      0.42930682
                    0.96                      0.52173983
                     1.7                    0.0045665177
                     1.8                    0.0074537729
                     1.9                    0.0022649793
                       2                    0.0011625341
                     2.1                      0.01374861
                     2.2                     0.029218677
                     2.3                     0.023171814
                     2.4                     0.001083288
                     2.5                     0.014951639
                     2.6                    0.0084688051
                     2.7                    0.0014561546

        Frequency / GHz                run 389/real
----------------------------------------------------------------------
                    0.69                       0.7934661
                    0.78                      0.24829136
                    0.87                      0.44221855
                    0.96                      0.52542216
                     1.7                    0.0046942742
                     1.8                    0.0074509142
                     1.9                    0.0016781479
                       2                     0.001953255
                     2.1                     0.016425608
                     2.2                     0.031454058
                     2.3                     0.023806829
                     2.4                    0.0011058032
                     2.5                     0.015618316
                     2.6                    0.0084007008
                     2.7                    0.0015071825

