Frequency    run_406

                    0.69                       0.7278782
                    0.78                      0.55150707
                    0.87                      0.35783887
                    0.96                       0.4407198
                     1.7                     0.001541799
                     1.8                    0.0064764852
                     1.9                    0.0087400262
                       2                    0.0097547936
                     2.1                     0.011510993
                     2.2                     0.012812116
                     2.3                    0.0086563108
                     2.4                   0.00033891961
                     2.5                    0.0012260209
                     2.6                    0.0016366029
                     2.7                  7.3967995e-005
