        Frequency / GHz                System Tot. Efficiency [AC1]/abs,dB
----------------------------------------------------------------------
                     0.5                      -28.622322
              0.63157895                      -12.757037
              0.76315789                      -8.7829606
              0.89473684                      -9.8828275
               1.0263158                      -8.8922142
               1.1578947                      -10.117753
               1.2894737                      -10.284856
               1.4210526                       -9.851605
               1.5526316                      -8.4460234
               1.6842105                      -6.2926036
               1.8157895                      -8.0855982
               1.9473684                      -8.2984371
               2.0789474                      -3.3134798
               2.2105263                      -4.3012038
               2.3421053                      -7.9667066
               2.4736842                      -10.695924
               2.6052632                      -12.537007
               2.7368421                       -13.75675
               2.8684211                       -14.67735
                       3                      -15.371401

