        Frequency / GHz                System Tot. Efficiency [AC2]/abs,dB
----------------------------------------------------------------------
                    0.69                      -13.540116
                    0.78                       -13.11736
                    0.87                      -12.440832
                    0.96                      -12.442429
                     1.7                      -7.7132887
                     1.8                      -7.2387594
                     1.9                      -6.8814396
                       2                      -6.7457385
                     2.1                      -6.5938646
                     2.2                      -5.9948648
                     2.3                      -7.3988655
                     2.4                      -8.4161326
                     2.5                      -8.6167911
                     2.6                      -8.8852503
                     2.7                      -9.1820693

