Frequency    S1,1_[367]

                     0.5                    -0.049908933
                  0.5025                    -0.059118472
                   0.505                    -0.068977347
                  0.5075                    -0.079461822
                    0.51                    -0.090542449
                  0.5125                     -0.10218408
                   0.515                     -0.11434783
                  0.5175                     -0.12699043
                    0.52                     -0.14006703
                  0.5225                      -0.1535323
                   0.525                     -0.16734097
                  0.5275                     -0.18145123
                    0.53                     -0.19582478
                  0.5325                     -0.21042941
                   0.535                     -0.22524059
                  0.5375                     -0.24024308
                    0.54                     -0.25543391
                  0.5425                     -0.27082183
                   0.545                     -0.28643156
                  0.5475                     -0.30230394
                    0.55                     -0.31849898
                  0.5525                     -0.33509814
                   0.555                     -0.35220591
                  0.5575                      -0.3699528
                    0.56                     -0.38850047
                  0.5625                     -0.40804263
                   0.565                      -0.4288107
                  0.5675                     -0.45108057
                    0.57                     -0.47517524
                  0.5725                     -0.50147544
                   0.575                     -0.53042679
                  0.5775                     -0.56254991
                    0.58                     -0.59844935
                  0.5825                     -0.63883467
                   0.585                     -0.68452197
                  0.5875                     -0.73646561
                    0.59                     -0.79577233
                  0.5925                     -0.86371374
                   0.595                     -0.94176461
                  0.5975                      -1.0316093
                     0.6                      -1.1351844
                  0.6025                      -1.2546859
                   0.605                      -1.3925878
                  0.6075                      -1.5516684
                    0.61                      -1.7350122
                  0.6125                      -1.9459671
                   0.615                      -2.1881597
                  0.6175                      -2.4654426
                    0.62                      -2.7817824
                  0.6225                      -3.1412206
                   0.625                      -3.5476808
                  0.6275                      -4.0048901
                    0.63                      -4.5162153
                  0.6325                      -5.0843794
                   0.635                      -5.7113176
                  0.6375                      -6.3979204
                    0.64                      -7.1436076
                  0.6425                      -7.9457544
                   0.645                      -8.7987897
                  0.6475                      -9.6929555
                    0.65                      -10.612306
                  0.6525                      -11.532278
                   0.655                      -12.417492
                  0.6575                      -13.221512
                    0.66                      -13.891368
                  0.6625                      -14.378981
                   0.665                      -14.657146
                  0.6675                       -14.73023
                    0.67                      -14.631504
                  0.6725                      -14.409263
                   0.675                       -14.11183
                  0.6775                      -13.778703
                    0.68                      -13.438089
                  0.6825                      -13.108328
                   0.685                        -12.8003
                  0.6875                      -12.519974
                    0.69                      -12.269838
                  0.6925                       -12.05037
                   0.695                      -11.860825
                  0.6975                       -11.69929
                     0.7                      -11.563173
                  0.7025                      -11.449086
                   0.705                      -11.352743
                  0.7075                      -11.268838
                    0.71                      -11.190775
                  0.7125                      -11.110476
                   0.715                      -11.018394
                  0.7175                      -10.903735
                    0.72                       -10.75513
                  0.7225                      -10.561823
                   0.725                      -10.315316
                  0.7275                      -10.011074
                    0.73                      -9.6498773
                  0.7325                      -9.2381237
                   0.735                      -8.7870692
                  0.7375                      -8.3111056
                    0.74                      -7.8256358
                  0.7425                       -7.345227
                   0.745                      -6.8822198
                  0.7475                      -6.4460273
                    0.75                      -6.0430295
                  0.7525                      -5.6767954
                   0.755                      -5.3485857
                  0.7575                      -5.0578595
                    0.76                      -4.8028513
                  0.7625                      -4.5810093
                   0.765                      -4.3893816
                  0.7675                      -4.2248654
                    0.77                      -4.0844188
                  0.7725                      -3.9651711
                   0.775                      -3.8644871
                  0.7775                      -3.7799915
                    0.78                      -3.7095843
                  0.7825                       -3.651419
                   0.785                       -3.603883
                  0.7875                      -3.5655758
                    0.79                      -3.5352842
                  0.7925                      -3.5119547
                   0.795                      -3.4946665
                  0.7975                      -3.4826193
                     0.8                      -3.4751144
                  0.8025                      -3.4715291
                   0.805                      -3.4713156
                  0.8075                      -3.4739807
                    0.81                      -3.4790817
                  0.8125                       -3.486216
                   0.815                       -3.495012
                  0.8175                      -3.5051311
                    0.82                      -3.5162551
                  0.8225                      -3.5280899
                   0.825                      -3.5403556
                  0.8275                      -3.5527925
                    0.83                      -3.5651547
                  0.8325                      -3.5772095
                   0.835                      -3.5887386
                  0.8375                      -3.5995398
                    0.84                      -3.6094261
                  0.8425                      -3.6182212
                   0.845                      -3.6257699
                  0.8475                      -3.6319312
                    0.85                      -3.6365848
                  0.8525                       -3.639627
                   0.855                      -3.6409746
                  0.8575                      -3.6405651
                    0.86                       -3.638358
                  0.8625                      -3.6343329
                   0.865                      -3.6284907
                  0.8675                      -3.6208521
                    0.87                      -3.6114588
                  0.8725                      -3.6003716
                   0.875                      -3.5876662
                  0.8775                      -3.5734364
                    0.88                      -3.5577897
                  0.8825                      -3.5408411
                   0.885                      -3.5227218
                  0.8875                      -3.5035644
                    0.89                      -3.4835074
                  0.8925                      -3.4626926
                   0.895                      -3.4412612
                  0.8975                       -3.419351
                     0.9                      -3.3970996
                  0.9025                      -3.3746316
                   0.905                      -3.3520711
                  0.9075                      -3.3295293
                    0.91                      -3.3071087
                  0.9125                      -3.2849008
                   0.915                       -3.262984
                  0.9175                      -3.2414267
                    0.92                       -3.220283
                  0.9225                      -3.1995958
                   0.925                      -3.1793944
                  0.9275                      -3.1596983
                    0.93                       -3.140512
                  0.9325                      -3.1218302
                   0.935                      -3.1036373
                  0.9375                      -3.0859072
                    0.94                      -3.0686038
                  0.9425                      -3.0516836
                   0.945                      -3.0350959
                  0.9475                      -3.0187822
                    0.95                      -3.0026786
                  0.9525                      -2.9867174
                   0.955                      -2.9708268
                  0.9575                      -2.9549332
                    0.96                      -2.9389609
                  0.9625                      -2.9228346
                   0.965                      -2.9064803
                  0.9675                      -2.8898249
                    0.97                      -2.8727998
                  0.9725                      -2.8553388
                   0.975                      -2.8373824
                  0.9775                      -2.8188763
                    0.98                      -2.7997733
                  0.9825                       -2.780034
                   0.985                      -2.7596256
                  0.9875                      -2.7385262
                    0.99                      -2.7167207
                  0.9925                      -2.6942056
                   0.995                      -2.6709844
                  0.9975                      -2.6470711
                       1                      -2.6224881
                  1.0025                       -2.597266
                   1.005                      -2.5714469
                  1.0075                      -2.5450754
                    1.01                      -2.5182063
                  1.0125                      -2.4908994
                   1.015                      -2.4632215
                  1.0175                      -2.4352409
                    1.02                       -2.407031
                  1.0225                      -2.3786665
                   1.025                      -2.3502272
                  1.0275                      -2.3217895
                    1.03                      -2.2934297
                  1.0325                      -2.2652246
                   1.035                      -2.2372503
                  1.0375                       -2.209577
                    1.04                      -2.1822726
                  1.0425                      -2.1554023
                   1.045                      -2.1290275
                  1.0475                      -2.1032025
                    1.05                      -2.0779776
                  1.0525                      -2.0533975
                   1.055                       -2.029504
                  1.0575                      -2.0063298
                    1.06                      -1.9839027
                  1.0625                      -1.9622456
                   1.065                      -1.9413769
                  1.0675                      -1.9213075
                    1.07                      -1.9020425
                  1.0725                      -1.8835849
                   1.075                      -1.8659299
                  1.0775                      -1.8490673
                    1.08                      -1.8329856
                  1.0825                      -1.8176672
                   1.085                      -1.8030892
                  1.0875                       -1.789228
                    1.09                      -1.7760532
                  1.0925                      -1.7635342
                   1.095                      -1.7516362
                  1.0975                      -1.7403209
                     1.1                        -1.72955
                  1.1025                      -1.7192824
                   1.105                      -1.7094761
                  1.1075                      -1.7000871
                    1.11                      -1.6910717
                  1.1125                      -1.6823843
                   1.115                      -1.6739822
                  1.1175                        -1.66582
                    1.12                      -1.6578551
                  1.1225                      -1.6500451
                   1.125                      -1.6423496
                  1.1275                      -1.6347302
                    1.13                      -1.6271504
                  1.1325                      -1.6195756
                   1.135                      -1.6119751
                  1.1375                      -1.6043208
                    1.14                      -1.5965878
                  1.1425                      -1.5887545
                   1.145                      -1.5808034
                  1.1475                      -1.5727217
                    1.15                      -1.5644978
                  1.1525                      -1.5561263
                   1.155                      -1.5476055
                  1.1575                       -1.538936
                    1.16                      -1.5301238
                  1.1625                      -1.5211785
                   1.165                      -1.5121124
                  1.1675                      -1.5029417
                    1.17                      -1.4936844
                  1.1725                      -1.4843634
                   1.175                      -1.4750035
                  1.1775                      -1.4656294
                    1.18                      -1.4562706
                  1.1825                      -1.4469574
                   1.185                      -1.4377213
                  1.1875                      -1.4285944
                    1.19                      -1.4196091
                  1.1925                      -1.4107993
                   1.195                      -1.4021989
                  1.1975                      -1.3938396
                     1.2                       -1.385754
                  1.2025                      -1.3779747
                   1.205                      -1.3705309
                  1.2075                      -1.3634531
                    1.21                      -1.3567683
                  1.2125                      -1.3505026
                   1.215                      -1.3446804
                  1.2175                      -1.3393239
                    1.22                       -1.334452
                  1.2225                      -1.3300837
                   1.225                      -1.3262339
                  1.2275                      -1.3229148
                    1.23                      -1.3201376
                  1.2325                      -1.3179093
                   1.235                      -1.3162351
                  1.2375                      -1.3151172
                    1.24                      -1.3145558
                  1.2425                      -1.3145479
                   1.245                      -1.3150876
                  1.2475                      -1.3161666
                    1.25                      -1.3177745
                  1.2525                      -1.3198976
                   1.255                      -1.3225208
                  1.2575                      -1.3256259
                    1.26                      -1.3291928
                  1.2625                      -1.3331994
                   1.265                      -1.3376218
                  1.2675                       -1.342434
                    1.27                      -1.3476096
                  1.2725                      -1.3531196
                   1.275                      -1.3589349
                  1.2775                      -1.3650261
                    1.28                      -1.3713622
                  1.2825                      -1.3779126
                   1.285                      -1.3846468
                  1.2875                      -1.3915339
                    1.29                      -1.3985455
                  1.2925                      -1.4056542
                   1.295                      -1.4128317
                  1.2975                      -1.4200541
                     1.3                      -1.4272977
                  1.3025                      -1.4345423
                   1.305                      -1.4417687
                  1.3075                      -1.4489626
                    1.31                       -1.456112
                  1.3125                      -1.4632077
                   1.315                      -1.4702439
                  1.3175                      -1.4772192
                    1.32                      -1.4841359
                  1.3225                          -1.491
                   1.325                      -1.4978186
                  1.3275                      -1.5046085
                    1.33                       -1.511385
                  1.3325                      -1.5181708
                   1.335                      -1.5249899
                  1.3375                      -1.5318723
                    1.34                      -1.5388505
                  1.3425                      -1.5459587
                   1.345                      -1.5532386
                  1.3475                      -1.5607319
                    1.35                      -1.5684838
                  1.3525                      -1.5765435
                   1.355                      -1.5849633
                  1.3575                      -1.5937961
                    1.36                      -1.6030983
                  1.3625                      -1.6129306
                   1.365                      -1.6233519
                  1.3675                      -1.6344255
                    1.37                      -1.6462173
                  1.3725                      -1.6587925
                   1.375                      -1.6722195
                  1.3775                      -1.6865694
                    1.38                      -1.7019099
                  1.3825                      -1.7183172
                   1.385                      -1.7358611
                  1.3875                      -1.7546166
                    1.39                      -1.7746589
                  1.3925                      -1.7960667
                   1.395                      -1.8189128
                  1.3975                      -1.8432763
                     1.4                      -1.8692364
                  1.4025                      -1.8968702
                   1.405                      -1.9262575
                  1.4075                      -1.9574745
                    1.41                       -1.990603
                  1.4125                      -2.0257217
                   1.415                      -2.0629045
                  1.4175                       -2.102235
                    1.42                      -2.1437853
                  1.4225                      -2.1876323
                   1.425                      -2.2338439
                  1.4275                      -2.2824922
                    1.43                      -2.3336468
                  1.4325                      -2.3873655
                   1.435                      -2.4436993
                  1.4375                      -2.5027119
                    1.44                      -2.5644382
                  1.4425                      -2.6289153
                   1.445                      -2.6961663
                  1.4475                      -2.7662079
                    1.45                      -2.8390514
                  1.4525                      -2.9146822
                   1.455                      -2.9930851
                  1.4575                      -3.0742362
                    1.46                       -3.158091
                  1.4625                      -3.2445947
                   1.465                      -3.3336937
                  1.4675                      -3.4253198
                    1.47                      -3.5194092
                  1.4725                      -3.6158832
                   1.475                      -3.7146807
                  1.4775                      -3.8157467
                    1.48                      -3.9190287
                  1.4825                      -4.0244879
                   1.485                      -4.1321253
                  1.4875                      -4.2419424
                    1.49                      -4.3539812
                  1.4925                      -4.4683161
                   1.495                      -4.5850367
                  1.4975                      -4.7042889
                     1.5                      -4.8262316
                  1.5025                       -4.951077
                   1.505                      -5.0790509
                  1.5075                      -5.2104104
                    1.51                      -5.3454414
                  1.5125                      -5.4844559
                   1.515                      -5.6277447
                  1.5175                      -5.7756366
                    1.52                      -5.9284434
                  1.5225                      -6.0864327
                   1.525                      -6.2498605
                  1.5275                         -6.4189
                    1.53                       -6.593689
                  1.5325                      -6.7742379
                   1.535                       -6.960419
                  1.5375                      -7.1519658
                    1.54                      -7.3484077
                  1.5425                      -7.5490283
                   1.545                      -7.7528293
                  1.5475                      -7.9584843
                    1.55                      -8.1643417
                  1.5525                      -8.3683111
                   1.555                       -8.567893
                  1.5575                      -8.7602358
                    1.56                      -8.9420871
                  1.5625                      -9.1099278
                   1.565                      -9.2600986
                  1.5675                      -9.3889879
                    1.57                      -9.4932446
                  1.5725                      -9.5700095
                   1.575                      -9.6171612
                  1.5775                      -9.6335021
                    1.58                       -9.618864
                  1.5825                      -9.5741256
                   1.585                      -9.5011284
                  1.5875                      -9.4025166
                    1.59                       -9.281522
                  1.5925                      -9.1417162
                   1.595                      -8.9867915
                  1.5975                      -8.8203275
                     1.6                      -8.6457282
                  1.6025                      -8.4660445
                   1.605                      -8.2839618
                  1.6075                      -8.1017619
                    1.61                       -7.921337
                  1.6125                      -7.7442329
                   1.615                      -7.5716531
                  1.6175                      -7.4045189
                    1.62                      -7.2435358
                  1.6225                      -7.0891696
                   1.625                      -6.9417343
                  1.6275                      -6.8014173
                    1.63                      -6.6682857
                  1.6325                       -6.542315
                   1.635                      -6.4234432
                  1.6375                      -6.3115269
                    1.64                       -6.206409
                  1.6425                      -6.1078988
                   1.645                      -6.0157924
                  1.6475                      -5.9298777
                    1.65                      -5.8499281
                  1.6525                        -5.77573
                   1.655                      -5.7070729
                  1.6575                      -5.6437428
                    1.66                      -5.5855368
                  1.6625                      -5.5322698
                   1.665                      -5.4837518
                  1.6675                      -5.4398163
                    1.67                       -5.400296
                  1.6725                      -5.3650424
                   1.675                      -5.3339169
                  1.6775                      -5.3067809
                    1.68                        -5.28352
                  1.6825                      -5.2640241
                   1.685                      -5.2481874
                  1.6875                      -5.2359169
                    1.69                      -5.2271314
                  1.6925                      -5.2217518
                   1.695                      -5.2197102
                  1.6975                      -5.2209457
                     1.7                      -5.2254033
                  1.7025                      -5.2330333
                   1.705                      -5.2437934
                  1.7075                      -5.2576475
                    1.71                      -5.2745646
                  1.7125                      -5.2945155
                   1.715                      -5.3174799
                  1.7175                      -5.3434418
                    1.72                      -5.3723856
                  1.7225                       -5.404299
                   1.725                      -5.4391797
                  1.7275                      -5.4770193
                    1.73                      -5.5178215
                  1.7325                       -5.561583
                   1.735                      -5.6083096
                  1.7375                      -5.6580098
                    1.74                       -5.710684
                  1.7425                      -5.7663462
                   1.745                      -5.8250016
                  1.7475                      -5.8866544
                    1.75                       -5.951315
                  1.7525                      -6.0189935
                   1.755                      -6.0896869
                  1.7575                      -6.1634042
                    1.76                      -6.2401364
                  1.7625                      -6.3198869
                   1.765                      -6.4026391
                  1.7675                      -6.4883752
                    1.77                      -6.5770749
                  1.7725                      -6.6687154
                   1.775                      -6.7632495
                  1.7775                      -6.8606364
                    1.78                      -6.9608254
                  1.7825                      -7.0637495
                   1.785                      -7.1693315
                  1.7875                       -7.277476
                    1.79                      -7.3881114
                  1.7925                      -7.5011221
                   1.795                      -7.6163825
                  1.7975                      -7.7337777
                     1.8                      -7.8531762
                  1.8025                      -7.9744345
                   1.805                       -8.097402
                  1.8075                      -8.2219077
                    1.81                      -8.3478194
                  1.8125                      -8.4749643
                   1.815                      -8.6031666
                  1.8175                      -8.7322886
                    1.82                      -8.8621552
                  1.8225                       -8.992613
                   1.825                      -9.1235023
                  1.8275                      -9.2546898
                    1.83                      -9.3860422
                  1.8325                      -9.5174313
                   1.835                      -9.6487406
                  1.8375                      -9.7798775
                    1.84                      -9.9107465
                  1.8425                       -10.04126
                   1.845                      -10.171368
                  1.8475                      -10.301006
                    1.85                      -10.430129
                  1.8525                      -10.558697
                   1.855                      -10.686681
                  1.8575                      -10.814072
                    1.86                      -10.940829
                  1.8625                      -11.066936
                   1.865                      -11.192383
                  1.8675                      -11.317127
                    1.87                      -11.441143
                  1.8725                        -11.5644
                   1.875                      -11.686833
                  1.8775                      -11.808391
                    1.88                      -11.928972
                  1.8825                      -12.048498
                   1.885                      -12.166829
                  1.8875                      -12.283821
                    1.89                      -12.399318
                  1.8925                      -12.513126
                   1.895                      -12.625021
                  1.8975                      -12.734766
                     1.9                      -12.842087
                  1.9025                      -12.946704
                   1.905                      -13.048291
                  1.9075                      -13.146504
                    1.91                      -13.241019
                  1.9125                      -13.331455
                   1.915                      -13.417436
                  1.9175                      -13.498594
                    1.92                      -13.574564
                  1.9225                       -13.64498
                   1.925                       -13.70949
                  1.9275                      -13.767772
                    1.93                      -13.819546
                  1.9325                      -13.864549
                   1.935                      -13.902558
                  1.9375                      -13.933423
                    1.94                      -13.957012
                  1.9425                      -13.973264
                   1.945                      -13.982162
                  1.9475                      -13.983745
                    1.95                      -13.978114
                  1.9525                      -13.965397
                   1.955                       -13.94578
                  1.9575                      -13.919488
                    1.96                      -13.886775
                  1.9625                      -13.847926
                   1.965                      -13.803241
                  1.9675                      -13.753036
                    1.97                      -13.697647
                  1.9725                        -13.6374
                   1.975                      -13.572632
                  1.9775                      -13.503666
                    1.98                      -13.430809
                  1.9825                        -13.3544
                   1.985                      -13.274708
                  1.9875                      -13.192042
                    1.99                      -13.106652
                  1.9925                      -13.018798
                   1.995                       -12.92873
                  1.9975                      -12.836685
                       2                       -12.74287
                  2.0025                      -12.647493
                   2.005                      -12.550757
                  2.0075                      -12.452856
                    2.01                      -12.353981
                  2.0125                      -12.254269
                   2.015                      -12.153931
                  2.0175                      -12.053084
                    2.02                       -11.95192
                  2.0225                      -11.850577
                   2.025                      -11.749198
                  2.0275                      -11.647926
                    2.03                      -11.546897
                  2.0325                      -11.446232
                   2.035                      -11.346052
                  2.0375                      -11.246483
                    2.04                       -11.14762
                  2.0425                      -11.049582
                   2.045                      -10.952442
                  2.0475                      -10.856301
                    2.05                      -10.761229
                  2.0525                      -10.667285
                   2.055                      -10.574525
                  2.0575                      -10.482987
                    2.06                      -10.392715
                  2.0625                      -10.303728
                   2.065                      -10.216014
                  2.0675                      -10.129581
                    2.07                      -10.044415
                  2.0725                      -9.9604719
                   2.075                      -9.8777025
                  2.0775                      -9.7960411
                    2.08                      -9.7154464
                  2.0825                      -9.6358069
                   2.085                       -9.557044
                  2.0875                      -9.4790309
                    2.09                      -9.4016683
                  2.0925                      -9.3248377
                   2.095                      -9.2483896
                  2.0975                      -9.1721891
                     2.1                      -9.0961183
                  2.1025                      -9.0200168
                   2.105                       -8.943759
                  2.1075                      -8.8672097
                    2.11                      -8.7902271
                  2.1125                      -8.7127012
                   2.115                       -8.634509
                  2.1175                      -8.5555613
                    2.12                      -8.4757579
                  2.1225                      -8.3950518
                   2.125                       -8.313362
                  2.1275                      -8.2306871
                    2.13                      -8.1469757
                  2.1325                      -8.0622526
                   2.135                      -7.9765356
                  2.1375                      -7.8898697
                    2.14                      -7.8023091
                  2.1425                      -7.7139447
                   2.145                      -7.6248687
                  2.1475                      -7.5351938
                    2.15                      -7.4450429
                  2.1525                      -7.3545452
                   2.155                       -7.263865
                  2.1575                      -7.1731382
                    2.16                      -7.0825406
                  2.1625                       -6.992228
                   2.165                      -6.9023388
                  2.1675                      -6.8130653
                    2.17                      -6.7245285
                  2.1725                      -6.6368964
                   2.175                      -6.5503048
                  2.1775                      -6.4648772
                    2.18                      -6.3807483
                  2.1825                      -6.2980291
                   2.185                      -6.2167858
                  2.1875                       -6.137127
                    2.19                      -6.0591108
                  2.1925                      -5.9827866
                   2.195                      -5.9082052
                  2.1975                      -5.8353765
                     2.2                        -5.76433
                  2.2025                       -5.695038
                   2.205                      -5.6274786
                  2.2075                      -5.5616408
                    2.21                      -5.4974502
                  2.2125                      -5.4348656
                   2.215                      -5.3738039
                  2.2175                      -5.3141732
                    2.22                      -5.2558948
                  2.2225                       -5.198842
                   2.225                      -5.1428999
                  2.2275                      -5.0879448
                    2.23                       -5.033848
                  2.2325                      -4.9804511
                   2.235                      -4.9276309
                  2.2375                      -4.8752274
                    2.24                      -4.8230944
                  2.2425                      -4.7710747
                   2.245                      -4.7190225
                  2.2475                      -4.6667997
                    2.25                      -4.6142574
                  2.2525                      -4.5612701
                   2.255                      -4.5077249
                  2.2575                      -4.4534965
                    2.26                      -4.3985131
                  2.2625                      -4.3426788
                   2.265                      -4.2859432
                  2.2675                      -4.2282749
                    2.27                      -4.1696487
                  2.2725                      -4.1100706
                   2.275                      -4.0495788
                  2.2775                      -3.9882146
                    2.28                      -3.9260646
                  2.2825                      -3.8632273
                   2.285                       -3.799818
                  2.2875                      -3.7359917
                    2.29                      -3.6718983
                  2.2925                      -3.6077358
                   2.295                      -3.5436875
                  2.2975                      -3.4799578
                     2.3                      -3.4167712
                  2.3025                       -3.354354
                   2.305                      -3.2929212
                  2.3075                      -3.2327174
                    2.31                      -3.1739716
                  2.3125                      -3.1168874
                   2.315                       -3.061697
                  2.3175                      -3.0086001
                    2.32                      -2.9578002
                  2.3225                      -2.9094785
                   2.325                      -2.8637993
                  2.3275                      -2.8209269
                    2.33                      -2.7809981
                  2.3325                      -2.7441366
                   2.335                       -2.710453
                  2.3375                      -2.6800371
                    2.34                      -2.6529732
                  2.3425                      -2.6293253
                   2.345                      -2.6091454
                  2.3475                      -2.5924758
                    2.35                      -2.5793512
                  2.3525                      -2.5697914
                   2.355                       -2.563815
                  2.3575                      -2.5614341
                    2.36                      -2.5626517
                  2.3625                      -2.5674787
                   2.365                      -2.5759182
                  2.3675                      -2.5879705
                    2.37                      -2.6036514
                  2.3725                      -2.6229646
                   2.375                       -2.645928
                  2.3775                      -2.6725689
                    2.38                      -2.7029033
                  2.3825                      -2.7369767
                   2.385                      -2.7748329
                  2.3875                      -2.8165193
                    2.39                      -2.8621082
                  2.3925                      -2.9116824
                   2.395                      -2.9653192
                  2.3975                      -3.0231312
                     2.4                      -3.0852243
                  2.4025                      -3.1517313
                   2.405                       -3.222801
                  2.4075                      -3.2985912
                    2.41                       -3.379288
                  2.4125                      -3.4650636
                   2.415                      -3.5561361
                  2.4175                      -3.6527378
                    2.42                      -3.7550823
                  2.4225                       -3.863417
                   2.425                       -3.978035
                  2.4275                      -4.0991662
                    2.43                      -4.2270893
                  2.4325                      -4.3620765
                   2.435                      -4.5043467
                  2.4375                      -4.6541473
                    2.44                      -4.8116238
                  2.4425                       -4.976879
                   2.445                      -5.1499834
                  2.4475                      -5.3307691
                    2.45                      -5.5189841
                  2.4525                      -5.7140715
                   2.455                      -5.9152293
                  2.4575                      -6.1212689
                    2.46                       -6.330438
                  2.4625                      -6.5405236
                   2.465                      -6.7485526
                  2.4675                      -6.9507002
                    2.47                      -7.1423496
                  2.4725                      -7.3179913
                   2.475                      -7.4712981
                  2.4775                      -7.5954524
                    2.48                      -7.6834598
                  2.4825                       -7.728802
                   2.485                      -7.7260447
                  2.4875                       -7.671546
                    2.49                      -7.5640191
                  2.4925                       -7.404817
                   2.495                      -7.1977729
                  2.4975                      -6.9488862
                     2.5                      -6.6656343
                  2.5025                      -6.3562454
                   2.505                      -6.0290443
                  2.5075                      -5.6920046
                    2.51                      -5.3521817
                  2.5125                      -5.0156191
                   2.515                      -4.6873949
                  2.5175                      -4.3712629
                    2.52                      -4.0702112
                  2.5225                      -3.7861986
                   2.525                      -3.5204342
                  2.5275                      -3.2735781
                    2.53                      -3.0456903
                  2.5325                      -2.8365306
                   2.535                      -2.6455153
                  2.5375                      -2.4718151
                    2.54                      -2.3145603
                  2.5425                      -2.1727365
                   2.545                      -2.0452821
                  2.5475                      -1.9311684
                    2.55                      -1.8293491
                  2.5525                      -1.7388221
                   2.555                      -1.6586254
                  2.5575                      -1.5878415
                    2.56                      -1.5256343
                  2.5625                      -1.4711935
                   2.565                      -1.4237738
                  2.5675                      -1.3826914
                    2.57                      -1.3473017
                  2.5725                      -1.3170198
                   2.575                      -1.2912878
                  2.5775                      -1.2695989
                    2.58                      -1.2514858
                  2.5825                      -1.2365052
                   2.585                      -1.2242493
                  2.5875                       -1.214337
                    2.59                      -1.2064094
                  2.5925                      -1.2001312
                   2.595                      -1.1951854
                  2.5975                      -1.1912744
                     2.6                      -1.1881186
                  2.6025                      -1.1854537
                   2.605                      -1.1830298
                  2.6075                      -1.1806133
                    2.61                      -1.1779867
                  2.6125                      -1.1749462
                   2.615                      -1.1713055
                  2.6175                      -1.1668958
                    2.62                      -1.1615673
                  2.6225                      -1.1551847
                   2.625                      -1.1476382
                  2.6275                      -1.1388384
                    2.63                      -1.1287155
                  2.6325                      -1.1172242
                   2.635                      -1.1043446
                  2.6375                      -1.0900779
                    2.64                      -1.0744527
                  2.6425                       -1.057518
                   2.645                      -1.0393424
                  2.6475                      -1.0200253
                    2.65                     -0.99967082
                  2.6525                     -0.97841213
                   2.655                     -0.95639045
                  2.6575                     -0.93375659
                    2.66                      -0.9106778
                  2.6625                     -0.88731875
                   2.665                     -0.86384932
                  2.6675                     -0.84043811
                    2.67                      -0.8172513
                  2.6725                     -0.79444586
                   2.675                     -0.77217722
                  2.6775                     -0.75058262
                    2.68                     -0.72979549
                  2.6825                     -0.70993267
                   2.685                     -0.69109231
                  2.6875                     -0.67336704
                    2.69                     -0.65683012
                  2.6925                       -0.641544
                   2.695                     -0.62755361
                  2.6975                      -0.6148906
                     2.7                     -0.60357807
                  2.7025                     -0.59362358
                   2.705                     -0.58502106
                  2.7075                     -0.57776079
                    2.71                     -0.57181751
                  2.7125                     -0.56716058
                   2.715                     -0.56375105
                  2.7175                     -0.56154295
                    2.72                     -0.56048245
                  2.7225                     -0.56051193
                   2.725                     -0.56156907
                  2.7275                     -0.56358549
                    2.73                     -0.56649034
                  2.7325                     -0.57020717
                   2.735                      -0.5746603
                  2.7375                     -0.57976821
                    2.74                     -0.58544666
                  2.7425                     -0.59161275
                   2.745                     -0.59818056
                  2.7475                     -0.60506154
                    2.75                     -0.61216783
                  2.7525                     -0.61941222
                   2.755                      -0.6267046
                  2.7575                     -0.63395809
                    2.76                     -0.64108723
                  2.7625                     -0.64800714
                   2.765                     -0.65463748
                  2.7675                     -0.66089814
                    2.77                      -0.6667165
                  2.7725                     -0.67202345
                   2.775                     -0.67675522
                  2.7775                     -0.68085816
                    2.78                     -0.68428139
                  2.7825                     -0.68698655
                   2.785                     -0.68894254
                  2.7875                     -0.69012825
                    2.79                     -0.69053296
                  2.7925                     -0.69015731
                   2.795                     -0.68901268
                  2.7975                     -0.68712075
                     2.8                     -0.68451471
                  2.8025                     -0.68123735
                   2.805                     -0.67734245
                  2.8075                     -0.67289182
                    2.81                     -0.66795624
                  2.8125                     -0.66261328
                   2.815                     -0.65694551
                  2.8175                     -0.65104077
                    2.82                      -0.6449921
                  2.8225                     -0.63889152
                   2.825                     -0.63283377
                  2.8275                     -0.62691193
                    2.83                     -0.62121968
                  2.8325                     -0.61584416
                   2.835                     -0.61087274
                  2.8375                     -0.60638605
                    2.84                     -0.60246134
                  2.8425                     -0.59916902
                   2.845                     -0.59657454
                  2.8475                     -0.59473659
                    2.85                     -0.59370826
                  2.8525                     -0.59353553
                   2.855                     -0.59425953
                  2.8575                     -0.59591454
                    2.86                     -0.59852853
                  2.8625                     -0.60212541
                   2.865                     -0.60672361
                  2.8675                     -0.61233429
                    2.87                     -0.61896807
                  2.8725                     -0.62662881
                   2.875                     -0.63531575
                  2.8775                     -0.64502646
                    2.88                     -0.65575268
                  2.8825                     -0.66748457
                   2.885                      -0.6802104
                  2.8875                     -0.69390962
                    2.89                     -0.70856897
                  2.8925                     -0.72416242
                   2.895                      -0.7406673
                  2.8975                      -0.7580577
                     2.9                     -0.77630125
                  2.9025                     -0.79536715
                   2.905                     -0.81522062
                  2.9075                     -0.83582432
                    2.91                     -0.85713785
                  2.9125                     -0.87912017
                   2.915                     -0.90172226
                  2.9175                     -0.92489932
                    2.92                     -0.94859588
                  2.9225                     -0.97276057
                   2.925                     -0.99733719
                  2.9275                      -1.0222672
                    2.93                      -1.0474925
                  2.9325                      -1.0729463
                   2.935                      -1.0985664
                  2.9375                      -1.1242922
                    2.94                      -1.1500533
                  2.9425                      -1.1757853
                   2.945                      -1.2014334
                  2.9475                      -1.2269284
                    2.95                      -1.2522148
                  2.9525                      -1.2772402
                   2.955                      -1.3019501
                  2.9575                      -1.3263045
                    2.96                      -1.3502611
                  2.9625                      -1.3737891
                   2.965                      -1.3968729
                  2.9675                       -1.419491
                    2.97                      -1.4416436
                  2.9725                       -1.463331
                   2.975                      -1.4845691
                  2.9775                      -1.5053848
                    2.98                      -1.5258047
                  2.9825                      -1.5458781
                   2.985                       -1.565657
                  2.9875                      -1.5851957
                    2.99                       -1.604563
                  2.9925                      -1.6238334
                   2.995                      -1.6430808
                  2.9975                      -1.6623901
                       3                      -1.6818397
