Frequency    S1,1_[343]

                     0.5                    -0.065574906
                  0.5025                    -0.078162955
                   0.505                    -0.091781965
                  0.5075                     -0.10642362
                    0.51                      -0.1220723
                  0.5125                     -0.13870493
                   0.515                     -0.15629346
                  0.5175                     -0.17480389
                    0.52                     -0.19420011
                  0.5225                     -0.21444537
                   0.525                     -0.23550318
                  0.5275                     -0.25734228
                    0.53                     -0.27993695
                  0.5325                     -0.30327115
                   0.535                     -0.32734122
                  0.5375                     -0.35215895
                    0.54                     -0.37775671
                  0.5425                     -0.40418755
                   0.545                     -0.43153279
                  0.5475                     -0.45990357
                    0.55                     -0.48944718
                  0.5525                     -0.52035251
                   0.555                     -0.55285483
                  0.5575                     -0.58724329
                    0.56                     -0.62387218
                  0.5625                     -0.66316638
                   0.565                     -0.70563441
                  0.5675                     -0.75188512
                    0.57                     -0.80263731
                  0.5725                     -0.85874355
                   0.575                     -0.92120882
                  0.5775                     -0.99121439
                    0.58                      -1.0701382
                  0.5825                      -1.1595961
                   0.585                      -1.2614412
                  0.5875                       -1.377815
                    0.59                      -1.5111535
                  0.5925                      -1.6641688
                   0.595                      -1.8398601
                  0.5975                      -2.0414202
                     0.6                      -2.2721656
                  0.6025                      -2.5353288
                   0.605                      -2.8337874
                  0.6075                      -3.1697224
                    0.61                      -3.5441178
                  0.6125                      -3.9560825
                   0.615                      -4.4022424
                  0.6175                      -4.8760064
                    0.62                      -5.3669069
                  0.6225                      -5.8604331
                   0.625                      -6.3383011
                  0.6275                      -6.7799145
                    0.63                      -7.1647124
                  0.6325                      -7.4753586
                   0.635                      -7.7008904
                  0.6375                      -7.8386819
                    0.64                      -7.8942144
                  0.6425                      -7.8791739
                   0.645                      -7.8084492
                  0.6475                      -7.6974127
                    0.65                      -7.5600085
                  0.6525                      -7.4077036
                   0.655                      -7.2493884
                  0.6575                      -7.0915056
                    0.66                      -6.9385561
                  0.6625                      -6.7934672
                   0.665                      -6.6580794
                  0.6675                      -6.5334073
                    0.67                      -6.4198939
                  0.6725                      -6.3176072
                   0.675                      -6.2263497
                  0.6775                      -6.1457835
                    0.68                      -6.0754501
                  0.6825                      -6.0148251
                   0.685                      -5.9632961
                  0.6875                      -5.9202336
                    0.69                      -5.8848703
                  0.6925                       -5.856365
                   0.695                      -5.8337843
                  0.6975                      -5.8159591
                     0.7                      -5.8015212
                  0.7025                      -5.7888075
                   0.705                      -5.7758026
                  0.7075                      -5.7601177
                    0.71                      -5.7389408
                  0.7125                      -5.7090474
                   0.715                      -5.6669088
                  0.7175                      -5.6088622
                    0.72                      -5.5313929
                  0.7225                      -5.4315258
                   0.725                      -5.3072783
                  0.7275                      -5.1580888
                    0.73                      -4.9851451
                  0.7325                      -4.7914462
                   0.735                      -4.5816184
                  0.7375                      -4.3614557
                    0.74                      -4.1372712
                  0.7425                      -3.9152628
                   0.745                      -3.7009285
                  0.7475                      -3.4986856
                    0.75                      -3.3117147
                  0.7525                      -3.1419598
                   0.755                      -2.9902853
                  0.7575                      -2.8566703
                    0.76                      -2.7404589
                  0.7625                      -2.6405673
                   0.765                      -2.5556699
                  0.7675                      -2.4843274
                    0.77                      -2.4250973
                  0.7725                      -2.3765947
                   0.775                      -2.3375292
                  0.7775                      -2.3067241
                    0.78                      -2.2831271
                  0.7825                      -2.2658017
                   0.785                      -2.2539222
                  0.7875                      -2.2467628
                    0.79                      -2.2436889
                  0.7925                       -2.244142
                   0.795                       -2.247628
                  0.7975                      -2.2537117
                     0.8                      -2.2620088
                  0.8025                      -2.2721705
                   0.805                      -2.2838857
                  0.8075                      -2.2968703
                    0.81                      -2.3108651
                  0.8125                      -2.3256315
                   0.815                      -2.3409452
                  0.8175                      -2.3566008
                    0.82                      -2.3724028
                  0.8225                      -2.3881697
                   0.825                      -2.4037273
                  0.8275                      -2.4189152
                    0.83                      -2.4335813
                  0.8325                      -2.4475829
                   0.835                      -2.4607875
                  0.8375                       -2.473075
                    0.84                      -2.4843366
                  0.8425                      -2.4944719
                   0.845                      -2.5033969
                  0.8475                      -2.5110386
                    0.85                      -2.5173393
                  0.8525                       -2.522254
                   0.855                      -2.5257523
                  0.8575                      -2.5278191
                    0.86                      -2.5284545
                  0.8625                      -2.5276718
                   0.865                      -2.5254989
                  0.8675                      -2.5219763
                    0.87                      -2.5171572
                  0.8725                      -2.5111069
                   0.875                      -2.5038988
                  0.8775                      -2.4956163
                    0.88                      -2.4863507
                  0.8825                      -2.4761954
                   0.885                      -2.4652529
                  0.8875                      -2.4536239
                    0.89                      -2.4414113
                  0.8925                      -2.4287177
                   0.895                       -2.415643
                  0.8975                      -2.4022837
                     0.9                      -2.3887334
                  0.9025                      -2.3750762
                   0.905                      -2.3613936
                  0.9075                      -2.3477581
                    0.91                      -2.3342349
                  0.9125                      -2.3208807
                   0.915                      -2.3077428
                  0.9175                      -2.2948616
                    0.92                      -2.2822668
                  0.9225                      -2.2699809
                   0.925                      -2.2580164
                  0.9275                      -2.2463797
                    0.93                      -2.2350668
                  0.9325                      -2.2240672
                   0.935                      -2.2133635
                  0.9375                      -2.2029318
                    0.94                      -2.1927417
                  0.9425                      -2.1827578
                   0.945                      -2.1729409
                  0.9475                      -2.1632465
                    0.95                      -2.1536273
                  0.9525                       -2.144034
                   0.955                      -2.1344152
                  0.9575                      -2.1247189
                    0.96                      -2.1148928
                  0.9625                      -2.1048851
                   0.965                      -2.0946462
                  0.9675                      -2.0841273
                    0.97                      -2.0732842
                  0.9725                      -2.0620746
                   0.975                      -2.0504613
                  0.9775                      -2.0384118
                    0.98                      -2.0258989
                  0.9825                      -2.0129007
                   0.985                      -1.9994011
                  0.9875                      -1.9853911
                    0.99                       -1.970867
                  0.9925                      -1.9558328
                   0.995                      -1.9402975
                  0.9975                      -1.9242772
                       1                      -1.9077936
                  1.0025                      -1.8908736
                   1.005                       -1.873552
                  1.0075                      -1.8558643
                    1.01                      -1.8378534
                  1.0125                      -1.8195644
                   1.015                      -1.8010471
                  1.0175                      -1.7823516
                    1.02                      -1.7635314
                  1.0225                      -1.7446398
                   1.025                      -1.7257337
                  1.0275                      -1.7068668
                    1.03                      -1.6880929
                  1.0325                      -1.6694652
                   1.035                      -1.6510362
                  1.0375                      -1.6328545
                    1.04                      -1.6149666
                  1.0425                      -1.5974169
                   1.045                      -1.5802471
                  1.0475                       -1.563494
                    1.05                      -1.5471914
                  1.0525                      -1.5313694
                   1.055                      -1.5160557
                  1.0575                      -1.5012719
                    1.06                      -1.4870364
                  1.0625                      -1.4733636
                   1.065                      -1.4602653
                  1.0675                      -1.4477478
                    1.07                      -1.4358136
                  1.0725                      -1.4244634
                   1.075                      -1.4136927
                  1.0775                      -1.4034928
                    1.08                      -1.3938546
                  1.0825                      -1.3847641
                   1.085                      -1.3762038
                  1.0875                      -1.3681558
                    1.09                      -1.3605971
                  1.0925                      -1.3535045
                   1.095                      -1.3468517
                  1.0975                      -1.3406103
                     1.1                      -1.3347513
                  1.1025                       -1.329244
                   1.105                      -1.3240569
                  1.1075                       -1.319157
                    1.11                      -1.3145117
                  1.1125                      -1.3100871
                   1.115                      -1.3058512
                  1.1175                      -1.3017701
                    1.12                      -1.2978123
                  1.1225                      -1.2939465
                   1.125                      -1.2901425
                  1.1275                       -1.286372
                    1.13                      -1.2826088
                  1.1325                      -1.2788273
                   1.135                      -1.2750053
                  1.1375                      -1.2711229
                    1.14                      -1.2671627
                  1.1425                      -1.2631096
                   1.145                      -1.2589519
                  1.1475                      -1.2546813
                    1.15                      -1.2502915
                  1.1525                      -1.2457797
                   1.155                      -1.2411466
                  1.1575                       -1.236395
                    1.16                      -1.2315316
                  1.1625                      -1.2265659
                   1.165                      -1.2215092
                  1.1675                      -1.2163767
                    1.17                      -1.2111843
                  1.1725                      -1.2059519
                   1.175                       -1.200701
                  1.1775                      -1.1954529
                    1.18                       -1.190233
                  1.1825                      -1.1850668
                   1.185                      -1.1799812
                  1.1875                      -1.1750034
                    1.19                      -1.1701612
                  1.1925                      -1.1654832
                   1.195                      -1.1609983
                  1.1975                      -1.1567341
                     1.2                      -1.1527181
                  1.2025                      -1.1489787
                   1.205                      -1.1455414
                  1.2075                      -1.1424327
                    1.21                      -1.1396768
                  1.2125                      -1.1372969
                   1.215                      -1.1353152
                  1.2175                      -1.1337521
                    1.22                      -1.1326256
                  1.2225                      -1.1319533
                   1.225                      -1.1317507
                  1.2275                      -1.1320297
                    1.23                      -1.1328025
                  1.2325                      -1.1340783
                   1.235                      -1.1358633
                  1.2375                      -1.1381626
                    1.24                      -1.1409791
                  1.2425                      -1.1443134
                   1.245                      -1.1481633
                  1.2475                      -1.1525244
                    1.25                      -1.1573912
                  1.2525                      -1.1627546
                   1.255                      -1.1686048
                  1.2575                      -1.1749292
                    1.26                      -1.1817134
                  1.2625                      -1.1889412
                   1.265                      -1.1965946
                  1.2675                      -1.2046539
                    1.27                      -1.2130996
                  1.2725                      -1.2219086
                   1.275                      -1.2310586
                  1.2775                       -1.240527
                    1.28                      -1.2502895
                  1.2825                       -1.260322
                   1.285                      -1.2706009
                  1.2875                      -1.2811017
                    1.29                      -1.2918034
                  1.2925                      -1.3026849
                   1.295                      -1.3137244
                  1.2975                      -1.3249055
                     1.3                      -1.3362106
                  1.3025                      -1.3476264
                   1.305                      -1.3591402
                  1.3075                      -1.3707449
                    1.31                      -1.3824355
                  1.3125                      -1.3942096
                   1.315                       -1.406068
                  1.3175                      -1.4180174
                    1.32                      -1.4300676
                  1.3225                      -1.4422324
                   1.325                      -1.4545259
                  1.3275                      -1.4669747
                    1.33                      -1.4796025
                  1.3325                      -1.4924416
                   1.335                      -1.5055255
                  1.3375                      -1.5188961
                    1.34                      -1.5325968
                  1.3425                      -1.5466741
                   1.345                      -1.5611836
                  1.3475                      -1.5761813
                    1.35                      -1.5917282
                  1.3525                      -1.6078912
                   1.355                      -1.6247412
                  1.3575                      -1.6423517
                    1.36                      -1.6608011
                  1.3625                      -1.6801755
                   1.365                      -1.7005596
                  1.3675                      -1.7220455
                    1.37                       -1.744731
                  1.3725                      -1.7687162
                   1.375                      -1.7941056
                  1.3775                      -1.8210127
                    1.38                      -1.8495469
                  1.3825                      -1.8798349
                   1.385                      -1.9119961
                  1.3875                      -1.9461606
                    1.39                      -1.9824653
                  1.3925                      -2.0210545
                   1.395                      -2.0620677
                  1.3975                      -2.1056609
                     1.4                      -2.1519947
                  1.4025                      -2.2012305
                   1.405                      -2.2535412
                  1.4075                      -2.3090993
                    1.41                      -2.3680944
                  1.4125                      -2.4307163
                   1.415                      -2.4971538
                  1.4175                      -2.5676216
                    1.42                      -2.6423222
                  1.4225                      -2.7214742
                   1.425                      -2.8052905
                  1.4275                      -2.8940006
                    1.43                      -2.9878413
                  1.4325                       -3.087037
                   1.435                      -3.1918134
                  1.4375                      -3.3024304
                    1.44                      -3.4191107
                  1.4425                      -3.5420922
                   1.445                      -3.6716036
                  1.4475                      -3.8078774
                    1.45                       -3.951153
                  1.4525                      -4.1016386
                   1.455                      -4.2595605
                  1.4575                      -4.4251495
                    1.46                      -4.5986185
                  1.4625                      -4.7801787
                   1.465                      -4.9700751
                  1.4675                      -5.1685397
                    1.47                      -5.3758469
                  1.4725                      -5.5922629
                   1.475                      -5.8181157
                  1.4775                      -6.0537779
                    1.48                      -6.2996467
                  1.4825                      -6.5561668
                   1.485                      -6.8238963
                  1.4875                      -7.1033974
                    1.49                      -7.3953238
                  1.4925                      -7.7003859
                   1.495                      -8.0192827
                  1.4975                      -8.3527729
                     1.5                      -8.7015049
                  1.5025                      -9.0660553
                   1.505                      -9.4467079
                  1.5075                      -9.8433336
                    1.51                      -10.255176
                  1.5125                      -10.680512
                   1.515                      -11.116097
                  1.5175                      -11.556779
                    1.52                       -11.99468
                  1.5225                      -12.418422
                   1.525                      -12.812705
                  1.5275                      -13.158159
                    1.53                      -13.432556
                  1.5325                      -13.613251
                   1.535                      -13.681322
                  1.5375                      -13.626045
                    1.54                      -13.447866
                  1.5425                      -13.158475
                   1.545                      -12.777817
                  1.5475                      -12.329647
                    1.55                      -11.837242
                  1.5525                      -11.321065
                   1.555                      -10.797414
                  1.5575                      -10.278422
                    1.56                      -9.7726853
                  1.5625                      -9.2859996
                   1.565                      -8.8219598
                  1.5675                      -8.3825465
                    1.57                       -7.968657
                  1.5725                      -7.5804241
                   1.575                      -7.2174679
                  1.5775                      -6.8789403
                    1.58                      -6.5638918
                  1.5825                      -6.2711847
                   1.585                      -5.9995914
                  1.5875                      -5.7478896
                    1.59                      -5.5148345
                  1.5925                      -5.2992303
                   1.595                      -5.0999085
                  1.5975                       -4.915731
                     1.6                      -4.7456576
                  1.6025                      -4.5886855
                   1.605                      -4.4438755
                  1.6075                      -4.3103534
                    1.61                      -4.1872977
                  1.6125                      -4.0739586
                   1.615                      -3.9696297
                  1.6175                      -3.8736604
                    1.62                      -3.7854657
                  1.6225                      -3.7044885
                   1.625                      -3.6302251
                  1.6275                      -3.5622177
                    1.63                       -3.500041
                  1.6325                      -3.4433032
                   1.635                      -3.3916582
                  1.6375                      -3.3447759
                    1.64                      -3.3023641
                  1.6425                      -3.2641541
                   1.645                      -3.2299013
                  1.6475                      -3.1993834
                    1.65                      -3.1723967
                  1.6525                      -3.1487593
                   1.655                      -3.1283067
                  1.6575                      -3.1108873
                    1.66                      -3.0963657
                  1.6625                      -3.0846232
                   1.665                      -3.0755469
                  1.6675                      -3.0690404
                    1.67                       -3.065017
                  1.6725                       -3.063399
                   1.675                      -3.0641174
                  1.6775                       -3.067111
                    1.68                      -3.0723288
                  1.6825                      -3.0797254
                   1.685                      -3.0892583
                  1.6875                      -3.1008951
                    1.69                      -3.1146102
                  1.6925                      -3.1303782
                   1.695                      -3.1481792
                  1.6975                      -3.1680029
                     1.7                      -3.1898366
                  1.7025                      -3.2136726
                   1.705                      -3.2395054
                  1.7075                      -3.2673348
                    1.71                      -3.2971632
                  1.7125                      -3.3289896
                   1.715                      -3.3628206
                  1.7175                      -3.3986641
                    1.72                      -3.4365248
                  1.7225                      -3.4764077
                   1.725                      -3.5183256
                  1.7275                      -3.5622811
                    1.73                      -3.6082863
                  1.7325                      -3.6563423
                   1.735                      -3.7064566
                  1.7375                       -3.758635
                    1.74                      -3.8128721
                  1.7425                      -3.8691714
                   1.745                      -3.9275238
                  1.7475                      -3.9879154
                    1.75                      -4.0503333
                  1.7525                      -4.1147596
                   1.755                      -4.1811594
                  1.7575                      -4.2495038
                    1.76                      -4.3197418
                  1.7625                      -4.3918283
                   1.765                      -4.4656954
                  1.7675                      -4.5412667
                    1.77                      -4.6184602
                  1.7725                       -4.697184
                   1.775                      -4.7773205
                  1.7775                      -4.8587523
                    1.78                      -4.9413485
                  1.7825                      -5.0249593
                   1.785                       -5.109424
                  1.7875                      -5.1945629
                    1.79                      -5.2802129
                  1.7925                      -5.3661741
                   1.795                      -5.4522406
                  1.7975                      -5.5382133
                     1.8                      -5.6238844
                  1.8025                      -5.7090386
                   1.805                      -5.7934625
                  1.8075                      -5.8769352
                    1.81                        -5.95927
                  1.8125                      -6.0402593
                   1.815                      -6.1197061
                  1.8175                      -6.1974503
                    1.82                      -6.2733179
                  1.8225                      -6.3471624
                   1.825                      -6.4188468
                  1.8275                       -6.488261
                    1.83                      -6.5553109
                  1.8325                      -6.6199143
                   1.835                      -6.6820057
                  1.8375                      -6.7415507
                    1.84                       -6.798515
                  1.8425                      -6.8528805
                   1.845                      -6.9046532
                  1.8475                      -6.9538367
                    1.85                       -7.000453
                  1.8525                      -7.0445246
                   1.855                      -7.0860839
                  1.8575                      -7.1251675
                    1.86                      -7.1618087
                  1.8625                      -7.1960419
                   1.865                      -7.2279046
                  1.8675                      -7.2574257
                    1.87                      -7.2846348
                  1.8725                      -7.3095579
                   1.875                      -7.3322133
                  1.8775                      -7.3526157
                    1.88                      -7.3707737
                  1.8825                      -7.3866946
                   1.885                      -7.4003799
                  1.8875                      -7.4118239
                    1.89                      -7.4210231
                  1.8925                      -7.4279708
                   1.895                      -7.4326562
                  1.8975                      -7.4350749
                     1.9                      -7.4352139
                  1.9025                      -7.4330693
                   1.905                      -7.4286405
                  1.9075                      -7.4219275
                    1.91                      -7.4129398
                  1.9125                      -7.4016887
                   1.915                      -7.3881946
                  1.9175                       -7.372485
                    1.92                      -7.3545942
                  1.9225                       -7.334562
                   1.925                      -7.3124422
                  1.9275                      -7.2882926
                    1.93                      -7.2621783
                  1.9325                      -7.2341717
                   1.935                      -7.2043528
                  1.9375                      -7.1728095
                    1.94                      -7.1396244
                  1.9425                      -7.1048956
                   1.945                      -7.0687214
                  1.9475                       -7.031194
                    1.95                      -6.9924171
                  1.9525                      -6.9524856
                   1.955                      -6.9115007
                  1.9575                      -6.8695538
                    1.96                      -6.8267374
                  1.9625                       -6.783144
                   1.965                      -6.7388539
                  1.9675                      -6.6939448
                    1.97                      -6.6484946
                  1.9725                       -6.602571
                   1.975                      -6.5562388
                  1.9775                      -6.5095547
                    1.98                      -6.4625665
                  1.9825                      -6.4153386
                   1.985                       -6.367901
                  1.9875                      -6.3203063
                    1.99                      -6.2725809
                  1.9925                      -6.2247615
                   1.995                      -6.1768821
                  1.9975                      -6.1289734
                       2                      -6.0810589
                  2.0025                      -6.0331648
                   2.005                        -5.98532
                  2.0075                      -5.9375505
                    2.01                      -5.8898867
                  2.0125                      -5.8423372
                   2.015                      -5.7949482
                  2.0175                      -5.7477242
                    2.02                      -5.7007086
                  2.0225                      -5.6539229
                   2.025                      -5.6073924
                  2.0275                      -5.5611466
                    2.03                      -5.5152125
                  2.0325                      -5.4696141
                   2.035                      -5.4243776
                  2.0375                      -5.3795315
                    2.04                      -5.3350959
                  2.0425                      -5.2911004
                   2.045                      -5.2475584
                  2.0475                      -5.2044959
                    2.05                       -5.161927
                  2.0525                      -5.1198641
                   2.055                      -5.0783178
                  2.0575                      -5.0372926
                    2.06                      -4.9967985
                  2.0625                      -4.9568336
                   2.065                      -4.9173855
                  2.0675                      -4.8784503
                    2.07                      -4.8400159
                  2.0725                      -4.8020583
                   2.075                      -4.7645521
                  2.0775                      -4.7274655
                    2.08                      -4.6907778
                  2.0825                      -4.6544393
                   2.085                      -4.6184143
                  2.0875                      -4.5826483
                    2.09                      -4.5470982
                  2.0925                      -4.5117131
                   2.095                      -4.4764303
                  2.0975                      -4.4411929
                     2.1                      -4.4059521
                  2.1025                      -4.3706418
                   2.105                      -4.3352101
                  2.1075                      -4.2996025
                    2.11                      -4.2637603
                  2.1125                      -4.2276402
                   2.115                      -4.1911922
                  2.1175                      -4.1543814
                    2.12                      -4.1171677
                  2.1225                      -4.0795344
                   2.125                      -4.0414489
                  2.1275                       -4.002914
                    2.13                      -3.9639092
                  2.1325                       -3.924448
                   2.135                      -3.8845399
                  2.1375                      -3.8442059
                    2.14                       -3.803471
                  2.1425                      -3.7623762
                   2.145                      -3.7209625
                  2.1475                      -3.6792802
                    2.15                      -3.6373837
                  2.1525                      -3.5953306
                   2.155                      -3.5531937
                  2.1575                      -3.5110336
                    2.16                      -3.4689291
                  2.1625                        -3.42695
                   2.165                      -3.3851583
                  2.1675                      -3.3436408
                    2.17                      -3.3024525
                  2.1725                      -3.2616697
                   2.175                      -3.2213544
                  2.1775                       -3.181563
                    2.18                      -3.1423575
                  2.1825                      -3.1037889
                   2.185                      -3.0658879
                  2.1875                      -3.0287046
                    2.19                      -2.9922661
                  2.1925                      -2.9565951
                   2.195                      -2.9217149
                  2.1975                        -2.88763
                     2.2                      -2.8543536
                  2.2025                      -2.8218724
                   2.205                      -2.7901755
                  2.2075                      -2.7592566
                    2.21                      -2.7290805
                  2.2125                      -2.6996263
                   2.215                      -2.6708542
                  2.2175                      -2.6427198
                    2.22                      -2.6151847
                  2.2225                      -2.5881883
                   2.225                      -2.5616754
                  2.2275                      -2.5355865
                    2.23                      -2.5098601
                  2.2325                      -2.4844209
                   2.235                      -2.4592102
                  2.2375                      -2.4341523
                    2.24                      -2.4091783
                  2.2425                      -2.3842146
                   2.245                       -2.359193
                  2.2475                      -2.3340497
                    2.25                       -2.308716
                  2.2525                      -2.2831349
                   2.255                      -2.2572555
                  2.2575                      -2.2310217
                    2.26                      -2.2044029
                  2.2625                      -2.1773578
                   2.265                      -2.1498667
                  2.2675                      -2.1219193
                    2.27                      -2.0935087
                  2.2725                      -2.0646427
                   2.275                      -2.0353448
                  2.2775                      -2.0056399
                    2.28                      -1.9755748
                  2.2825                      -1.9452018
                   2.285                      -1.9145813
                  2.2875                      -1.8837927
                    2.29                      -1.8529128
                  2.2925                      -1.8220415
                   2.295                      -1.7912715
                  2.2975                      -1.7607058
                     2.3                      -1.7304569
                  2.3025                      -1.7006382
                   2.305                      -1.6713578
                  2.3075                      -1.6427377
                    2.31                       -1.614893
                  2.3125                      -1.5879267
                   2.315                      -1.5619552
                  2.3175                        -1.53708
                    2.32                       -1.513404
                  2.3225                      -1.4910202
                   2.325                      -1.4700134
                  2.3275                      -1.4504683
                    2.33                      -1.4324571
                  2.3325                      -1.4160455
                   2.335                      -1.4012933
                  2.3375                      -1.3882508
                    2.34                      -1.3769651
                  2.3425                      -1.3674742
                   2.345                      -1.3598108
                  2.3475                      -1.3540022
                    2.35                      -1.3500727
                  2.3525                      -1.3480403
                   2.355                      -1.3479213
                  2.3575                      -1.3497299
                    2.36                      -1.3534753
                  2.3625                      -1.3591713
                   2.365                       -1.366828
                  2.3675                      -1.3764528
                    2.37                      -1.3880636
                  2.3725                      -1.4016693
                   2.375                      -1.4172875
                  2.3775                      -1.4349403
                    2.38                      -1.4546426
                  2.3825                      -1.4764249
                   2.385                      -1.5003166
                  2.3875                       -1.526346
                    2.39                      -1.5545563
                  2.3925                      -1.5849932
                   2.395                      -1.6176971
                  2.3975                      -1.6527266
                     2.4                      -1.6901324
                  2.4025                      -1.7299778
                   2.405                      -1.7723301
                  2.4075                      -1.8172567
                    2.41                      -1.8648352
                  2.4125                      -1.9151275
                   2.415                      -1.9682131
                  2.4175                      -2.0241696
                    2.42                      -2.0830514
                  2.4225                      -2.1449184
                   2.425                      -2.2098396
                  2.4275                      -2.2778285
                    2.43                      -2.3489041
                  2.4325                      -2.4230558
                   2.435                      -2.5002142
                  2.4375                      -2.5802925
                    2.44                      -2.6631123
                  2.4425                      -2.7484334
                   2.445                      -2.8359557
                  2.4475                      -2.9252137
                    2.45                       -3.015659
                  2.4525                      -3.1065581
                   2.455                      -3.1970354
                  2.4575                       -3.286026
                    2.46                      -3.3722306
                  2.4625                      -3.4542011
                   2.465                       -3.530266
                  2.4675                      -3.5985611
                    2.47                       -3.657125
                  2.4725                      -3.7039222
                   2.475                      -3.7369366
                  2.4775                      -3.7542988
                    2.48                      -3.7543971
                  2.4825                      -3.7359971
                   2.485                       -3.698355
                  2.4875                      -3.6413075
                    2.49                      -3.5653052
                  2.4925                      -3.4714448
                   2.495                      -3.3613668
                  2.4975                      -3.2372176
                     2.5                      -3.1015037
                  2.5025                      -2.9569485
                   2.505                      -2.8063538
                  2.5075                       -2.652508
                    2.51                      -2.4979788
                  2.5125                      -2.3450753
                   2.515                      -2.1958422
                  2.5175                      -2.0518586
                    2.52                      -1.9144477
                  2.5225                      -1.7845222
                   2.525                      -1.6626828
                  2.5275                       -1.549291
                    2.53                      -1.4444339
                  2.5325                      -1.3480553
                   2.535                      -1.2599331
                  2.5375                       -1.179724
                    2.54                      -1.1070581
                  2.5425                      -1.0414923
                   2.545                     -0.98255673
                  2.5475                     -0.92979228
                    2.55                     -0.88272829
                  2.5525                      -0.8409119
                   2.555                     -0.80390637
                  2.5575                     -0.77129388
                    2.56                     -0.74269211
                  2.5625                     -0.71772961
                   2.565                     -0.69606334
                  2.5675                     -0.67737738
                    2.57                     -0.66137289
                  2.5725                     -0.64777725
                   2.575                     -0.63632972
                  2.5775                     -0.62679204
                    2.58                     -0.61894315
                  2.5825                     -0.61257271
                   2.585                     -0.60748583
                  2.5875                     -0.60349958
                    2.59                     -0.60044073
                  2.5925                     -0.59814684
                   2.595                     -0.59646332
                  2.5975                     -0.59524483
                     2.6                     -0.59435397
                  2.6025                     -0.59366082
                   2.605                     -0.59304238
                  2.6075                     -0.59238322
                    2.61                      -0.5915763
                  2.6125                     -0.59052111
                   2.615                     -0.58912624
                  2.6175                     -0.58730899
                    2.62                     -0.58499634
                  2.6225                     -0.58212294
                   2.625                      -0.5786363
                  2.6275                     -0.57449427
                    2.63                     -0.56966479
                  2.6325                     -0.56412819
                   2.635                     -0.55787747
                  2.6375                     -0.55091618
                    2.64                     -0.54326166
                  2.6425                     -0.53494103
                   2.645                     -0.52599142
                  2.6475                     -0.51646472
                    2.65                     -0.50641512
                  2.6525                     -0.49591098
                   2.655                     -0.48502434
                  2.6575                     -0.47383184
                    2.66                     -0.46241792
                  2.6625                     -0.45086556
                   2.665                     -0.43926019
                  2.6675                     -0.42768638
                    2.67                     -0.41622749
                  2.6725                     -0.40496217
                   2.675                     -0.39396837
                  2.6775                     -0.38331501
                    2.68                     -0.37306911
                  2.6825                     -0.36328958
                   2.685                     -0.35402617
                  2.6875                     -0.34532595
                    2.69                     -0.33722641
                  2.6925                      -0.3297598
                   2.695                     -0.32294966
                  2.6975                     -0.31681306
                     2.7                     -0.31136264
                  2.7025                     -0.30660339
                   2.705                     -0.30253351
                  2.7075                     -0.29914911
                    2.71                     -0.29643854
                  2.7125                     -0.29438736
                   2.715                     -0.29297664
                  2.7175                     -0.29218385
                    2.72                     -0.29198223
                  2.7225                     -0.29234302
                   2.725                     -0.29323473
                  2.7275                     -0.29462253
                    2.73                     -0.29647022
                  2.7325                     -0.29873837
                   2.735                     -0.30138779
                  2.7375                     -0.30437614
                    2.74                     -0.30765921
                  2.7425                     -0.31119363
                   2.745                     -0.31493411
                  2.7475                     -0.31883376
                    2.75                     -0.32284616
                  2.7525                     -0.32692495
                   2.755                     -0.33102228
                  2.7575                     -0.33509194
                    2.76                     -0.33908846
                  2.7625                     -0.34296673
                   2.765                      -0.3466841
                  2.7675                     -0.35019807
                    2.77                     -0.35347031
                  2.7725                      -0.3564643
                   2.775                     -0.35914662
                  2.7775                     -0.36148934
                    2.78                     -0.36346611
                  2.7825                     -0.36505729
                   2.785                     -0.36624731
                  2.7875                     -0.36702588
                    2.79                     -0.36738848
                  2.7925                     -0.36733651
                   2.795                     -0.36687709
                  2.7975                     -0.36602293
                     2.8                     -0.36479271
                  2.8025                     -0.36321023
                   2.805                     -0.36130498
                  2.8075                     -0.35911066
                    2.81                      -0.3566656
                  2.8125                     -0.35401168
                   2.815                     -0.35119338
                  2.8175                     -0.34825779
                    2.82                     -0.34525471
                  2.8225                     -0.34223343
                   2.825                     -0.33924458
                  2.8275                     -0.33633794
                    2.83                     -0.33356357
                  2.8325                     -0.33096825
                   2.835                     -0.32859875
                  2.8375                      -0.3264985
                    2.84                     -0.32470908
                  2.8425                     -0.32326869
                   2.845                     -0.32221292
                  2.8475                     -0.32157384
                    2.85                     -0.32138071
                  2.8525                     -0.32165913
                   2.855                     -0.32243212
                  2.8575                      -0.3237192
                    2.86                     -0.32553648
                  2.8625                     -0.32789804
                   2.865                     -0.33081503
                  2.8675                     -0.33429459
                    2.87                     -0.33834377
                  2.8725                     -0.34296581
                   2.875                      -0.3481613
                  2.8775                     -0.35393009
                    2.88                     -0.36026848
                  2.8825                     -0.36717201
                   2.885                     -0.37463498
                  2.8875                     -0.38264656
                    2.89                     -0.39120005
                  2.8925                     -0.40028118
                   2.895                     -0.40987748
                  2.8975                      -0.4199746
                     2.9                     -0.43055405
                  2.9025                     -0.44159816
                   2.905                     -0.45308684
                  2.9075                     -0.46499819
                    2.91                      -0.4773084
                  2.9125                     -0.48999315
                   2.915                     -0.50302315
                  2.9175                     -0.51637156
                    2.92                     -0.53000515
                  2.9225                     -0.54389291
                   2.925                     -0.55800095
                  2.9275                     -0.57229403
                    2.93                       -0.586737
                  2.9325                     -0.60128978
                   2.935                      -0.6159152
                  2.9375                     -0.63057676
                    2.94                     -0.64523274
                  2.9425                     -0.65984511
                   2.945                     -0.67438129
                  2.9475                     -0.68880113
                    2.95                      -0.7030724
                  2.9525                     -0.71716515
                   2.955                     -0.73104858
                  2.9575                     -0.74470055
                    2.96                      -0.7580979
                  2.9625                     -0.77122463
                   2.965                     -0.78407344
                  2.9675                     -0.79663422
                    2.97                     -0.80890925
                  2.9725                     -0.82090114
                   2.975                     -0.83262141
                  2.9775                     -0.84408776
                    2.98                     -0.85531781
                  2.9825                     -0.86634168
                   2.985                     -0.87719079
                  2.9875                     -0.88789768
                    2.99                     -0.89850252
                  2.9925                     -0.90904823
                   2.995                     -0.91957679
                  2.9975                     -0.93013597
                       3                     -0.94076903
