Frequency    S1,1_[358]

                     0.5                     -0.03006295
                  0.5025                     -0.03526612
                   0.505                    -0.040744023
                  0.5075                    -0.046470814
                    0.51                    -0.052417799
                  0.5125                    -0.058553574
                   0.515                    -0.064845271
                  0.5175                    -0.071258259
                    0.52                    -0.077757779
                  0.5225                    -0.084309544
                   0.525                    -0.090879996
                  0.5275                    -0.097438112
                    0.53                     -0.10395526
                  0.5325                     -0.11040644
                   0.535                     -0.11677092
                  0.5375                     -0.12303279
                    0.54                     -0.12918219
                  0.5425                     -0.13521469
                   0.545                     -0.14113294
                  0.5475                     -0.14694634
                    0.55                     -0.15267185
                  0.5525                     -0.15833452
                   0.555                     -0.16396745
                  0.5575                     -0.16961226
                    0.56                     -0.17532048
                  0.5625                     -0.18115272
                   0.565                     -0.18717992
                  0.5675                     -0.19348459
                    0.57                     -0.20016016
                  0.5725                     -0.20731341
                   0.575                     -0.21506497
                  0.5775                     -0.22355053
                    0.58                     -0.23292132
                  0.5825                     -0.24334856
                   0.585                     -0.25502041
                  0.5875                     -0.26814896
                    0.59                     -0.28297019
                  0.5925                     -0.29974408
                   0.595                     -0.31876163
                  0.5975                     -0.34034192
                     0.6                     -0.36484104
                  0.6025                     -0.39264937
                   0.605                     -0.42419522
                  0.6075                      -0.4599498
                    0.61                     -0.50042913
                  0.6125                     -0.54618816
                   0.615                     -0.59783063
                  0.6175                     -0.65600785
                    0.62                     -0.72140971
                  0.6225                     -0.79477206
                   0.625                     -0.87685763
                  0.6275                     -0.96846394
                    0.63                      -1.0704106
                  0.6325                      -1.1835105
                   0.635                      -1.3085662
                  0.6375                      -1.4463559
                    0.64                      -1.5975999
                  0.6425                      -1.7629351
                   0.645                      -1.9428799
                  0.6475                      -2.1378231
                    0.65                       -2.347971
                  0.6525                      -2.5733132
                   0.655                      -2.8135859
                  0.6575                       -3.068264
                    0.66                      -3.3365116
                  0.6625                      -3.6171477
                   0.665                      -3.9086253
                  0.6675                       -4.209034
                    0.67                      -4.5161153
                  0.6725                      -4.8272106
                   0.675                      -5.1393654
                  0.6775                      -5.4493042
                    0.68                      -5.7535576
                  0.6825                      -6.0485321
                   0.685                      -6.3306602
                  0.6875                       -6.596515
                    0.69                      -6.8431006
                  0.6925                       -7.067914
                   0.695                      -7.2690695
                  0.6975                      -7.4456454
                     0.7                       -7.597581
                  0.7025                      -7.7257963
                   0.705                      -7.8321555
                  0.7075                      -7.9193726
                    0.71                      -7.9909148
                  0.7125                      -8.0508811
                   0.715                      -8.1038499
                  0.7175                      -8.1547814
                    0.72                      -8.2089288
                  0.7225                      -8.2717936
                   0.725                      -8.3490838
                  0.7275                      -8.4467349
                    0.73                      -8.5709013
                  0.7325                      -8.7280139
                   0.735                      -8.9247779
                  0.7375                       -9.168213
                    0.74                      -9.4656557
                  0.7425                      -9.8247342
                   0.745                      -10.253341
                  0.7475                       -10.75956
                    0.75                      -11.351481
                  0.7525                      -12.036966
                   0.755                      -12.822993
                  0.7575                      -13.714541
                    0.76                      -14.711801
                  0.7625                      -15.804811
                   0.765                      -16.962484
                  0.7675                      -18.114156
                    0.77                      -19.128076
                  0.7725                      -19.816866
                   0.775                      -20.019116
                  0.7775                      -19.722566
                    0.78                      -19.072667
                  0.7825                      -18.253903
                   0.785                      -17.399741
                  0.7875                      -16.581716
                    0.79                      -15.830182
                  0.7925                      -15.153804
                   0.795                      -14.551129
                  0.7975                      -14.016621
                     0.8                      -13.543433
                  0.8025                      -13.124698
                   0.805                       -12.75406
                  0.8075                      -12.425808
                    0.81                      -12.134921
                  0.8125                      -11.877013
                   0.815                      -11.648266
                  0.8175                       -11.44533
                    0.82                      -11.265277
                  0.8225                      -11.105529
                   0.825                      -10.963798
                  0.8275                      -10.838042
                    0.83                      -10.726426
                  0.8325                      -10.627285
                   0.835                      -10.539107
                  0.8375                      -10.460491
                    0.84                      -10.390151
                  0.8425                      -10.326887
                   0.845                      -10.269573
                  0.8475                      -10.217151
                    0.85                      -10.168633
                  0.8525                      -10.123083
                   0.855                      -10.079626
                  0.8575                      -10.037442
                    0.86                      -9.9957664
                  0.8625                      -9.9539086
                   0.865                      -9.9112313
                  0.8675                      -9.8671684
                    0.87                      -9.8212321
                  0.8725                      -9.7730102
                   0.875                      -9.7221635
                  0.8775                      -9.6684489
                    0.88                      -9.6116885
                  0.8825                      -9.5517918
                   0.885                      -9.4887591
                  0.8875                      -9.4226501
                    0.89                      -9.3535941
                  0.8925                      -9.2817892
                   0.895                      -9.2074829
                  0.8975                      -9.1309596
                     0.9                      -9.0525538
                  0.9025                      -8.9726013
                   0.905                      -8.8914767
                  0.9075                      -8.8095417
                    0.91                      -8.7271603
                  0.9125                      -8.6446902
                   0.915                      -8.5624668
                  0.9175                       -8.480803
                    0.92                      -8.3999816
                  0.9225                      -8.3202591
                   0.925                      -8.2418534
                  0.9275                       -8.164951
                    0.93                      -8.0896945
                  0.9325                      -8.0161939
                   0.935                       -7.944527
                  0.9375                      -7.8747254
                    0.94                       -7.806791
                  0.9425                      -7.7406936
                   0.945                      -7.6763738
                  0.9475                      -7.6137371
                    0.95                      -7.5526639
                  0.9525                      -7.4930139
                   0.955                      -7.4346209
                  0.9575                      -7.3773034
                    0.96                      -7.3208592
                  0.9625                      -7.2650769
                   0.965                      -7.2097339
                  0.9675                      -7.1545997
                    0.97                      -7.0994429
                  0.9725                      -7.0440266
                   0.975                      -6.9881226
                  0.9775                      -6.9315089
                    0.98                      -6.8739682
                  0.9825                      -6.8153049
                   0.985                      -6.7553298
                  0.9875                      -6.6938846
                    0.99                      -6.6308206
                  0.9925                      -6.5660277
                   0.995                      -6.4994097
                  0.9975                      -6.4309079
                       1                       -6.360487
                  1.0025                      -6.2881416
                   1.005                      -6.2139074
                  1.0075                       -6.137833
                    1.01                      -6.0600036
                  1.0125                      -5.9805308
                   1.015                      -5.8995553
                  1.0175                      -5.8172311
                    1.02                      -5.7337335
                  1.0225                      -5.6492564
                   1.025                      -5.5640118
                  1.0275                      -5.4782116
                    1.03                      -5.3920754
                  1.0325                      -5.3058283
                   1.035                      -5.2197015
                  1.0375                      -5.1339113
                    1.04                      -5.0486696
                  1.0425                       -4.964187
                   1.045                      -4.8806633
                  1.0475                      -4.7982778
                    1.05                      -4.7171993
                  1.0525                      -4.6375824
                   1.055                       -4.559573
                  1.0575                      -4.4832893
                    1.06                      -4.4088326
                  1.0625                      -4.3362945
                   1.065                      -4.2657515
                  1.0675                      -4.1972552
                    1.07                      -4.1308417
                  1.0725                      -4.0665417
                   1.075                      -4.0043613
                  1.0775                      -3.9442922
                    1.08                      -3.8863212
                  1.0825                      -3.8304208
                   1.085                      -3.7765448
                  1.0875                      -3.7246483
                    1.09                      -3.6746646
                  1.0925                      -3.6265312
                   1.095                      -3.5801706
                  1.0975                      -3.5354962
                     1.1                      -3.4924252
                  1.1025                      -3.4508632
                   1.105                      -3.4107157
                  1.1075                      -3.3718843
                    1.11                      -3.3342688
                  1.1125                      -3.2977633
                   1.115                      -3.2622722
                  1.1175                      -3.2276892
                    1.12                      -3.1939174
                  1.1225                      -3.1608567
                   1.125                      -3.1284127
                  1.1275                       -3.096497
                    1.13                      -3.0650173
                  1.1325                      -3.0338931
                   1.135                      -3.0030477
                  1.1375                      -2.9724094
                    1.14                      -2.9419123
                  1.1425                      -2.9114992
                   1.145                      -2.8811192
                  1.1475                      -2.8507342
                    1.15                      -2.8202996
                  1.1525                      -2.7897923
                   1.155                      -2.7591947
                  1.1575                      -2.7284904
                    1.16                      -2.6976754
                  1.1625                      -2.6667557
                   1.165                       -2.635742
                  1.1675                      -2.6046481
                    1.17                      -2.5734979
                  1.1725                      -2.5423227
                   1.175                      -2.5111576
                  1.1775                      -2.4800374
                    1.18                      -2.4490072
                  1.1825                      -2.4181139
                   1.185                      -2.3874078
                  1.1875                      -2.3569388
                    1.19                      -2.3267568
                  1.1925                      -2.2969166
                   1.195                      -2.2674731
                  1.1975                      -2.2384728
                     1.2                      -2.2099694
                  1.2025                      -2.1820137
                   1.205                      -2.1546484
                  1.2075                      -2.1279203
                    1.21                      -2.1018683
                  1.2125                      -2.0765306
                   1.215                      -2.0519404
                  1.2175                      -2.0281276
                    1.22                      -2.0051155
                  1.2225                      -1.9829288
                   1.225                      -1.9615809
                  1.2275                       -1.941086
                    1.23                      -1.9214529
                  1.2325                      -1.9026802
                   1.235                      -1.8847714
                  1.2375                      -1.8677186
                    1.24                      -1.8515134
                  1.2425                      -1.8361414
                   1.245                      -1.8215842
                  1.2475                      -1.8078227
                    1.25                      -1.7948298
                  1.2525                      -1.7825785
                   1.255                      -1.7710373
                  1.2575                      -1.7601714
                    1.26                      -1.7499439
                  1.2625                      -1.7403162
                   1.265                       -1.731247
                  1.2675                      -1.7226943
                    1.27                       -1.714612
                  1.2725                      -1.7069561
                   1.275                      -1.6996805
                  1.2775                      -1.6927381
                    1.28                      -1.6860822
                  1.2825                      -1.6796672
                   1.285                      -1.6734467
                  1.2875                      -1.6673767
                    1.29                      -1.6614125
                  1.2925                      -1.6555139
                   1.295                      -1.6496412
                  1.2975                      -1.6437555
                     1.3                      -1.6378234
                  1.3025                      -1.6318136
                   1.305                      -1.6256966
                  1.3075                      -1.6194475
                    1.31                      -1.6130446
                  1.3125                        -1.60647
                   1.315                      -1.5997113
                  1.3175                      -1.5927562
                    1.32                      -1.5856002
                  1.3225                      -1.5782412
                   1.325                      -1.5706815
                  1.3275                      -1.5629275
                    1.33                      -1.5549888
                  1.3325                      -1.5468799
                   1.335                      -1.5386179
                  1.3375                      -1.5302223
                    1.34                      -1.5217183
                  1.3425                       -1.513132
                   1.345                      -1.5044929
                  1.3475                      -1.4958328
                    1.35                      -1.4871849
                  1.3525                      -1.4785842
                   1.355                      -1.4700685
                  1.3575                      -1.4616742
                    1.36                      -1.4534412
                  1.3625                      -1.4454079
                   1.365                      -1.4376134
                  1.3675                       -1.430098
                    1.37                      -1.4229003
                  1.3725                      -1.4160574
                   1.375                      -1.4096092
                  1.3775                      -1.4035904
                    1.38                      -1.3980373
                  1.3825                      -1.3929839
                   1.385                      -1.3884619
                  1.3875                      -1.3845041
                    1.39                      -1.3811374
                  1.3925                      -1.3783904
                   1.395                      -1.3762889
                  1.3975                      -1.3748552
                     1.4                      -1.3741102
                  1.4025                      -1.3740745
                   1.405                      -1.3747643
                  1.4075                      -1.3761949
                    1.41                      -1.3783779
                  1.4125                      -1.3813243
                   1.415                       -1.385042
                  1.4175                      -1.3895369
                    1.42                       -1.394811
                  1.4225                       -1.400866
                   1.425                      -1.4076983
                  1.4275                      -1.4153037
                    1.43                      -1.4236736
                  1.4325                      -1.4327967
                   1.435                      -1.4426562
                  1.4375                      -1.4532358
                    1.44                      -1.4645102
                  1.4425                      -1.4764526
                   1.445                      -1.4890302
                  1.4475                      -1.5022058
                    1.45                      -1.5159383
                  1.4525                      -1.5301788
                   1.455                      -1.5448755
                  1.4575                      -1.5599722
                    1.46                      -1.5754056
                  1.4625                      -1.5911106
                   1.465                      -1.6070174
                  1.4675                       -1.623056
                    1.47                       -1.639154
                  1.4725                      -1.6552374
                   1.475                      -1.6712373
                  1.4775                      -1.6870858
                    1.48                      -1.7027198
                  1.4825                      -1.7180831
                   1.485                       -1.733129
                  1.4875                      -1.7478178
                    1.49                      -1.7621225
                  1.4925                      -1.7760288
                   1.495                      -1.7895328
                  1.4975                      -1.8026473
                     1.5                       -1.815397
                  1.5025                      -1.8278228
                   1.505                      -1.8399768
                  1.5075                      -1.8519275
                    1.51                      -1.8637544
                  1.5125                      -1.8755525
                   1.515                       -1.887423
                  1.5175                      -1.8994833
                    1.52                      -1.9118585
                  1.5225                      -1.9246809
                   1.525                      -1.9380931
                  1.5275                      -1.9522424
                    1.53                      -1.9672859
                  1.5325                      -1.9833846
                   1.535                      -2.0007045
                  1.5375                      -2.0194189
                    1.54                      -2.0397051
                  1.5425                      -2.0617454
                   1.545                      -2.0857266
                  1.5475                      -2.1118406
                    1.55                      -2.1402886
                  1.5525                      -2.1712732
                   1.555                      -2.2050007
                  1.5575                      -2.2416937
                    1.56                      -2.2815741
                  1.5625                      -2.3248722
                   1.565                      -2.3718258
                  1.5675                      -2.4226847
                    1.57                       -2.477708
                  1.5725                      -2.5371606
                   1.575                      -2.6013139
                  1.5775                      -2.6704684
                    1.58                      -2.7449173
                  1.5825                      -2.8249718
                   1.585                      -2.9109626
                  1.5875                      -3.0032216
                    1.59                       -3.102111
                  1.5925                       -3.207991
                   1.595                        -3.32125
                  1.5975                       -3.442296
                     1.6                      -3.5715435
                  1.6025                      -3.7094266
                   1.605                      -3.8564166
                  1.6075                      -4.0129824
                    1.61                      -4.1796418
                  1.6125                      -4.3569101
                   1.615                      -4.5453552
                  1.6175                      -4.7455749
                    1.62                      -4.9581739
                  1.6225                      -5.1838333
                   1.625                      -5.4232466
                  1.6275                      -5.6771584
                    1.63                      -5.9463828
                  1.6325                      -6.2318082
                   1.635                      -6.5343533
                  1.6375                      -6.8550802
                    1.64                      -7.1950911
                  1.6425                      -7.5556695
                   1.645                      -7.9381959
                  1.6475                      -8.3441971
                    1.65                      -8.7755104
                  1.6525                      -9.2341145
                   1.655                      -9.7222884
                  1.6575                      -10.242727
                    1.66                       -10.79857
                  1.6625                      -11.393458
                   1.665                      -12.031748
                  1.6675                      -12.718585
                    1.67                      -13.460403
                  1.6725                      -14.264811
                   1.675                      -15.141144
                  1.6775                      -16.101163
                    1.68                      -17.159001
                  1.6825                      -18.331722
                   1.685                      -19.638486
                  1.6875                      -21.096791
                    1.69                      -22.708523
                  1.6925                      -24.417876
                   1.695                      -26.008425
                  1.6975                      -26.986507
                     1.7                      -26.848266
                  1.7025                      -25.739983
                   1.705                      -24.238583
                  1.7075                      -22.728773
                    1.71                      -21.348321
                  1.7125                      -20.122769
                   1.715                      -19.041152
                  1.7175                      -18.084179
                    1.72                      -17.233033
                  1.7225                      -16.471506
                   1.725                       -15.78611
                  1.7275                      -15.165973
                    1.73                       -14.60211
                  1.7325                      -14.087257
                   1.735                      -13.615343
                  1.7375                      -13.181314
                    1.74                      -12.780985
                  1.7425                      -12.410741
                   1.745                       -12.06755
                  1.7475                      -11.748806
                    1.75                      -11.452226
                  1.7525                      -11.175826
                   1.755                      -10.917905
                  1.7575                      -10.676921
                    1.76                      -10.451555
                  1.7625                      -10.240591
                   1.765                      -10.042972
                  1.7675                      -9.8577564
                    1.77                      -9.6840693
                  1.7725                       -9.521126
                   1.775                      -9.3682355
                  1.7775                      -9.2247445
                    1.78                      -9.0900558
                  1.7825                      -8.9636341
                   1.785                      -8.8449769
                  1.7875                      -8.7336304
                    1.79                      -8.6291396
                  1.7925                      -8.5311122
                   1.795                      -8.4391719
                  1.7975                      -8.3529572
                     1.8                      -8.2721259
                  1.8025                      -8.1963647
                   1.805                      -8.1253685
                  1.8075                      -8.0588542
                    1.81                      -7.9965304
                  1.8125                       -7.938143
                   1.815                      -7.8834442
                  1.8175                      -7.8321783
                    1.82                      -7.7841212
                  1.8225                      -7.7390491
                   1.825                      -7.6967511
                  1.8275                      -7.6570236
                    1.83                      -7.6196671
                  1.8325                      -7.5845007
                   1.835                      -7.5513542
                  1.8375                      -7.5200487
                    1.84                      -7.4904333
                  1.8425                      -7.4623615
                   1.845                      -7.4356914
                  1.8475                      -7.4102974
                    1.85                      -7.3860553
                  1.8525                      -7.3628582
                   1.855                      -7.3406026
                  1.8575                      -7.3191977
                    1.86                      -7.2985578
                  1.8625                      -7.2786109
                   1.865                      -7.2592898
                  1.8675                      -7.2405357
                    1.87                      -7.2222984
                  1.8725                      -7.2045341
                   1.875                      -7.1872056
                  1.8775                      -7.1702852
                    1.88                       -7.153748
                  1.8825                      -7.1375748
                   1.885                      -7.1217503
                  1.8875                      -7.1062687
                    1.89                      -7.0911229
                  1.8925                      -7.0763102
                   1.895                      -7.0618336
                  1.8975                      -7.0476927
                     1.9                      -7.0338978
                  1.9025                      -7.0204534
                   1.905                      -7.0073666
                  1.9075                      -6.9946487
                    1.91                      -6.9823034
                  1.9125                      -6.9703419
                   1.915                      -6.9587728
                  1.9175                      -6.9476016
                    1.92                       -6.936833
                  1.9225                      -6.9264735
                   1.925                      -6.9165253
                  1.9275                      -6.9069897
                    1.93                      -6.8978633
                  1.9325                      -6.8891439
                   1.935                       -6.880829
                  1.9375                      -6.8729048
                    1.94                      -6.8653672
                  1.9425                      -6.8582023
                   1.945                      -6.8513975
                  1.9475                      -6.8449385
                    1.95                      -6.8388049
                  1.9525                      -6.8329816
                   1.955                      -6.8274496
                  1.9575                      -6.8221867
                    1.96                      -6.8171729
                  1.9625                      -6.8123872
                   1.965                      -6.8078103
                  1.9675                       -6.803422
                    1.97                      -6.7992004
                  1.9725                      -6.7951292
                   1.975                      -6.7911891
                  1.9775                      -6.7873647
                    1.98                      -6.7836439
                  1.9825                      -6.7800089
                   1.985                      -6.7764531
                  1.9875                      -6.7729644
                    1.99                      -6.7695356
                  1.9925                      -6.7661644
                   1.995                      -6.7628433
                  1.9975                      -6.7595677
                       2                      -6.7563405
                  2.0025                      -6.7531581
                   2.005                      -6.7500244
                  2.0075                      -6.7469365
                    2.01                      -6.7438957
                  2.0125                      -6.7409064
                   2.015                      -6.7379673
                  2.0175                      -6.7350791
                    2.02                      -6.7322396
                  2.0225                      -6.7294469
                   2.025                      -6.7267004
                  2.0275                      -6.7239918
                    2.03                      -6.7213148
                  2.0325                      -6.7186601
                   2.035                      -6.7160155
                  2.0375                      -6.7133631
                    2.04                      -6.7106918
                  2.0425                      -6.7079761
                   2.045                      -6.7051938
                  2.0475                      -6.7023191
                    2.05                      -6.6993224
                  2.0525                       -6.696172
                   2.055                      -6.6928327
                  2.0575                      -6.6892655
                    2.06                      -6.6854312
                  2.0625                      -6.6812887
                   2.065                      -6.6767926
                  2.0675                         -6.6719
                    2.07                      -6.6665624
                  2.0725                       -6.660737
                   2.075                      -6.6543773
                  2.0775                      -6.6474396
                    2.08                      -6.6398791
                  2.0825                      -6.6316598
                   2.085                      -6.6227404
                  2.0875                      -6.6130952
                    2.09                      -6.6026937
                  2.0925                       -6.591511
                   2.095                      -6.5795361
                  2.0975                      -6.5667559
                     2.1                      -6.5531661
                  2.1025                      -6.5387782
                   2.105                      -6.5235987
                  2.1075                      -6.5076546
                    2.11                       -6.490966
                  2.1125                      -6.4735757
                   2.115                      -6.4555237
                  2.1175                      -6.4368614
                    2.12                      -6.4176426
                  2.1225                      -6.3979367
                   2.125                      -6.3778053
                  2.1275                      -6.3573303
                    2.13                      -6.3365798
                  2.1325                       -6.315643
                   2.135                         -6.2946
                  2.1375                      -6.2735349
                    2.14                      -6.2525327
                  2.1425                       -6.231683
                   2.145                      -6.2110703
                  2.1475                      -6.1907762
                    2.15                      -6.1708819
                  2.1525                      -6.1514651
                   2.155                      -6.1325997
                  2.1575                      -6.1143518
                    2.16                      -6.0967897
                  2.1625                      -6.0799712
                   2.165                      -6.0639402
                  2.1675                      -6.0487448
                    2.17                      -6.0344206
                  2.1725                      -6.0209975
                   2.175                      -6.0084938
                  2.1775                      -5.9969191
                    2.18                      -5.9862805
                  2.1825                      -5.9765677
                   2.185                      -5.9677633
                  2.1875                       -5.959844
                    2.19                      -5.9527762
                  2.1925                      -5.9465123
                   2.195                      -5.9410017
                  2.1975                      -5.9361821
                     2.2                       -5.931982
                  2.2025                      -5.9283208
                   2.205                      -5.9251129
                  2.2075                      -5.9222621
                    2.21                      -5.9196681
                  2.2125                       -5.917223
                   2.215                      -5.9148141
                  2.2175                      -5.9123253
                    2.22                      -5.9096375
                  2.2225                      -5.9066302
                   2.225                      -5.9031819
                  2.2275                      -5.8991732
                    2.23                      -5.8944888
                  2.2325                      -5.8890162
                   2.235                      -5.8826511
                  2.2375                      -5.8752981
                    2.24                      -5.8668686
                  2.2425                      -5.8572914
                   2.245                      -5.8465021
                  2.2475                      -5.8344591
                    2.25                      -5.8211278
                  2.2525                       -5.806505
                   2.255                      -5.7905956
                  2.2575                      -5.7734231
                    2.26                      -5.7550439
                  2.2625                      -5.7355235
                   2.265                      -5.7149517
                  2.2675                       -5.693447
                    2.27                       -5.671143
                  2.2725                      -5.6481905
                   2.275                      -5.6247705
                  2.2775                      -5.6010709
                    2.28                       -5.577312
                  2.2825                      -5.5537261
                   2.285                      -5.5305573
                  2.2875                      -5.5080756
                    2.29                      -5.4865596
                  2.2925                      -5.4663065
                   2.295                      -5.4476212
                  2.2975                        -5.43082
                     2.3                      -5.4162422
                  2.3025                       -5.404226
                   2.305                      -5.3951212
                  2.3075                      -5.3892918
                    2.31                      -5.3871074
                  2.3125                      -5.3889437
                   2.315                      -5.3951867
                  2.3175                      -5.4062276
                    2.32                      -5.4224647
                  2.3225                      -5.4443013
                   2.325                        -5.47215
                  2.3275                      -5.5064178
                    2.33                      -5.5475295
                  2.3325                      -5.5959047
                   2.335                      -5.6519762
                  2.3375                      -5.7161822
                    2.34                      -5.7889514
                  2.3425                      -5.8707348
                   2.345                      -5.9619951
                  2.3475                      -6.0631743
                    2.35                      -6.1747434
                  2.3525                      -6.2972179
                   2.355                      -6.4310623
                  2.3575                      -6.5768162
                    2.36                      -6.7349847
                  2.3625                      -6.9061373
                   2.365                      -7.0908739
                  2.3675                      -7.2897476
                    2.37                      -7.5034837
                  2.3725                      -7.7326972
                   2.375                      -7.9781331
                  2.3775                      -8.2405767
                    2.38                      -8.5207856
                  2.3825                      -8.8196337
                   2.385                       -9.138039
                  2.3875                      -9.4768272
                    2.39                      -9.8370213
                  2.3925                      -10.219539
                   2.395                      -10.625156
                  2.3975                      -11.054652
                     2.4                      -11.508389
                  2.4025                      -11.986406
                   2.405                       -12.48799
                  2.4075                      -13.011306
                    2.41                      -13.552883
                  2.4125                      -14.106583
                   2.415                      -14.662873
                  2.4175                      -15.207432
                    2.42                      -15.719878
                  2.4225                      -16.173638
                   2.425                      -16.537297
                  2.4275                      -16.778419
                    2.43                      -16.870856
                  2.4325                      -16.802029
                   2.435                       -16.57715
                  2.4375                      -16.217341
                    2.44                      -15.753275
                  2.4425                       -15.21743
                   2.445                      -14.638504
                  2.4475                      -14.039527
                    2.45                      -13.437025
                  2.4525                      -12.842458
                   2.455                      -12.263054
                  2.4575                      -11.703136
                    2.46                      -11.165234
                  2.4625                      -10.650217
                   2.465                      -10.158259
                  2.4675                      -9.6890825
                    2.47                      -9.2419318
                  2.4725                      -8.8158806
                   2.475                      -8.4100259
                  2.4775                      -8.0232807
                    2.48                       -7.654745
                  2.4825                      -7.3033405
                   2.485                      -6.9681521
                  2.4875                      -6.6483938
                    2.49                      -6.3432179
                  2.4925                      -6.0519809
                   2.495                       -5.774035
                  2.4975                      -5.5088409
                     2.5                      -5.2559443
                  2.5025                      -5.0149703
                   2.505                      -4.7855829
                  2.5075                      -4.5675692
                    2.51                       -4.360697
                  2.5125                      -4.1647686
                   2.515                      -3.9796713
                  2.5175                      -3.8051838
                    2.52                      -3.6412047
                  2.5225                      -3.4875572
                   2.525                      -3.3440614
                  2.5275                      -3.2105692
                    2.53                      -3.0868673
                  2.5325                      -2.9727824
                   2.535                      -2.8681029
                  2.5375                       -2.772585
                    2.54                      -2.6860276
                  2.5425                      -2.6081872
                   2.545                       -2.538811
                  2.5475                      -2.4776536
                    2.55                      -2.4244423
                  2.5525                      -2.3788982
                   2.555                      -2.3407273
                  2.5575                      -2.3096237
                    2.56                      -2.2852714
                  2.5625                      -2.2673336
                   2.565                      -2.2554586
                  2.5675                      -2.2492785
                    2.57                      -2.2484104
                  2.5725                      -2.2524524
                   2.575                      -2.2609873
                  2.5775                       -2.273585
                    2.58                      -2.2897946
                  2.5825                      -2.3091557
                   2.585                      -2.3311948
                  2.5875                      -2.3554268
                    2.59                      -2.3813582
                  2.5925                      -2.4084999
                   2.595                      -2.4363468
                  2.5975                      -2.4644083
                     2.6                      -2.4921908
                  2.6025                      -2.5192182
                   2.605                      -2.5450299
                  2.6075                      -2.5691769
                    2.61                      -2.5912511
                  2.6125                      -2.6108602
                   2.615                      -2.6276566
                  2.6175                      -2.6413292
                    2.62                      -2.6516123
                  2.6225                      -2.6582848
                   2.625                      -2.6611813
                  2.6275                      -2.6601874
                    2.63                      -2.6552411
                  2.6325                      -2.6463351
                   2.635                      -2.6335166
                  2.6375                      -2.6168811
                    2.64                       -2.596582
                  2.6425                      -2.5728092
                   2.645                      -2.5457977
                  2.6475                      -2.5158297
                    2.65                      -2.4831984
                  2.6525                      -2.4482478
                   2.655                      -2.4113297
                  2.6575                      -2.3728147
                    2.66                      -2.3330944
                  2.6625                      -2.2925549
                   2.665                      -2.2515906
                  2.6675                      -2.2105895
                    2.67                      -2.1699384
                  2.6725                      -2.1300032
                   2.675                      -2.0911537
                  2.6775                      -2.0537266
                    2.68                      -2.0180521
                  2.6825                      -1.9844337
                   2.685                      -1.9531448
                  2.6875                      -1.9244506
                    2.69                      -1.8985788
                  2.6925                      -1.8757409
                   2.695                      -1.8561125
                  2.6975                       -1.839846
                     2.7                       -1.827068
                  2.7025                      -1.8178758
                   2.705                      -1.8123345
                  2.7075                      -1.8104906
                    2.71                      -1.8123534
                  2.7125                      -1.8179147
                   2.715                       -1.827131
                  2.7175                      -1.8399381
                    2.72                      -1.8562371
                  2.7225                      -1.8759159
                   2.725                      -1.8988315
                  2.7275                      -1.9248123
                    2.73                      -1.9536714
                  2.7325                      -1.9851888
                   2.735                      -2.0191375
                  2.7375                      -2.0552634
                    2.74                       -2.093282
                  2.7425                      -2.1329164
                   2.745                      -2.1738621
                  2.7475                      -2.2157929
                    2.75                       -2.258387
                  2.7525                      -2.3013108
                   2.755                      -2.3442174
                  2.7575                      -2.3867678
                    2.76                      -2.4286245
                  2.7625                      -2.4694513
                   2.765                      -2.5089298
                  2.7675                      -2.5467416
                    2.77                      -2.5826026
                  2.7725                       -2.616238
                   2.775                      -2.6474032
                  2.7775                      -2.6758977
                    2.78                      -2.7015339
                  2.7825                      -2.7241757
                   2.785                      -2.7437246
                  2.7875                      -2.7601186
                    2.79                       -2.773348
                  2.7925                      -2.7834441
                   2.795                      -2.7904805
                  2.7975                      -2.7945798
                     2.8                      -2.7959025
                  2.8025                      -2.7946519
                   2.805                      -2.7910677
                  2.8075                      -2.7854229
                    2.81                      -2.7780213
                  2.8125                      -2.7691934
                   2.815                      -2.7592891
                  2.8175                      -2.7486736
                    2.82                      -2.7377325
                  2.8225                      -2.7268508
                   2.825                      -2.7164221
                  2.8275                      -2.7068362
                    2.83                      -2.6984859
                  2.8325                      -2.6917479
                   2.835                      -2.6869946
                  2.8375                      -2.6845847
                    2.84                      -2.6848616
                  2.8425                      -2.6881515
                   2.845                      -2.6947648
                  2.8475                      -2.7049863
                    2.85                      -2.7190869
                  2.8525                      -2.7373132
                   2.855                      -2.7598924
                  2.8575                      -2.7870306
                    2.86                       -2.818905
                  2.8625                      -2.8556824
                   2.865                      -2.8975067
                  2.8675                      -2.9444861
                    2.87                      -2.9967357
                  2.8725                      -3.0543349
                   2.875                       -3.117338
                  2.8775                      -3.1857986
                    2.88                       -3.259732
                  2.8825                      -3.3391518
                   2.885                      -3.4240582
                  2.8875                      -3.5144007
                    2.89                      -3.6101733
                  2.8925                      -3.7112921
                   2.895                      -3.8176929
                  2.8975                      -3.9292962
                     2.9                      -4.0459767
                  2.9025                      -4.1676216
                   2.905                      -4.2940941
                  2.9075                      -4.4252394
                    2.91                      -4.5608838
                  2.9125                      -4.7008507
                   2.915                       -4.844909
                  2.9175                      -4.9928568
                    2.92                       -5.144423
                  2.9225                       -5.299358
                   2.925                      -5.4573807
                  2.9275                       -5.618192
                    2.93                      -5.7814893
                  2.9325                      -5.9469113
                   2.935                       -6.114122
                  2.9375                      -6.2827831
                    2.94                      -6.4524903
                  2.9425                      -6.6228696
                   2.945                      -6.7935949
                  2.9475                      -6.9642449
                    2.95                      -7.1344729
                  2.9525                      -7.3039468
                   2.955                       -7.472312
                  2.9575                      -7.6393027
                    2.96                       -7.804631
                  2.9625                      -7.9680841
                   2.965                      -8.1295462
                  2.9675                      -8.2888656
                    2.97                      -8.4460348
                  2.9725                      -8.6010539
                   2.975                      -8.7540342
                  2.9775                      -8.9051677
                    2.98                      -9.0546557
                  2.9825                      -9.2028623
                   2.985                      -9.3501801
                  2.9875                      -9.4970304
                    2.99                      -9.6439417
                  2.9925                      -9.7914938
                   2.995                      -9.9402675
                  2.9975                      -10.090934
                       3                       -10.24412
