        Frequency / GHz                System Tot. Efficiency [AC2]/abs,dB
----------------------------------------------------------------------
                    0.69                      -10.493602
                    0.78                      -5.1863971
                    0.87                      -7.2430452
                    0.96                        -7.59904
                     1.7                      -5.1548934
                     1.8                      -5.2086593
                     1.9                      -4.4736476
                       2                      -3.8092949
                     2.1                      -3.4720581
                     2.2                      -3.6188835
                     2.3                      -4.2762012
                     2.4                      -5.2586289
                     2.5                      -6.3776583
                     2.6                      -7.5278434
                     2.7                      -8.6383385

