7.090000000000000000e+02 2.425262962826189861e-02
7.110000000000000000e+02 2.542857650016968826e-02
7.130000000000000000e+02 2.655480102763346090e-02
7.150000000000000000e+02 2.761944464185629028e-02
7.170000000000000000e+02 2.859950363099594828e-02
7.190000000000000000e+02 2.948310228442060921e-02
7.210000000000000000e+02 3.029052032948429535e-02
7.230000000000000000e+02 3.099508680363092031e-02
7.250000000000000000e+02 3.165427345224344075e-02
7.270000000000000000e+02 3.228052816963903476e-02
7.290000000000000000e+02 3.292140781030802182e-02
7.310000000000000000e+02 3.358761654615857739e-02
7.330000000000000000e+02 3.429617096698685252e-02
7.350000000000000000e+02 3.506508509350414471e-02
7.370000000000000000e+02 3.588240383255573984e-02
7.390000000000000000e+02 3.675212073822575753e-02
7.410000000000000000e+02 3.767170616331019101e-02
7.430000000000000000e+02 3.868869559659704471e-02
7.450000000000000000e+02 3.980224315737808383e-02
7.470000000000000000e+02 4.100613378858897207e-02
7.490000000000000000e+02 4.230618444095313180e-02
7.510000000000000000e+02 4.368449194103808664e-02
7.530000000000000000e+02 4.511452648481739658e-02
7.550000000000000000e+02 4.657462208229614514e-02
7.570000000000000000e+02 4.808819722676760389e-02
7.590000000000000000e+02 4.967737046905097709e-02
7.610000000000000000e+02 5.135101546249209309e-02
7.630000000000000000e+02 5.312048305818987265e-02
7.650000000000000000e+02 5.501325084756615580e-02
7.670000000000000000e+02 5.704184471578935267e-02
7.690000000000000000e+02 5.920964353052481088e-02
7.710000000000000000e+02 6.153845127570518186e-02
7.730000000000000000e+02 6.409122848270404349e-02
7.750000000000000000e+02 6.690781745244112066e-02
7.770000000000000000e+02 7.002870036677459609e-02
7.790000000000000000e+02 7.349379899223665302e-02
7.810000000000000000e+02 7.669314778763416940e-02
7.830000000000000000e+02 8.037539622813272278e-02
7.850000000000000000e+02 8.422282765945456051e-02
7.870000000000000000e+02 8.826402597320803789e-02
7.890000000000000000e+02 9.252102017977706372e-02
7.910000000000000000e+02 9.701633680700938456e-02
7.930000000000000000e+02 1.017481988749835697e-01
7.950000000000000000e+02 1.067583139352642763e-01
7.970000000000000000e+02 1.120110704426043047e-01
7.990000000000000000e+02 1.175953321020095227e-01
8.010000000000000000e+02 1.235812614801605480e-01
8.030000000000000000e+02 1.300052042808864661e-01
8.050000000000000000e+02 1.368942242402929055e-01
8.070000000000000000e+02 1.438353645033966788e-01
8.090000000000000000e+02 1.513025505715014374e-01
8.110000000000000000e+02 1.593466081652070432e-01
8.130000000000000000e+02 1.679206056536562963e-01
8.150000000000000000e+02 1.770359423027829393e-01
8.170000000000000000e+02 1.857172064521112054e-01
8.190000000000000000e+02 1.947687354215306421e-01
8.210000000000000000e+02 2.047706344381196031e-01
8.230000000000000000e+02 2.147794650213712686e-01
8.250000000000000000e+02 2.250600323514258538e-01
8.270000000000000000e+02 2.348472870681733993e-01
8.290000000000000000e+02 2.448615626919860844e-01
8.310000000000000000e+02 2.551421518912835307e-01
8.330000000000000000e+02 2.658690142161435066e-01
8.350000000000000000e+02 2.769503411967919049e-01
8.370000000000000000e+02 2.879954822478532073e-01
8.390000000000000000e+02 2.991685411168385489e-01
8.410000000000000000e+02 3.103744935109814529e-01
8.430000000000000000e+02 3.213201151110040565e-01
8.450000000000000000e+02 3.318885656729620992e-01
8.470000000000000000e+02 3.428890883991726479e-01
8.490000000000000000e+02 3.534975283358228193e-01
8.510000000000000000e+02 3.635542777431454153e-01
8.530000000000000000e+02 3.729256505233355945e-01
8.550000000000000000e+02 3.815216202611393936e-01
8.570000000000000000e+02 3.910014032959961972e-01
8.590000000000000000e+02 3.997656634590590063e-01
8.610000000000000000e+02 4.077755068968840213e-01
8.630000000000000000e+02 4.151694326814294178e-01
8.650000000000000000e+02 4.218695421718254845e-01
8.670000000000000000e+02 4.290465049449163626e-01
8.690000000000000000e+02 4.354370431723780799e-01
8.710000000000000000e+02 4.409274556692051594e-01
8.730000000000000000e+02 4.453396241719533299e-01
8.750000000000000000e+02 4.485822812338720600e-01
8.770000000000000000e+02 4.509016011908862365e-01
8.790000000000000000e+02 4.522396507280979083e-01
8.810000000000000000e+02 4.526565179834506347e-01
8.830000000000000000e+02 4.520370703513394428e-01
8.850000000000000000e+02 4.508047526998677501e-01
8.870000000000000000e+02 4.485751602774549207e-01
8.890000000000000000e+02 4.456524483507692258e-01
8.910000000000000000e+02 4.420970689778369600e-01
8.930000000000000000e+02 4.380730398026555505e-01
8.950000000000000000e+02 4.336104034298527421e-01
8.970000000000000000e+02 4.286110379224318812e-01
8.990000000000000000e+02 4.232283282000559588e-01
9.010000000000000000e+02 4.175425178338751375e-01
9.030000000000000000e+02 4.113692135280251350e-01
9.050000000000000000e+02 4.048686181827854669e-01
9.070000000000000000e+02 3.975535674693148613e-01
9.090000000000000000e+02 3.899836868535644929e-01
9.110000000000000000e+02 3.821875404757812955e-01
9.130000000000000000e+02 3.743182397523463489e-01
9.150000000000000000e+02 3.664813251844026842e-01
9.170000000000000000e+02 3.586472489043204814e-01
9.190000000000000000e+02 3.505490435922789527e-01
9.210000000000000000e+02 3.422618710769341765e-01
9.230000000000000000e+02 3.344381445512819018e-01
9.250000000000000000e+02 3.268517595175176038e-01
9.270000000000000000e+02 3.193598116443366886e-01
9.290000000000000000e+02 3.121666943661107196e-01
9.310000000000000000e+02 3.052559722499774142e-01
9.330000000000000000e+02 2.985033492662246268e-01
9.350000000000000000e+02 2.918779578349324777e-01
9.370000000000000000e+02 2.846969180030973767e-01
9.390000000000000000e+02 2.776965118290043999e-01
9.410000000000000000e+02 2.708627876286505698e-01
1.729000000000000000e+03 1.379658820471455216e-01
1.731000000000000000e+03 1.374567833879594136e-01
1.733000000000000000e+03 1.369307099620340473e-01
1.735000000000000000e+03 1.363623661555543598e-01
1.737000000000000000e+03 1.356984587839248357e-01
1.739000000000000000e+03 1.349545953158807488e-01
1.741000000000000000e+03 1.341268492707957394e-01
1.743000000000000000e+03 1.331588166960553654e-01
1.745000000000000000e+03 1.320441099835875376e-01
1.747000000000000000e+03 1.308164801565283863e-01
1.749000000000000000e+03 1.294513175595964627e-01
1.751000000000000000e+03 1.279678047071326208e-01
1.753000000000000000e+03 1.264372661292954836e-01
1.755000000000000000e+03 1.248800110415895920e-01
1.757000000000000000e+03 1.232644711698295675e-01
1.759000000000000000e+03 1.216706775368227716e-01
1.761000000000000000e+03 1.201406373735814520e-01
1.763000000000000000e+03 1.186585165448637430e-01
1.765000000000000000e+03 1.172425866136300732e-01
1.767000000000000000e+03 1.158080268487399200e-01
1.769000000000000000e+03 1.144106906810768709e-01
1.771000000000000000e+03 1.130425351070296763e-01
1.773000000000000000e+03 1.116984271956003999e-01
1.775000000000000000e+03 1.103858844039009579e-01
1.777000000000000000e+03 1.090270150772181534e-01
1.779000000000000000e+03 1.076667942026290348e-01
1.781000000000000000e+03 1.062730639019947992e-01
1.783000000000000000e+03 1.048533773555994364e-01
1.785000000000000000e+03 1.033993599381977102e-01
1.787000000000000000e+03 1.018916355014056335e-01
1.789000000000000000e+03 1.003613229343328916e-01
1.791000000000000000e+03 9.881876115118666537e-02
1.793000000000000000e+03 9.723834868463472614e-02
1.795000000000000000e+03 9.563269963939832752e-02
1.797000000000000000e+03 9.407640307432381388e-02
1.799000000000000000e+03 9.254441034067663330e-02
1.801000000000000000e+03 9.105227380450363339e-02
1.803000000000000000e+03 8.963067212032423126e-02
1.805000000000000000e+03 8.825730970511859452e-02
1.807000000000000000e+03 8.696939319465327167e-02
1.809000000000000000e+03 8.571780514499562076e-02
1.811000000000000000e+03 8.449203567180207930e-02
1.813000000000000000e+03 8.379836936604645459e-02
1.815000000000000000e+03 8.312350856557938761e-02
1.817000000000000000e+03 8.252430522828264892e-02
1.819000000000000000e+03 8.194123246043547026e-02
1.821000000000000000e+03 8.136201561688896633e-02
1.823000000000000000e+03 8.076292113105566772e-02
1.825000000000000000e+03 8.012736692597779986e-02
1.827000000000000000e+03 7.945605224504816155e-02
1.829000000000000000e+03 7.872794298985957839e-02
1.831000000000000000e+03 7.795042837615585862e-02
1.833000000000000000e+03 7.713794809771831740e-02
1.835000000000000000e+03 7.630723825032563468e-02
1.837000000000000000e+03 7.543506042623512875e-02
1.839000000000000000e+03 7.457193274059807642e-02
1.841000000000000000e+03 7.372722663334312088e-02
1.843000000000000000e+03 7.290118288347802178e-02
1.845000000000000000e+03 7.211762514627281795e-02
1.847000000000000000e+03 7.137653935433319052e-02
1.849000000000000000e+03 7.067970763952355351e-02
1.851000000000000000e+03 7.002295139480899100e-02
1.853000000000000000e+03 6.890923478367864952e-02
1.855000000000000000e+03 6.784186186503742000e-02
1.857000000000000000e+03 6.679788748407931853e-02
1.859000000000000000e+03 6.577775156045975735e-02
1.861000000000000000e+03 6.475939492744590964e-02
1.863000000000000000e+03 6.372440725237119019e-02
1.865000000000000000e+03 6.267715537583132268e-02
1.867000000000000000e+03 6.162101932504875090e-02
1.869000000000000000e+03 6.056850454547998974e-02
1.871000000000000000e+03 5.952675726250379606e-02
1.873000000000000000e+03 5.852276851056515544e-02
1.875000000000000000e+03 5.755741266095692338e-02
1.877000000000000000e+03 5.664453550885246991e-02
1.879000000000000000e+03 5.577717895182242314e-02
1.881000000000000000e+03 5.495972584690669849e-02
1.883000000000000000e+03 5.418220334708987590e-02
1.885000000000000000e+03 5.343809821065822335e-02
1.887000000000000000e+03 5.272574209270985274e-02
1.889000000000000000e+03 5.203336707171062059e-02
1.891000000000000000e+03 5.135723920398434922e-02
1.893000000000000000e+03 5.067198188994895963e-02
1.895000000000000000e+03 4.996425871818684777e-02
1.897000000000000000e+03 4.923226999592442837e-02
1.899000000000000000e+03 4.846150439379612318e-02
1.901000000000000000e+03 4.766415586081721584e-02
1.903000000000000000e+03 4.686025245833077418e-02
1.905000000000000000e+03 4.604998161701429754e-02
1.907000000000000000e+03 4.524649870035611643e-02
1.909000000000000000e+03 4.445544099927702802e-02
1.911000000000000000e+03 4.369295860492749400e-02
1.913000000000000000e+03 4.294967866768228254e-02
1.915000000000000000e+03 4.223120579293410809e-02
1.917000000000000000e+03 4.153894989026719886e-02
1.919000000000000000e+03 4.087291225710241310e-02
1.921000000000000000e+03 4.022381794903997360e-02
1.923000000000000000e+03 3.961523154359355287e-02
1.925000000000000000e+03 3.903625739475001521e-02
1.927000000000000000e+03 3.848074634423324231e-02
1.929000000000000000e+03 3.794675602204809067e-02
1.931000000000000000e+03 3.742624117906846043e-02
1.933000000000000000e+03 3.690566130453161453e-02
1.935000000000000000e+03 3.637541939709209443e-02
1.937000000000000000e+03 3.583223751228163667e-02
1.939000000000000000e+03 3.527725046053663271e-02
1.941000000000000000e+03 3.471482550052355093e-02
1.943000000000000000e+03 3.414877932679240280e-02
1.945000000000000000e+03 3.358512679745773166e-02
1.947000000000000000e+03 3.303253637479747207e-02
1.949000000000000000e+03 3.250060092591794403e-02
1.951000000000000000e+03 3.198925599385674806e-02
1.953000000000000000e+03 3.150765902286902648e-02
1.955000000000000000e+03 3.105494279855388826e-02
1.957000000000000000e+03 3.062284148335688710e-02
1.959000000000000000e+03 3.021324954590661610e-02
1.961000000000000000e+03 2.982318310609137837e-02
1.963000000000000000e+03 2.943840713857325334e-02
1.965000000000000000e+03 2.905392331656751065e-02
1.967000000000000000e+03 2.867050414536183658e-02
1.969000000000000000e+03 2.828093684116932127e-02
1.971000000000000000e+03 2.788109269269048451e-02
1.973000000000000000e+03 2.746691561170836945e-02
1.975000000000000000e+03 2.704355631837079485e-02
1.977000000000000000e+03 2.660615814518731137e-02
1.979000000000000000e+03 2.616462722551611900e-02
1.981000000000000000e+03 2.571922459526043009e-02
1.983000000000000000e+03 2.530447988059665240e-02
1.985000000000000000e+03 2.492400922247383147e-02
1.987000000000000000e+03 2.456393298078890855e-02
1.989000000000000000e+03 2.421621267457476148e-02
1.991000000000000000e+03 2.388351358941523395e-02
1.993000000000000000e+03 2.355825170223801654e-02
1.995000000000000000e+03 2.324234937579101531e-02
1.997000000000000000e+03 2.293779753665246834e-02
1.999000000000000000e+03 2.264088090042956983e-02
2.001000000000000000e+03 2.235076412083258565e-02
2.003000000000000000e+03 2.206730674389080146e-02
2.005000000000000000e+03 2.178971092006611043e-02
2.007000000000000000e+03 2.150805565837503666e-02
2.009000000000000000e+03 2.122937953779433992e-02
2.011000000000000000e+03 2.095074029777379068e-02
2.013000000000000000e+03 2.067604403505433203e-02
2.015000000000000000e+03 2.039952865115189293e-02
2.017000000000000000e+03 2.011928284960672747e-02
2.019000000000000000e+03 1.983780444061850751e-02
2.021000000000000000e+03 1.955636958295245073e-02
2.023000000000000000e+03 1.924520713439818384e-02
2.025000000000000000e+03 1.890988257458316169e-02
2.027000000000000000e+03 1.856676585710418520e-02
2.029000000000000000e+03 1.823110039233124396e-02
2.031000000000000000e+03 1.790649694354997865e-02
2.033000000000000000e+03 1.760052472726398795e-02
2.035000000000000000e+03 1.731329357760807292e-02
2.037000000000000000e+03 1.704435682380939579e-02
2.039000000000000000e+03 1.679074000061377483e-02
2.041000000000000000e+03 1.654825132353367201e-02
2.043000000000000000e+03 1.631595842065453050e-02
2.045000000000000000e+03 1.609726914013371452e-02
2.047000000000000000e+03 1.589632837913625488e-02
2.049000000000000000e+03 1.570557438741267825e-02
2.051000000000000000e+03 1.552224449667127110e-02
2.053000000000000000e+03 1.533664908698910596e-02
2.055000000000000000e+03 1.515407038128156920e-02
2.057000000000000000e+03 1.497937857247108595e-02
2.059000000000000000e+03 1.480561802580711295e-02
2.061000000000000000e+03 1.463870767332474225e-02
2.063000000000000000e+03 1.447563556523802017e-02
2.065000000000000000e+03 1.431834800470481450e-02
2.067000000000000000e+03 1.417176595631953681e-02
2.069000000000000000e+03 1.403267595841252435e-02
2.071000000000000000e+03 1.390127480474385308e-02
2.073000000000000000e+03 1.378064936429424132e-02
2.075000000000000000e+03 1.367321161779178409e-02
2.077000000000000000e+03 1.357283122206252683e-02
2.079000000000000000e+03 1.348080519072922950e-02
2.081000000000000000e+03 1.340081795397229762e-02
2.083000000000000000e+03 1.332447737234640321e-02
2.085000000000000000e+03 1.324980637307450471e-02
2.087000000000000000e+03 1.317075477349182074e-02
2.089000000000000000e+03 1.309243735639846820e-02
2.091000000000000000e+03 1.301655770448161345e-02
2.093000000000000000e+03 1.294932024635343099e-02
2.095000000000000000e+03 1.288551473501869243e-02
2.097000000000000000e+03 1.281962697799267359e-02
2.099000000000000000e+03 1.276058466100343097e-02
2.101000000000000000e+03 1.270066386554724591e-02
2.103000000000000000e+03 1.264784725645282104e-02
2.105000000000000000e+03 1.259912472709820604e-02
2.107000000000000000e+03 1.254829433398065713e-02
2.109000000000000000e+03 1.250220679566776613e-02
2.111000000000000000e+03 1.246157496820889977e-02
2.113000000000000000e+03 1.242203195737077819e-02
2.115000000000000000e+03 1.238342094496066789e-02
2.117000000000000000e+03 1.234444790913674303e-02
2.119000000000000000e+03 1.231038305743244188e-02
2.121000000000000000e+03 1.227814959134500630e-02
2.123000000000000000e+03 1.224944186585143549e-02
2.125000000000000000e+03 1.222709563263989219e-02
2.127000000000000000e+03 1.221288029105960411e-02
2.129000000000000000e+03 1.220225715181985811e-02
2.131000000000000000e+03 1.219040910108961512e-02
2.133000000000000000e+03 1.217940100989424804e-02
2.135000000000000000e+03 1.216542461334608853e-02
2.137000000000000000e+03 1.215057054287993661e-02
2.139000000000000000e+03 1.212819227701457565e-02
2.141000000000000000e+03 1.210609767549643279e-02
2.143000000000000000e+03 1.207984267828264915e-02
2.145000000000000000e+03 1.204959094884087457e-02
2.147000000000000000e+03 1.201629804964419145e-02
2.149000000000000000e+03 1.198076860214214445e-02
2.151000000000000000e+03 1.194214173032834107e-02
2.153000000000000000e+03 1.190399309549606752e-02
2.155000000000000000e+03 1.186654097667248949e-02
2.157000000000000000e+03 1.182444159519180013e-02
2.159000000000000000e+03 1.177758411250022681e-02
2.161000000000000000e+03 1.172974672936775986e-02
2.163000000000000000e+03 1.168165655165700687e-02
2.165000000000000000e+03 1.163196385860440496e-02
2.167000000000000000e+03 1.157481230498894759e-02
2.169000000000000000e+03 1.151621868110605171e-02
2.171000000000000000e+03 1.145844657456668650e-02
2.173000000000000000e+03 1.139512636002875529e-02
2.175000000000000000e+03 1.132928506094037745e-02
2.177000000000000000e+03 1.125733372846348009e-02
2.179000000000000000e+03 1.118386194506432868e-02
2.181000000000000000e+03 1.110560546363084308e-02
2.183000000000000000e+03 1.102798399302590444e-02
2.185000000000000000e+03 1.095295560881456680e-02
2.187000000000000000e+03 1.088758354547744028e-02
2.189000000000000000e+03 1.082490212491342418e-02
2.191000000000000000e+03 1.076772905318311262e-02
2.193000000000000000e+03 1.071311073786034192e-02
2.195000000000000000e+03 1.066059607984167802e-02
2.197000000000000000e+03 1.062231285403235359e-02
2.199000000000000000e+03 1.058953945263374843e-02
2.201000000000000000e+03 1.055811726743902286e-02
2.203000000000000000e+03 1.052622232164023529e-02
2.205000000000000000e+03 1.049191519392732481e-02
2.207000000000000000e+03 1.045857765321328570e-02
2.209000000000000000e+03 1.042167314234974593e-02
2.211000000000000000e+03 1.038200161270422771e-02
2.213000000000000000e+03 1.034767604936119405e-02
2.215000000000000000e+03 1.031981578330537150e-02
2.217000000000000000e+03 1.029174803015030920e-02
2.219000000000000000e+03 1.025487368956788312e-02
2.221000000000000000e+03 1.020863293446616117e-02
2.223000000000000000e+03 1.015507106036706020e-02
2.225000000000000000e+03 1.010222542855655770e-02
2.227000000000000000e+03 1.004893437808548722e-02
2.229000000000000000e+03 1.000248163871775287e-02
2.231000000000000000e+03 9.959466347405646069e-03
2.233000000000000000e+03 9.915274112328221340e-03
2.235000000000000000e+03 9.874317417625360152e-03
2.237000000000000000e+03 9.834203965602824823e-03
2.239000000000000000e+03 9.806835441576212953e-03
2.241000000000000000e+03 9.790161946319970651e-03
2.243000000000000000e+03 9.781552235421582184e-03
2.245000000000000000e+03 9.769116732558239327e-03
2.247000000000000000e+03 9.741693001151678633e-03
2.249000000000000000e+03 9.700690656503791962e-03
2.251000000000000000e+03 9.647663418954925338e-03
2.253000000000000000e+03 9.584227234522129865e-03
2.255000000000000000e+03 9.512671502317580213e-03
2.257000000000000000e+03 9.433117151323550456e-03
2.259000000000000000e+03 9.355582738695441061e-03
2.261000000000000000e+03 9.277584550541100733e-03
2.263000000000000000e+03 9.209748003789248669e-03
2.265000000000000000e+03 9.148566980241414417e-03
2.267000000000000000e+03 9.091213071662083284e-03
2.269000000000000000e+03 9.037372536528412090e-03
2.271000000000000000e+03 8.989453646952971777e-03
2.273000000000000000e+03 8.950363402782686786e-03
2.275000000000000000e+03 8.915617600072452478e-03
2.277000000000000000e+03 8.880595043117518045e-03
2.279000000000000000e+03 8.837156298949429972e-03
2.281000000000000000e+03 8.783835846464808222e-03
2.283000000000000000e+03 8.720868621475481863e-03
2.285000000000000000e+03 8.654736297018156277e-03
2.287000000000000000e+03 8.594092245521179133e-03
2.289000000000000000e+03 8.538770883526348651e-03
2.291000000000000000e+03 8.480542859658414534e-03
2.293000000000000000e+03 8.415682109250055901e-03
2.295000000000000000e+03 8.342567367840622930e-03
2.297000000000000000e+03 8.268760995723120275e-03
2.299000000000000000e+03 8.198932573706980281e-03
2.301000000000000000e+03 8.141566727239465950e-03
2.303000000000000000e+03 8.088634635400609660e-03
2.305000000000000000e+03 8.037753193516562061e-03
2.307000000000000000e+03 7.991842341922175338e-03
2.309000000000000000e+03 7.947676274239638683e-03
2.311000000000000000e+03 7.905677029892773863e-03
2.313000000000000000e+03 7.866545910360425026e-03
2.315000000000000000e+03 7.828056383389698364e-03
2.317000000000000000e+03 7.792862419972886555e-03
2.319000000000000000e+03 7.757980931053842788e-03
2.321000000000000000e+03 7.720974882849942697e-03
2.323000000000000000e+03 7.683458595734705271e-03
2.325000000000000000e+03 7.643923941909215071e-03
2.327000000000000000e+03 7.603512710195813387e-03
2.329000000000000000e+03 7.560593316733455437e-03
2.331000000000000000e+03 7.517431718328496278e-03
2.333000000000000000e+03 7.473327802709546497e-03
2.335000000000000000e+03 7.428828911377936828e-03
2.337000000000000000e+03 7.389034632183048151e-03
2.339000000000000000e+03 7.351487871231910699e-03
2.341000000000000000e+03 7.317467695060006320e-03
2.343000000000000000e+03 7.283232258432214591e-03
2.345000000000000000e+03 7.251750363138911686e-03
2.347000000000000000e+03 7.219940585090645416e-03
2.349000000000000000e+03 7.189669609468078530e-03
2.351000000000000000e+03 7.161191713816267290e-03
2.353000000000000000e+03 7.134496796804830170e-03
2.355000000000000000e+03 7.107890925738455032e-03
2.357000000000000000e+03 7.081092583939515434e-03
2.359000000000000000e+03 7.054269497514127282e-03
2.361000000000000000e+03 7.029066997152918009e-03
2.363000000000000000e+03 7.002566035294971805e-03
2.365000000000000000e+03 6.974899656664615595e-03
2.367000000000000000e+03 6.946043516487789005e-03
2.369000000000000000e+03 6.913132515814888850e-03
2.371000000000000000e+03 6.882241792152264670e-03
2.373000000000000000e+03 6.850955243462623911e-03
2.375000000000000000e+03 6.821252527452589288e-03
2.377000000000000000e+03 6.791625474651041480e-03
2.379000000000000000e+03 6.766171245536418098e-03
2.381000000000000000e+03 6.736869944920086985e-03
2.383000000000000000e+03 6.712084032931385155e-03
2.385000000000000000e+03 6.686907174608688366e-03
2.387000000000000000e+03 6.667385539271952245e-03
2.389000000000000000e+03 6.648799973810116254e-03
2.391000000000000000e+03 6.629177578987300798e-03
2.393000000000000000e+03 6.607579425601153855e-03
2.395000000000000000e+03 6.585321847208077881e-03
2.397000000000000000e+03 6.560829455434596079e-03
2.399000000000000000e+03 6.533098391731860695e-03
2.401000000000000000e+03 6.502655354798022973e-03
2.403000000000000000e+03 6.470606174651087270e-03
2.405000000000000000e+03 6.437377919347154163e-03
2.407000000000000000e+03 6.400497303369038875e-03
2.409000000000000000e+03 6.365126178426582133e-03
2.411000000000000000e+03 6.324763022360443097e-03
2.413000000000000000e+03 6.284447924237303307e-03
2.415000000000000000e+03 6.244660562740872965e-03
2.417000000000000000e+03 6.205988209657082449e-03
2.419000000000000000e+03 6.167001165071312602e-03
2.421000000000000000e+03 6.134872225939837567e-03
2.423000000000000000e+03 6.101583342352700709e-03
2.425000000000000000e+03 6.072313313552966767e-03
2.427000000000000000e+03 6.040354844740488879e-03
2.429000000000000000e+03 6.011152411830304743e-03
2.431000000000000000e+03 5.984490020002300459e-03
2.433000000000000000e+03 5.959319826183561049e-03
2.435000000000000000e+03 5.935839078478136362e-03
2.437000000000000000e+03 5.913269256313115341e-03
2.439000000000000000e+03 5.890242735293188710e-03
2.441000000000000000e+03 5.865230874022677073e-03
2.443000000000000000e+03 5.838253743828018989e-03
2.445000000000000000e+03 5.807588577617793686e-03
2.447000000000000000e+03 5.775201523259734793e-03
2.449000000000000000e+03 5.739195317191635691e-03
2.451000000000000000e+03 5.704142746608405895e-03
2.453000000000000000e+03 5.666568125484452122e-03
2.455000000000000000e+03 5.627841447665123467e-03
2.457000000000000000e+03 5.591230779709984063e-03
2.459000000000000000e+03 5.553740189802346301e-03
2.461000000000000000e+03 5.517169211963219265e-03
2.463000000000000000e+03 5.481707868911302878e-03
2.465000000000000000e+03 5.445291768644396069e-03
2.467000000000000000e+03 5.410829478978329901e-03
2.469000000000000000e+03 5.376742637761743916e-03
2.471000000000000000e+03 5.345855665349097049e-03
2.473000000000000000e+03 5.314298679136819983e-03
2.475000000000000000e+03 5.282034170840480339e-03
2.477000000000000000e+03 5.245981916172425506e-03
2.479000000000000000e+03 5.209446956204560365e-03
2.481000000000000000e+03 5.176204625845837182e-03
2.483000000000000000e+03 5.139407435373899609e-03
2.485000000000000000e+03 5.102772055520581398e-03
2.487000000000000000e+03 5.064843928749720656e-03
2.489000000000000000e+03 5.030243103766092287e-03
2.491000000000000000e+03 4.993642957396900867e-03
2.493000000000000000e+03 4.958754437223015718e-03
2.495000000000000000e+03 4.926800839171753196e-03
2.497000000000000000e+03 4.893458040318695267e-03
2.499000000000000000e+03 4.861910896943513923e-03
2.501000000000000000e+03 4.833563056218979914e-03
2.503000000000000000e+03 4.807929959429984093e-03
2.505000000000000000e+03 4.783674491491745652e-03
2.507000000000000000e+03 4.756579469425286331e-03
2.509000000000000000e+03 4.731301526959508404e-03
2.511000000000000000e+03 4.703094606284190932e-03
2.513000000000000000e+03 4.677237355619083548e-03
2.515000000000000000e+03 4.651034632153239548e-03
2.517000000000000000e+03 4.626303943919413131e-03
2.519000000000000000e+03 4.600756324352208403e-03
2.521000000000000000e+03 4.570302407040259182e-03
2.523000000000000000e+03 4.543478123461773023e-03
2.525000000000000000e+03 4.517044977460574727e-03
2.527000000000000000e+03 4.492157016702393903e-03
2.529000000000000000e+03 4.465222579208203563e-03
2.531000000000000000e+03 4.439095520434867617e-03
2.533000000000000000e+03 4.414142647571453297e-03
2.535000000000000000e+03 4.388685959735824475e-03
2.537000000000000000e+03 4.366922311324512689e-03
2.539000000000000000e+03 4.346490092450566028e-03
2.541000000000000000e+03 4.326864930743824604e-03
2.543000000000000000e+03 4.307355168775977260e-03
2.545000000000000000e+03 4.289952217246963996e-03
2.547000000000000000e+03 4.277432991819624976e-03
2.549000000000000000e+03 4.264369471623810810e-03
2.551000000000000000e+03 4.252447409555840108e-03
2.553000000000000000e+03 4.240874411993762402e-03
2.555000000000000000e+03 4.231368874166304556e-03
2.557000000000000000e+03 4.222423457487970572e-03
2.559000000000000000e+03 4.214140251861093513e-03
2.561000000000000000e+03 4.203329783061375731e-03
2.563000000000000000e+03 4.190224676140645414e-03
2.565000000000000000e+03 4.175141254198941679e-03
2.567000000000000000e+03 4.157663600176263533e-03
2.569000000000000000e+03 4.140352239914350460e-03
2.571000000000000000e+03 4.122126854096191603e-03
2.573000000000000000e+03 4.104970993428577568e-03
2.575000000000000000e+03 4.087355443539915714e-03
2.577000000000000000e+03 4.068383367460354748e-03
2.579000000000000000e+03 4.050526269646304890e-03
2.581000000000000000e+03 4.031758049788567236e-03
2.583000000000000000e+03 4.013992018908623879e-03
2.585000000000000000e+03 3.996675705332411281e-03
2.587000000000000000e+03 3.979233916200465744e-03
2.589000000000000000e+03 3.961940461834781955e-03
2.591000000000000000e+03 3.945471599713664020e-03
2.593000000000000000e+03 3.925765516703710531e-03
2.595000000000000000e+03 3.903759280420065775e-03
2.597000000000000000e+03 3.878344826641981578e-03
2.599000000000000000e+03 3.849333377212300379e-03
2.601000000000000000e+03 3.820173851601744910e-03
2.603000000000000000e+03 3.791243788035047069e-03
2.605000000000000000e+03 3.761490500215138120e-03
2.607000000000000000e+03 3.734006449899839389e-03
2.609000000000000000e+03 3.706033119711093539e-03
2.611000000000000000e+03 3.681467465186294332e-03
2.613000000000000000e+03 3.657948092164251333e-03
2.615000000000000000e+03 3.638111939896384976e-03
2.617000000000000000e+03 3.620706656779309768e-03
2.619000000000000000e+03 3.605952343227380487e-03
2.621000000000000000e+03 3.593513546442235213e-03
2.623000000000000000e+03 3.581604797875064146e-03
2.625000000000000000e+03 3.569986061968520846e-03
2.627000000000000000e+03 3.559990925110109901e-03
2.629000000000000000e+03 3.550594539663437001e-03
2.631000000000000000e+03 3.538460028608544569e-03
