7.090000000000000000e+02 1.640726827324516870e-02
7.110000000000000000e+02 1.723082261062219844e-02
7.130000000000000000e+02 1.802422172155667898e-02
7.150000000000000000e+02 1.877209604327421261e-02
7.170000000000000000e+02 1.945995929039995645e-02
7.190000000000000000e+02 2.008272225899535718e-02
7.210000000000000000e+02 2.064563863430431828e-02
7.230000000000000000e+02 2.112963065188356096e-02
7.250000000000000000e+02 2.156911347281402144e-02
7.270000000000000000e+02 2.197189491667496386e-02
7.290000000000000000e+02 2.236180787478055099e-02
7.310000000000000000e+02 2.274491309798439345e-02
7.330000000000000000e+02 2.312950733545514337e-02
7.350000000000000000e+02 2.352371705300723009e-02
7.370000000000000000e+02 2.392155937507005337e-02
7.390000000000000000e+02 2.431936431153730593e-02
7.410000000000000000e+02 2.471759191261039754e-02
7.430000000000000000e+02 2.513897567316162457e-02
7.450000000000000000e+02 2.558506272310083485e-02
7.470000000000000000e+02 2.605028610440364781e-02
7.490000000000000000e+02 2.653763515335500964e-02
7.510000000000000000e+02 2.703754409929510008e-02
7.530000000000000000e+02 2.752877525135932063e-02
7.550000000000000000e+02 2.800811024588650833e-02
7.570000000000000000e+02 2.848389705858778848e-02
7.590000000000000000e+02 2.896536877261310372e-02
7.610000000000000000e+02 2.945740441295300813e-02
7.630000000000000000e+02 2.996196965743207208e-02
7.650000000000000000e+02 3.048945526849432264e-02
7.670000000000000000e+02 3.104250729618680121e-02
7.690000000000000000e+02 3.161941488819228901e-02
7.710000000000000000e+02 3.222224561428697204e-02
7.730000000000000000e+02 3.287420143616896079e-02
7.750000000000000000e+02 3.358410905195338692e-02
7.770000000000000000e+02 3.436605434193958086e-02
7.790000000000000000e+02 3.523459057580473341e-02
7.810000000000000000e+02 3.597942064719553829e-02
7.830000000000000000e+02 3.685779829895860504e-02
7.850000000000000000e+02 3.773935331988710618e-02
7.870000000000000000e+02 3.863702241932898823e-02
7.890000000000000000e+02 3.956118553207001870e-02
7.910000000000000000e+02 4.052094724720791546e-02
7.930000000000000000e+02 4.151474983937394891e-02
7.950000000000000000e+02 4.255298263309069406e-02
7.970000000000000000e+02 4.361572214413243775e-02
7.990000000000000000e+02 4.472667211902448675e-02
8.010000000000000000e+02 4.589816128470521756e-02
8.030000000000000000e+02 4.713927063791408661e-02
8.050000000000000000e+02 4.845072192379237114e-02
8.070000000000000000e+02 4.971212514128656168e-02
8.090000000000000000e+02 5.106067953189658698e-02
8.110000000000000000e+02 5.251073299906688918e-02
8.130000000000000000e+02 5.404833983339220327e-02
8.150000000000000000e+02 5.567912396923873491e-02
8.170000000000000000e+02 5.715415516349976743e-02
8.190000000000000000e+02 5.868870010356934397e-02
8.210000000000000000e+02 6.049699854400784199e-02
8.230000000000000000e+02 6.226240936447590552e-02
8.250000000000000000e+02 6.410507057491512950e-02
8.270000000000000000e+02 6.584055015971909675e-02
8.290000000000000000e+02 6.763775521725649831e-02
8.310000000000000000e+02 6.950813747549658417e-02
8.330000000000000000e+02 7.150691451122695441e-02
8.350000000000000000e+02 7.362378023019901241e-02
8.370000000000000000e+02 7.580750412403944316e-02
8.390000000000000000e+02 7.809908382909049041e-02
8.410000000000000000e+02 8.050540889069607298e-02
8.430000000000000000e+02 8.299825973325332396e-02
8.450000000000000000e+02 8.559363680666476348e-02
8.470000000000000000e+02 8.857588231799265466e-02
8.490000000000000000e+02 9.176087960428985779e-02
8.510000000000000000e+02 9.514851114420554146e-02
8.530000000000000000e+02 9.874175064314064110e-02
8.550000000000000000e+02 1.025475352769163184e-01
8.570000000000000000e+02 1.070711075539410445e-01
8.590000000000000000e+02 1.118776448584811040e-01
8.610000000000000000e+02 1.169493978795537320e-01
8.630000000000000000e+02 1.223398088413820972e-01
8.650000000000000000e+02 1.280140257287203376e-01
8.670000000000000000e+02 1.343238892199846990e-01
8.690000000000000000e+02 1.409366679442029258e-01
8.710000000000000000e+02 1.478578043163535638e-01
8.730000000000000000e+02 1.551097845687699206e-01
8.750000000000000000e+02 1.626945147356944898e-01
8.770000000000000000e+02 1.706448286295686456e-01
8.790000000000000000e+02 1.791318370101300794e-01
8.810000000000000000e+02 1.882409146558866875e-01
8.830000000000000000e+02 1.978028248927044541e-01
8.850000000000000000e+02 2.081031362697640108e-01
8.870000000000000000e+02 2.190302472442851867e-01
8.890000000000000000e+02 2.305625755372040508e-01
8.910000000000000000e+02 2.426295053197635443e-01
8.930000000000000000e+02 2.552004968059002898e-01
8.950000000000000000e+02 2.681643119019812005e-01
8.970000000000000000e+02 2.818994957732360307e-01
8.990000000000000000e+02 2.958887583615421590e-01
9.010000000000000000e+02 3.100941957010386330e-01
9.030000000000000000e+02 3.242274477017346168e-01
9.050000000000000000e+02 3.383131853064534900e-01
9.070000000000000000e+02 3.521002279382342004e-01
9.090000000000000000e+02 3.658192274129951072e-01
9.110000000000000000e+02 3.794007438948583388e-01
9.130000000000000000e+02 3.929803487827792097e-01
9.150000000000000000e+02 4.064608980129605920e-01
9.170000000000000000e+02 4.194417657413652134e-01
9.190000000000000000e+02 4.314272445052454441e-01
9.210000000000000000e+02 4.423489297081589222e-01
9.230000000000000000e+02 4.528100975228240288e-01
9.250000000000000000e+02 4.626127070449731482e-01
9.270000000000000000e+02 4.713259204306251005e-01
9.290000000000000000e+02 4.792343610614797078e-01
9.310000000000000000e+02 4.862134533936696146e-01
9.330000000000000000e+02 4.920442202566492895e-01
9.350000000000000000e+02 4.967297702419266048e-01
9.370000000000000000e+02 4.994944433334858602e-01
9.390000000000000000e+02 5.013447478831650761e-01
9.410000000000000000e+02 5.023501443265960820e-01
1.729000000000000000e+03 4.044335357346442450e-01
1.731000000000000000e+03 4.065742673273726737e-01
1.733000000000000000e+03 4.087830675119318302e-01
1.735000000000000000e+03 4.110143971245768801e-01
1.737000000000000000e+03 4.130652478778441550e-01
1.739000000000000000e+03 4.150174361335959294e-01
1.741000000000000000e+03 4.168482529588640739e-01
1.743000000000000000e+03 4.184187898521989357e-01
1.745000000000000000e+03 4.196932843226260923e-01
1.747000000000000000e+03 4.207561754986132718e-01
1.749000000000000000e+03 4.215023752937540058e-01
1.751000000000000000e+03 4.219744466271394545e-01
1.753000000000000000e+03 4.223525911733813087e-01
1.755000000000000000e+03 4.226900664853691092e-01
1.757000000000000000e+03 4.227794769420747945e-01
1.759000000000000000e+03 4.228667568972606094e-01
1.761000000000000000e+03 4.230398382490557219e-01
1.763000000000000000e+03 4.231966833777236481e-01
1.765000000000000000e+03 4.233692766551312991e-01
1.767000000000000000e+03 4.232488298039212005e-01
1.769000000000000000e+03 4.230616644289696970e-01
1.771000000000000000e+03 4.228152372384649249e-01
1.773000000000000000e+03 4.224678908198993277e-01
1.775000000000000000e+03 4.220736593914007906e-01
1.777000000000000000e+03 4.213668892943812083e-01
1.779000000000000000e+03 4.205518375541290599e-01
1.781000000000000000e+03 4.195458452711485209e-01
1.783000000000000000e+03 4.183773866141867748e-01
1.785000000000000000e+03 4.170525226220108683e-01
1.787000000000000000e+03 4.154855016618031471e-01
1.789000000000000000e+03 4.138037774638954613e-01
1.791000000000000000e+03 4.119842553178930666e-01
1.793000000000000000e+03 4.099253377603267467e-01
1.795000000000000000e+03 4.075972572214959233e-01
1.797000000000000000e+03 4.052707219406986305e-01
1.799000000000000000e+03 4.028208379947012530e-01
1.801000000000000000e+03 4.002486421092420477e-01
1.803000000000000000e+03 3.976820958901300940e-01
1.805000000000000000e+03 3.950324770690085696e-01
1.807000000000000000e+03 3.924967955861075608e-01
1.809000000000000000e+03 3.898742908087710624e-01
1.811000000000000000e+03 3.871275304499777192e-01
1.813000000000000000e+03 3.868783682687957359e-01
1.815000000000000000e+03 3.865495431985381258e-01
1.817000000000000000e+03 3.864469481564216657e-01
1.819000000000000000e+03 3.863524979420813743e-01
1.821000000000000000e+03 3.862246876651229122e-01
1.823000000000000000e+03 3.859799480882863953e-01
1.825000000000000000e+03 3.855481032943777198e-01
1.827000000000000000e+03 3.849339383596103170e-01
1.829000000000000000e+03 3.840037762337509819e-01
1.831000000000000000e+03 3.827603975657267732e-01
1.833000000000000000e+03 3.811909768024557832e-01
1.835000000000000000e+03 3.793551846556690310e-01
1.837000000000000000e+03 3.771419814492037448e-01
1.839000000000000000e+03 3.747301290122383444e-01
1.841000000000000000e+03 3.721865954375575547e-01
1.843000000000000000e+03 3.695339654670962148e-01
1.845000000000000000e+03 3.668841909370250121e-01
1.847000000000000000e+03 3.642979854528963224e-01
1.849000000000000000e+03 3.617808406692706868e-01
1.851000000000000000e+03 3.593630048097199436e-01
1.853000000000000000e+03 3.545909496562513752e-01
1.855000000000000000e+03 3.500132984487419052e-01
1.857000000000000000e+03 3.455429249488574106e-01
1.859000000000000000e+03 3.411450926404461792e-01
1.861000000000000000e+03 3.367857521842967938e-01
1.863000000000000000e+03 3.323156724816248020e-01
1.865000000000000000e+03 3.277162190541969555e-01
1.867000000000000000e+03 3.230084632985203430e-01
1.869000000000000000e+03 3.182459211504001240e-01
1.871000000000000000e+03 3.134145149682156517e-01
1.873000000000000000e+03 3.086876757510637059e-01
1.875000000000000000e+03 3.040608459845959843e-01
1.877000000000000000e+03 2.995821787245907530e-01
1.879000000000000000e+03 2.952579480869766959e-01
1.881000000000000000e+03 2.910982182132254015e-01
1.883000000000000000e+03 2.870902664104058588e-01
1.885000000000000000e+03 2.832187926291063196e-01
1.887000000000000000e+03 2.794648186097339893e-01
1.889000000000000000e+03 2.758050330657718652e-01
1.891000000000000000e+03 2.722201725256918059e-01
1.893000000000000000e+03 2.685989780482520572e-01
1.895000000000000000e+03 2.648746118863127830e-01
1.897000000000000000e+03 2.610412554508059202e-01
1.899000000000000000e+03 2.570580981919138863e-01
1.901000000000000000e+03 2.529178606478745817e-01
1.903000000000000000e+03 2.487662717286577285e-01
1.905000000000000000e+03 2.445913635971461442e-01
1.907000000000000000e+03 2.404557556777640881e-01
1.909000000000000000e+03 2.363394095929673699e-01
1.911000000000000000e+03 2.323511555768603409e-01
1.913000000000000000e+03 2.284033827568196229e-01
1.915000000000000000e+03 2.245307161146137820e-01
1.917000000000000000e+03 2.207661269865004161e-01
1.919000000000000000e+03 2.170892477195415227e-01
1.921000000000000000e+03 2.135111226486671732e-01
1.923000000000000000e+03 2.101191869527211931e-01
1.925000000000000000e+03 2.068991442124780977e-01
1.927000000000000000e+03 2.038086035785836025e-01
1.929000000000000000e+03 2.008676893930804730e-01
1.931000000000000000e+03 1.980042079303284130e-01
1.933000000000000000e+03 1.951582551789723674e-01
1.935000000000000000e+03 1.922995186168734993e-01
1.937000000000000000e+03 1.894000465443362868e-01
1.939000000000000000e+03 1.864805010111967865e-01
1.941000000000000000e+03 1.835267623929489056e-01
1.943000000000000000e+03 1.805757025609354416e-01
1.945000000000000000e+03 1.776482223785346426e-01
1.947000000000000000e+03 1.747472779367372775e-01
1.949000000000000000e+03 1.719415336726851928e-01
1.951000000000000000e+03 1.692199584731061968e-01
1.953000000000000000e+03 1.666412210624671764e-01
1.955000000000000000e+03 1.642091966897219757e-01
1.957000000000000000e+03 1.618734394162198997e-01
1.959000000000000000e+03 1.596754159365817438e-01
1.961000000000000000e+03 1.575677809442782573e-01
1.963000000000000000e+03 1.555051241137109241e-01
1.965000000000000000e+03 1.534598960658714872e-01
1.967000000000000000e+03 1.514409883531679935e-01
1.969000000000000000e+03 1.493903683293314189e-01
1.971000000000000000e+03 1.473176361072948692e-01
1.973000000000000000e+03 1.451886751207964454e-01
1.975000000000000000e+03 1.430284068361885597e-01
1.977000000000000000e+03 1.408140967124076048e-01
1.979000000000000000e+03 1.385671681228097807e-01
1.981000000000000000e+03 1.363137357908075775e-01
1.983000000000000000e+03 1.341938360214075532e-01
1.985000000000000000e+03 1.322411386083617857e-01
1.987000000000000000e+03 1.303791415998354630e-01
1.989000000000000000e+03 1.285534580347854339e-01
1.991000000000000000e+03 1.267879118613346179e-01
1.993000000000000000e+03 1.250408835547836828e-01
1.995000000000000000e+03 1.233291696357933648e-01
1.997000000000000000e+03 1.216634772398920289e-01
1.999000000000000000e+03 1.200121831246739323e-01
2.001000000000000000e+03 1.183961538365798649e-01
2.003000000000000000e+03 1.168040371804501404e-01
2.005000000000000000e+03 1.152366893048595298e-01
2.007000000000000000e+03 1.136475320347755669e-01
2.009000000000000000e+03 1.120766779013721848e-01
2.011000000000000000e+03 1.105017901883851017e-01
2.013000000000000000e+03 1.089326044722018494e-01
2.015000000000000000e+03 1.073452858538835181e-01
2.017000000000000000e+03 1.057407075359113047e-01
2.019000000000000000e+03 1.041147070419190385e-01
2.021000000000000000e+03 1.024712705321294687e-01
2.023000000000000000e+03 1.006583512591696788e-01
2.025000000000000000e+03 9.868115406604652251e-02
2.027000000000000000e+03 9.664068726737552739e-02
2.029000000000000000e+03 9.461321590878110643e-02
2.031000000000000000e+03 9.261604901778523746e-02
2.033000000000000000e+03 9.070137149332954674e-02
2.035000000000000000e+03 8.886040061328832895e-02
2.037000000000000000e+03 8.712193718687340216e-02
2.039000000000000000e+03 8.545103047795638007e-02
2.041000000000000000e+03 8.384239028500603541e-02
2.043000000000000000e+03 8.228303813695697633e-02
2.045000000000000000e+03 8.076784404040053544e-02
2.047000000000000000e+03 7.933420136117323718e-02
2.049000000000000000e+03 7.793576392699372302e-02
2.051000000000000000e+03 7.656233506317902671e-02
2.053000000000000000e+03 7.518247689049879778e-02
2.055000000000000000e+03 7.379504048605101119e-02
2.057000000000000000e+03 7.242605597002611806e-02
2.059000000000000000e+03 7.105835620509068362e-02
2.061000000000000000e+03 6.971028042286250836e-02
2.063000000000000000e+03 6.839151665907958200e-02
2.065000000000000000e+03 6.710725479960956419e-02
2.067000000000000000e+03 6.587877354089255455e-02
2.069000000000000000e+03 6.468977107070943144e-02
2.071000000000000000e+03 6.355799131644528088e-02
2.073000000000000000e+03 6.249009046446102333e-02
2.075000000000000000e+03 6.148824187402651686e-02
2.077000000000000000e+03 6.052542159528495613e-02
2.079000000000000000e+03 5.962953842409269428e-02
2.081000000000000000e+03 5.877584063971957179e-02
2.083000000000000000e+03 5.795056752819383733e-02
2.085000000000000000e+03 5.714423023693297743e-02
2.087000000000000000e+03 5.632023561519228921e-02
2.089000000000000000e+03 5.550737160541224791e-02
2.091000000000000000e+03 5.470563846244874684e-02
2.093000000000000000e+03 5.393749255224822292e-02
2.095000000000000000e+03 5.320428298262366851e-02
2.097000000000000000e+03 5.246785264998120313e-02
2.099000000000000000e+03 5.176329415560262243e-02
2.101000000000000000e+03 5.108370311056680685e-02
2.103000000000000000e+03 5.043889154487113391e-02
2.105000000000000000e+03 4.983378733992307325e-02
2.107000000000000000e+03 4.923760918418282340e-02
2.109000000000000000e+03 4.869114532660080014e-02
2.111000000000000000e+03 4.818163808230477990e-02
2.113000000000000000e+03 4.769685701066721933e-02
2.115000000000000000e+03 4.724089915912824816e-02
2.117000000000000000e+03 4.679397973173649722e-02
2.119000000000000000e+03 4.636824842631459553e-02
2.121000000000000000e+03 4.596758456610769428e-02
2.123000000000000000e+03 4.559205347581461037e-02
2.125000000000000000e+03 4.523908842445602263e-02
2.127000000000000000e+03 4.491202452283221680e-02
2.129000000000000000e+03 4.460652247998998093e-02
2.131000000000000000e+03 4.431041853400286001e-02
2.133000000000000000e+03 4.401791157970750407e-02
2.135000000000000000e+03 4.371729437908595389e-02
2.137000000000000000e+03 4.342200652410693057e-02
2.139000000000000000e+03 4.311834214845913782e-02
2.141000000000000000e+03 4.281487352241455935e-02
2.143000000000000000e+03 4.251229465456857898e-02
2.145000000000000000e+03 4.220943168572368481e-02
2.147000000000000000e+03 4.190859063807197971e-02
2.149000000000000000e+03 4.161696694399856511e-02
2.151000000000000000e+03 4.133044950112182980e-02
2.153000000000000000e+03 4.105759435983884209e-02
2.155000000000000000e+03 4.079180135532280149e-02
2.157000000000000000e+03 4.052630381985728586e-02
2.159000000000000000e+03 4.026287279124580315e-02
2.161000000000000000e+03 4.000289657293439050e-02
2.163000000000000000e+03 3.974075533168462682e-02
2.165000000000000000e+03 3.948625954451257664e-02
2.167000000000000000e+03 3.921592771494588486e-02
2.169000000000000000e+03 3.894232255245257818e-02
2.171000000000000000e+03 3.867423302952771591e-02
2.173000000000000000e+03 3.839883981205027136e-02
2.175000000000000000e+03 3.812251406578325008e-02
2.177000000000000000e+03 3.783671051803325081e-02
2.179000000000000000e+03 3.754173001099014861e-02
2.181000000000000000e+03 3.724167819931895052e-02
2.183000000000000000e+03 3.694779155507637441e-02
2.185000000000000000e+03 3.666609166542626752e-02
2.187000000000000000e+03 3.642073692851226230e-02
2.189000000000000000e+03 3.619014984914879079e-02
2.191000000000000000e+03 3.598065650257824266e-02
2.193000000000000000e+03 3.578171531779281850e-02
2.195000000000000000e+03 3.559518328608667764e-02
2.197000000000000000e+03 3.545596851047686654e-02
2.199000000000000000e+03 3.532905353937278864e-02
2.201000000000000000e+03 3.521189527206553677e-02
2.203000000000000000e+03 3.510064981003818696e-02
2.205000000000000000e+03 3.498536421079777997e-02
2.207000000000000000e+03 3.487569365014672740e-02
2.209000000000000000e+03 3.475811926742813918e-02
2.211000000000000000e+03 3.462695981192138311e-02
2.213000000000000000e+03 3.452625673307546661e-02
2.215000000000000000e+03 3.444299062128930444e-02
2.217000000000000000e+03 3.435508422938456097e-02
2.219000000000000000e+03 3.424045136353046775e-02
2.221000000000000000e+03 3.409128045185138428e-02
2.223000000000000000e+03 3.391486522844169155e-02
2.225000000000000000e+03 3.373997940689583974e-02
2.227000000000000000e+03 3.357222194373195995e-02
2.229000000000000000e+03 3.342472576581841798e-02
2.231000000000000000e+03 3.328849307093462162e-02
2.233000000000000000e+03 3.314931665477889589e-02
2.235000000000000000e+03 3.302249480845145108e-02
2.237000000000000000e+03 3.290495103466922755e-02
2.239000000000000000e+03 3.283043742035879342e-02
2.241000000000000000e+03 3.279842023494751457e-02
2.243000000000000000e+03 3.278816454576871653e-02
2.245000000000000000e+03 3.276870580647987807e-02
2.247000000000000000e+03 3.269849162288865352e-02
2.249000000000000000e+03 3.257994713079052224e-02
2.251000000000000000e+03 3.242949375624751968e-02
2.253000000000000000e+03 3.223821043264393782e-02
2.255000000000000000e+03 3.201890743690565672e-02
2.257000000000000000e+03 3.177039034957071517e-02
2.259000000000000000e+03 3.152517480215066836e-02
2.261000000000000000e+03 3.127884067028470494e-02
2.263000000000000000e+03 3.106806050021289345e-02
2.265000000000000000e+03 3.087771288181560825e-02
2.267000000000000000e+03 3.069427913783594197e-02
2.269000000000000000e+03 3.052173739181360951e-02
2.271000000000000000e+03 3.037508015755947463e-02
2.273000000000000000e+03 3.025782012414996239e-02
2.275000000000000000e+03 3.015816128503603921e-02
2.277000000000000000e+03 3.005618320058095483e-02
2.279000000000000000e+03 2.992665457794015105e-02
2.281000000000000000e+03 2.975770302940110648e-02
2.283000000000000000e+03 2.956352495355260915e-02
2.285000000000000000e+03 2.936200315977578745e-02
2.287000000000000000e+03 2.918243865515238872e-02
2.289000000000000000e+03 2.901807336412361854e-02
2.291000000000000000e+03 2.884369091710109467e-02
2.293000000000000000e+03 2.864154220491822722e-02
2.295000000000000000e+03 2.841087855373398627e-02
2.297000000000000000e+03 2.817564909879495191e-02
2.299000000000000000e+03 2.795586307105658169e-02
2.301000000000000000e+03 2.777836011430722882e-02
2.303000000000000000e+03 2.761091074971247505e-02
2.305000000000000000e+03 2.745528885523494667e-02
2.307000000000000000e+03 2.731143396099321857e-02
2.309000000000000000e+03 2.717762024758042447e-02
2.311000000000000000e+03 2.704699376232696725e-02
2.313000000000000000e+03 2.692753970444978703e-02
2.315000000000000000e+03 2.680897028198585968e-02
2.317000000000000000e+03 2.669964545499057401e-02
2.319000000000000000e+03 2.658941611589038176e-02
2.321000000000000000e+03 2.647990294585144885e-02
2.323000000000000000e+03 2.636642757532484116e-02
2.325000000000000000e+03 2.624380598107892495e-02
2.327000000000000000e+03 2.611791968730945573e-02
2.329000000000000000e+03 2.598304152547502646e-02
2.331000000000000000e+03 2.584160753108917519e-02
2.333000000000000000e+03 2.569384351785172077e-02
2.335000000000000000e+03 2.555038931040964911e-02
2.337000000000000000e+03 2.541761082684895409e-02
2.339000000000000000e+03 2.529274365099684618e-02
2.341000000000000000e+03 2.517436774852581036e-02
2.343000000000000000e+03 2.506108454867518945e-02
2.345000000000000000e+03 2.494974225856651934e-02
2.347000000000000000e+03 2.483847470804438975e-02
2.349000000000000000e+03 2.473487669106816389e-02
2.351000000000000000e+03 2.463088298994912939e-02
2.353000000000000000e+03 2.453106375389974697e-02
2.355000000000000000e+03 2.443979910291121591e-02
2.357000000000000000e+03 2.435004708647251631e-02
2.359000000000000000e+03 2.425908876074652637e-02
2.361000000000000000e+03 2.416743393872694198e-02
2.363000000000000000e+03 2.407635850660358456e-02
2.365000000000000000e+03 2.397830277711011926e-02
2.367000000000000000e+03 2.387995256481135684e-02
2.369000000000000000e+03 2.377292697561097720e-02
2.371000000000000000e+03 2.366456994805894026e-02
2.373000000000000000e+03 2.356225300525823310e-02
2.375000000000000000e+03 2.345600170637236054e-02
2.377000000000000000e+03 2.335466555193804056e-02
2.379000000000000000e+03 2.324162586952791335e-02
2.381000000000000000e+03 2.314439033499716969e-02
2.383000000000000000e+03 2.305098531468642922e-02
2.385000000000000000e+03 2.296413636477923764e-02
2.387000000000000000e+03 2.288572782818150408e-02
2.389000000000000000e+03 2.281344064249512735e-02
2.391000000000000000e+03 2.274675370287964835e-02
2.393000000000000000e+03 2.267895969004666071e-02
2.395000000000000000e+03 2.260275331436796542e-02
2.397000000000000000e+03 2.251808178932727250e-02
2.399000000000000000e+03 2.243169459441066160e-02
2.401000000000000000e+03 2.233553167852730947e-02
2.403000000000000000e+03 2.223056336038694084e-02
2.405000000000000000e+03 2.212254969495573709e-02
2.407000000000000000e+03 2.200154218224023919e-02
2.409000000000000000e+03 2.187495652017936582e-02
2.411000000000000000e+03 2.174597947185036642e-02
2.413000000000000000e+03 2.160965286413550623e-02
2.415000000000000000e+03 2.147679420644482695e-02
2.417000000000000000e+03 2.134964795397009674e-02
2.419000000000000000e+03 2.124343333083768617e-02
2.421000000000000000e+03 2.113014099421518799e-02
2.423000000000000000e+03 2.102754316451771119e-02
2.425000000000000000e+03 2.093175519713040555e-02
2.427000000000000000e+03 2.083909965481620802e-02
2.429000000000000000e+03 2.074662574992308661e-02
2.431000000000000000e+03 2.066493591499243485e-02
2.433000000000000000e+03 2.058600854684898909e-02
2.435000000000000000e+03 2.051078840155602656e-02
2.437000000000000000e+03 2.044057327854774744e-02
2.439000000000000000e+03 2.035961819514555196e-02
2.441000000000000000e+03 2.027627214734608468e-02
2.443000000000000000e+03 2.018325586282065931e-02
2.445000000000000000e+03 2.008294495679908281e-02
2.447000000000000000e+03 1.997265935424274649e-02
2.449000000000000000e+03 1.985419987482385518e-02
2.451000000000000000e+03 1.972668783921154717e-02
2.453000000000000000e+03 1.959704337698515292e-02
2.455000000000000000e+03 1.946760874231974123e-02
2.457000000000000000e+03 1.933875261519332756e-02
2.459000000000000000e+03 1.920909473294542952e-02
2.461000000000000000e+03 1.908252968601546057e-02
2.463000000000000000e+03 1.895727350062523936e-02
2.465000000000000000e+03 1.882806659051080439e-02
2.467000000000000000e+03 1.871116971899911691e-02
2.469000000000000000e+03 1.859400354743233688e-02
2.471000000000000000e+03 1.847255161460192516e-02
2.473000000000000000e+03 1.835805907781791133e-02
2.475000000000000000e+03 1.823699443095325862e-02
2.477000000000000000e+03 1.810987562194888920e-02
2.479000000000000000e+03 1.798999100055027195e-02
2.481000000000000000e+03 1.786660479118334574e-02
2.483000000000000000e+03 1.773863425187089185e-02
2.485000000000000000e+03 1.760615511665350810e-02
2.487000000000000000e+03 1.746900555760552351e-02
2.489000000000000000e+03 1.733041816692764900e-02
2.491000000000000000e+03 1.720440944314997195e-02
2.493000000000000000e+03 1.707924838064927425e-02
2.495000000000000000e+03 1.695984371287688475e-02
2.497000000000000000e+03 1.683940563190997400e-02
2.499000000000000000e+03 1.672942684933737337e-02
2.501000000000000000e+03 1.663031672410663492e-02
2.503000000000000000e+03 1.653268365965616590e-02
2.505000000000000000e+03 1.644178263020884892e-02
2.507000000000000000e+03 1.634131296035674225e-02
2.509000000000000000e+03 1.624660423395060324e-02
2.511000000000000000e+03 1.615315227189183245e-02
2.513000000000000000e+03 1.605483582142102836e-02
2.515000000000000000e+03 1.596404958875203769e-02
2.517000000000000000e+03 1.586770501173966411e-02
2.519000000000000000e+03 1.576962735381038164e-02
2.521000000000000000e+03 1.567059718064725896e-02
2.523000000000000000e+03 1.557301081643417892e-02
2.525000000000000000e+03 1.547632290002345923e-02
2.527000000000000000e+03 1.538451224722970669e-02
2.529000000000000000e+03 1.529542840968136502e-02
2.531000000000000000e+03 1.519853658738563526e-02
2.533000000000000000e+03 1.510484173332854972e-02
2.535000000000000000e+03 1.501243369376968097e-02
2.537000000000000000e+03 1.492912149338525112e-02
2.539000000000000000e+03 1.484752536960346619e-02
2.541000000000000000e+03 1.476803633626575310e-02
2.543000000000000000e+03 1.469664654197976907e-02
2.545000000000000000e+03 1.462958234638902198e-02
2.547000000000000000e+03 1.457529196079539180e-02
2.549000000000000000e+03 1.452160400103486536e-02
2.551000000000000000e+03 1.447298202015225889e-02
2.553000000000000000e+03 1.442407990468656288e-02
2.555000000000000000e+03 1.437759446258625104e-02
2.557000000000000000e+03 1.433597404963148775e-02
2.559000000000000000e+03 1.428733826612113914e-02
2.561000000000000000e+03 1.423421775280053932e-02
2.563000000000000000e+03 1.417439930810433270e-02
2.565000000000000000e+03 1.410473217006003033e-02
2.567000000000000000e+03 1.403103908976375755e-02
2.569000000000000000e+03 1.395987198407646138e-02
2.571000000000000000e+03 1.388986381700374646e-02
2.573000000000000000e+03 1.381913106355261989e-02
2.575000000000000000e+03 1.374648639571851745e-02
2.577000000000000000e+03 1.367231370611305882e-02
2.579000000000000000e+03 1.359909950111559684e-02
2.581000000000000000e+03 1.352539920157468621e-02
2.583000000000000000e+03 1.345276372909721616e-02
2.585000000000000000e+03 1.338440036400993620e-02
2.587000000000000000e+03 1.331558079446489712e-02
2.589000000000000000e+03 1.324661297490416743e-02
2.591000000000000000e+03 1.317438126046058082e-02
2.593000000000000000e+03 1.309815279975339031e-02
2.595000000000000000e+03 1.300984985589601073e-02
2.597000000000000000e+03 1.291621873305683933e-02
2.599000000000000000e+03 1.281421108132265937e-02
2.601000000000000000e+03 1.270193362805733042e-02
2.603000000000000000e+03 1.258914540971520397e-02
2.605000000000000000e+03 1.248026128254160587e-02
2.607000000000000000e+03 1.237813508875357932e-02
2.609000000000000000e+03 1.227645967990828590e-02
2.611000000000000000e+03 1.218032210827030455e-02
2.613000000000000000e+03 1.209115398597542836e-02
2.615000000000000000e+03 1.201240738006465261e-02
2.617000000000000000e+03 1.194263621627636267e-02
2.619000000000000000e+03 1.188181402918935155e-02
2.621000000000000000e+03 1.182827073303252194e-02
2.623000000000000000e+03 1.178036620195026078e-02
2.625000000000000000e+03 1.173007769899289329e-02
2.627000000000000000e+03 1.168667056040588979e-02
2.629000000000000000e+03 1.164498062959339574e-02
2.631000000000000000e+03 1.160018325594065064e-02
