        Frequency / GHz                System Tot. Efficiency [AC1]/abs,dB
----------------------------------------------------------------------
                    0.69                      -2.5828273
                    0.78                      -3.8957864
                    0.87                      -5.0531343
                    0.96                      -5.1043644
                     1.7                      -5.5925509
                     1.8                      -6.5070196
                     1.9                       -6.769676
                       2                      -6.6506032
                     2.1                      -6.5060536
                     2.2                       -6.485314
                     2.3                      -6.6400333
                     2.4                      -6.9439327
                     2.5                      -7.3602888
                     2.6                      -7.8655965
                     2.7                      -8.4313218

