        Frequency / GHz                System Tot. Efficiency [AC1]/abs,linear
----------------------------------------------------------------------
                    0.69                      0.27111799
                    0.78                      0.34265856
                    0.87                      0.31699321
                    0.96                      0.28390928
                     1.7                     0.013836414
                     1.8                     0.095873901
                     1.9                      0.34135628
                       2                      0.45959251
                     2.1                      0.43846588
                     2.2                      0.39773818
                     2.3                       0.3753586
                     2.4                      0.35456377
                     2.5                      0.36930073
                     2.6                      0.33380704
                     2.7                      0.26342654

