Frequency    S2,1_[27]

                       0                      -205.84698
                  0.0035                      -205.84698
                   0.007                      -205.84698
                  0.0105                      -205.84698
                   0.014                      -205.84698
                  0.0175                      -198.13589
                   0.021                      -190.23544
                  0.0245                      -183.55781
                   0.028                      -177.77575
                  0.0315                      -172.67785
                   0.035                      -168.11954
                  0.0385                      -163.99752
                   0.042                      -160.23537
                  0.0455                      -156.77491
                   0.049                      -153.57081
                  0.0525                      -150.58702
                   0.056                       -147.7944
                  0.0595                      -145.16903
                   0.063                      -142.69107
                  0.0665                      -140.34383
                    0.07                      -138.11321
                  0.0735                      -135.98713
                   0.077                      -133.95525
                  0.0805                      -132.00863
                   0.084                      -130.13949
                  0.0875                       -128.3411
                   0.091                      -126.60754
                  0.0945                      -124.93367
                   0.098                      -123.31493
                  0.1015                      -121.74736
                   0.105                      -120.22744
                  0.1085                      -118.75207
                   0.112                      -117.31849
                  0.1155                      -115.92428
                   0.119                      -114.56725
                  0.1225                      -113.24543
                   0.126                      -111.95707
                  0.1295                      -110.70055
                   0.133                       -109.4744
                  0.1365                      -108.27727
                    0.14                       -107.1079
                  0.1435                      -105.96509
                   0.147                      -104.84774
                  0.1505                      -103.75476
                   0.154                      -102.68513
                  0.1575                      -101.63787
                   0.161                      -100.61199
                  0.1645                      -99.606566
                   0.168                      -98.620667
                  0.1715                      -97.653387
                   0.175                      -96.703833
                  0.1785                      -95.771128
                   0.182                      -94.854413
                  0.1855                      -93.952839
                   0.189                      -93.065583
                  0.1925                      -92.191839
                   0.196                      -91.330826
                  0.1995                       -90.48179
                   0.203                      -89.644011
                  0.2065                        -88.8168
                    0.21                      -87.999507
                  0.2135                      -87.191524
                   0.217                      -86.392283
                  0.2205                      -85.601267
                   0.224                      -84.818001
                  0.2275                      -84.042059
                   0.231                      -83.273066
                  0.2345                      -82.510684
                   0.238                      -81.754631
                  0.2415                      -81.004658
                   0.245                      -80.260558
                  0.2485                      -79.522158
                   0.252                      -78.789316
                  0.2555                       -78.06191
                   0.259                      -77.339846
                  0.2625                      -76.623039
                   0.266                      -75.911419
                  0.2695                      -75.204917
                   0.273                      -74.503469
                  0.2765                         -73.807
                    0.28                       -73.11544
                  0.2835                      -72.428696
                   0.287                      -71.746673
                  0.2905                      -71.069248
                   0.294                      -70.396294
                  0.2975                      -69.727656
                   0.301                      -69.063168
                  0.3045                      -68.402635
                   0.308                      -67.745857
                  0.3115                      -67.092604
                   0.315                      -66.442642
                  0.3185                      -65.795713
                   0.322                      -65.151553
                  0.3255                      -64.509889
                   0.329                      -63.870442
                  0.3325                      -63.232926
                   0.336                       -62.59706
                  0.3395                      -61.962561
                   0.343                      -61.329157
                  0.3465                       -60.69658
                    0.35                       -60.06458
                  0.3535                       -59.43291
                   0.357                      -58.801354
                  0.3605                      -58.169698
                   0.364                      -57.537755
                  0.3675                      -56.905356
                   0.371                      -56.272347
                  0.3745                      -55.638595
                   0.378                      -55.003989
                  0.3815                      -54.368422
                   0.385                      -53.731817
                  0.3885                      -53.094093
                   0.392                      -52.455193
                  0.3955                      -51.815058
                   0.399                      -51.173638
                  0.4025                      -50.530882
                   0.406                      -49.886744
                  0.4095                      -49.241166
                   0.413                      -48.594088
                  0.4165                      -47.945449
                    0.42                      -47.295165
                  0.4235                       -46.64315
                   0.427                      -45.989301
                  0.4305                      -45.333504
                   0.434                       -44.67562
                  0.4375                       -44.01551
                   0.441                      -43.353008
                  0.4445                      -42.687942
                   0.448                      -42.020121
                  0.4515                      -41.349348
                   0.455                      -40.675412
                  0.4585                      -39.998105
                   0.462                      -39.317204
                  0.4655                      -38.632504
                   0.469                      -37.943793
                  0.4725                      -37.250889
                   0.476                      -36.553615
                  0.4795                      -35.851841
                   0.483                       -35.14546
                  0.4865                      -34.434432
                    0.49                      -33.718772
                  0.4935                       -32.99858
                   0.497                      -32.274048
                  0.5005                      -31.545495
                   0.504                       -30.81338
                  0.5075                      -30.078314
                   0.511                      -29.341119
                  0.5145                      -28.602835
                   0.518                      -27.864764
                  0.5215                      -27.128476
                   0.525                      -26.395868
                  0.5285                      -25.669168
                   0.532                      -24.950933
                  0.5355                      -24.244033
                   0.539                      -23.551634
                  0.5425                      -22.877101
                   0.546                      -22.223902
                  0.5495                      -21.595439
                   0.553                      -20.994895
                  0.5565                      -20.425022
                    0.56                      -19.887953
                  0.5635                      -19.385008
                   0.567                      -18.916626
                  0.5705                      -18.482291
                   0.574                      -18.080571
                  0.5775                      -17.709243
                   0.581                      -17.365431
                  0.5845                       -17.04582
                   0.588                       -16.74685
                  0.5915                      -16.464882
                   0.595                       -16.19637
                  0.5985                      -15.937952
                   0.602                      -15.686533
                  0.6055                      -15.439338
                   0.609                      -15.193916
                  0.6125                      -14.948134
                   0.616                      -14.700171
                  0.6195                      -14.448487
                   0.623                      -14.191798
                  0.6265                      -13.929056
                    0.63                      -13.659414
                  0.6335                      -13.382207
                   0.637                      -13.096939
                  0.6405                      -12.803272
                   0.644                      -12.500998
                  0.6475                       -12.19007
                   0.651                      -11.870581
                  0.6545                      -11.542771
                   0.658                      -11.207053
                  0.6615                      -10.864036
                   0.665                      -10.514523
                  0.6685                      -10.159577
                   0.672                      -9.8005394
                  0.6755                      -9.4390593
                   0.679                      -9.0771499
                  0.6825                      -8.7172368
                   0.686                      -8.3621627
                  0.6895                      -8.0151865
                   0.693                      -7.6800347
                  0.6965                       -7.360771
                     0.7                      -7.0617433
                  0.7035                      -6.7874096
                   0.707                      -6.5421383
                  0.7105                      -6.3299184
                   0.714                       -6.154115
                  0.7175                      -6.0171841
                   0.721                      -5.9204773
                  0.7245                      -5.8641111
                   0.728                      -5.8469793
                  0.7315                       -5.866867
                   0.735                      -5.9206528
                  0.7385                      -6.0045825
                   0.742                      -6.1145383
                  0.7455                      -6.2463098
                   0.749                      -6.3957854
                  0.7525                      -6.5591355
                   0.756                      -6.7328808
                  0.7595                      -6.9139769
                   0.763                       -7.099799
                  0.7665                      -7.2881402
                    0.77                      -7.4771841
                  0.7735                      -7.6654507
                   0.777                      -7.8517792
                  0.7805                      -8.0352458
                   0.784                      -8.2151588
                  0.7875                      -8.3910108
                   0.791                      -8.5624392
                  0.7945                       -8.729205
                   0.798                      -8.8911657
                  0.8015                      -9.0482734
                   0.805                       -9.200526
                  0.8085                      -9.3479829
                   0.812                       -9.490734
                  0.8155                      -9.6289085
                   0.819                      -9.7626502
                  0.8225                      -9.8921274
                   0.826                      -10.017506
                  0.8295                      -10.138967
                   0.833                      -10.256693
                  0.8365                      -10.370871
                    0.84                      -10.481671
                  0.8435                      -10.589267
                   0.847                      -10.693833
                  0.8505                      -10.795522
                   0.854                      -10.894484
                  0.8575                       -10.99086
                   0.861                      -11.084784
                  0.8645                      -11.176372
                   0.868                      -11.265729
                  0.8715                       -11.35295
                   0.875                      -11.438128
                  0.8785                      -11.521335
                   0.882                      -11.602641
                  0.8855                      -11.682101
                   0.889                      -11.759771
                  0.8925                      -11.835696
                   0.896                       -11.90991
                  0.8995                      -11.982457
                   0.903                      -12.053369
                  0.9065                      -12.122675
                    0.91                      -12.190409
                  0.9135                      -12.256601
                   0.917                      -12.321287
                  0.9205                      -12.384503
                   0.924                      -12.446283
                  0.9275                      -12.506672
                   0.931                      -12.565717
                  0.9345                      -12.623463
                   0.938                      -12.679961
                  0.9415                       -12.73527
                   0.945                      -12.789446
                  0.9485                      -12.842552
                   0.952                      -12.894646
                  0.9555                      -12.945795
                   0.959                      -12.996063
                  0.9625                      -13.045511
                   0.966                      -13.094206
                  0.9695                      -13.142205
                   0.973                      -13.189568
                  0.9765                       -13.23635
                    0.98                      -13.282598
                  0.9835                      -13.328362
                   0.987                      -13.373684
                  0.9905                      -13.418599
                   0.994                      -13.463134
                  0.9975                      -13.507317
                   1.001                      -13.551168
                  1.0045                      -13.594699
                   1.008                      -13.637916
                  1.0115                      -13.680827
                   1.015                      -13.723425
                  1.0185                      -13.765706
                   1.022                      -13.807659
                  1.0255                      -13.849272
                   1.029                      -13.890531
                  1.0325                      -13.931417
                   1.036                      -13.971908
                  1.0395                       -14.01199
                   1.043                      -14.051638
                  1.0465                      -14.090838
                    1.05                      -14.129569
                  1.0535                      -14.167812
                   1.057                      -14.205557
                  1.0605                      -14.242788
                   1.064                      -14.279495
                  1.0675                      -14.315673
                   1.071                      -14.351316
                  1.0745                      -14.386421
                   1.078                       -14.42099
                  1.0815                      -14.455026
                   1.085                      -14.488537
                  1.0885                       -14.52153
                   1.092                      -14.554016
                  1.0955                      -14.586008
                   1.099                      -14.617523
                  1.1025                      -14.648574
                   1.106                      -14.679178
                  1.1095                      -14.709352
                   1.113                      -14.739118
                  1.1165                      -14.768491
                    1.12                      -14.797486
                  1.1235                      -14.826125
                   1.127                      -14.854423
                  1.1305                      -14.882397
                   1.134                       -14.91006
                  1.1375                      -14.937427
                   1.141                      -14.964511
                  1.1445                      -14.991323
                   1.148                      -15.017872
                  1.1515                      -15.044169
                   1.155                       -15.07022
                  1.1585                      -15.096035
                   1.162                      -15.121618
                  1.1655                      -15.146972
                   1.169                      -15.172106
                  1.1725                      -15.197023
                   1.176                      -15.221723
                  1.1795                      -15.246216
                   1.183                      -15.270503
                  1.1865                      -15.294591
                    1.19                      -15.318483
                  1.1935                      -15.342184
                   1.197                      -15.365705
                  1.2005                       -15.38905
                   1.204                      -15.412226
                  1.2075                      -15.435246
                   1.211                      -15.458119
                  1.2145                      -15.480859
                   1.218                      -15.503477
                  1.2215                      -15.525986
                   1.225                      -15.548405
                  1.2285                      -15.570749
                   1.232                      -15.593029
                  1.2355                       -15.61527
                   1.239                      -15.637486
                  1.2425                        -15.6597
                   1.246                      -15.681926
                  1.2495                      -15.704183
                   1.253                      -15.726494
                  1.2565                      -15.748873
                    1.26                       -15.77134
                  1.2635                      -15.793916
                   1.267                      -15.816612
                  1.2705                      -15.839452
                   1.274                      -15.862448
                  1.2775                      -15.885616
                   1.281                      -15.908973
                  1.2845                      -15.932531
                   1.288                      -15.956303
                  1.2915                      -15.980308
                   1.295                      -16.004553
                  1.2985                      -16.029059
                   1.302                      -16.053832
                  1.3055                      -16.078889
                   1.309                      -16.104248
                  1.3125                      -16.129922
                   1.316                      -16.155927
                  1.3195                      -16.182285
                   1.323                      -16.209014
                  1.3265                      -16.236143
                    1.33                      -16.263693
                  1.3335                      -16.291695
                   1.337                      -16.320182
                  1.3405                      -16.349191
                   1.344                       -16.37876
                  1.3475                      -16.408937
                   1.351                      -16.439771
                  1.3545                      -16.471319
                   1.358                      -16.503639
                  1.3615                      -16.536793
                   1.365                      -16.570861
                  1.3685                      -16.605912
                   1.372                      -16.642028
                  1.3755                      -16.679306
                   1.379                      -16.717832
                  1.3825                      -16.757714
                   1.386                      -16.799051
                  1.3895                      -16.841957
                   1.393                      -16.886554
                  1.3965                      -16.932958
                     1.4                      -16.981298
                  1.4035                      -17.031709
                   1.407                      -17.084322
                  1.4105                      -17.139285
                   1.414                      -17.196735
                  1.4175                      -17.256814
                   1.421                      -17.319677
                  1.4245                      -17.385466
                   1.428                      -17.454326
                  1.4315                       -17.52641
                   1.435                      -17.601855
                  1.4385                      -17.680813
                   1.442                      -17.763409
                  1.4455                      -17.849773
                   1.449                      -17.940041
                  1.4525                      -18.034307
                   1.456                      -18.132691
                  1.4595                       -18.23528
                   1.463                      -18.342149
                  1.4665                      -18.453374
                    1.47                      -18.568994
                  1.4735                      -18.689037
                   1.477                      -18.813532
                  1.4805                      -18.942456
                   1.484                      -19.075796
                  1.4875                      -19.213499
                   1.491                      -19.355494
                  1.4945                      -19.501706
                   1.498                      -19.652012
                  1.5015                      -19.806277
                   1.505                      -19.964369
                  1.5085                      -20.126091
                   1.512                       -20.29127
                  1.5155                      -20.459693
                   1.519                      -20.631129
                  1.5225                      -20.805354
                   1.526                      -20.982101
                  1.5295                      -21.161104
                   1.533                      -21.342103
                  1.5365                      -21.524792
                    1.54                      -21.708897
                  1.5435                      -21.894117
                   1.547                      -22.080141
                  1.5505                       -22.26668
                   1.554                      -22.453412
                  1.5575                      -22.640019
                   1.561                      -22.826206
                  1.5645                      -23.011632
                   1.568                      -23.195993
                  1.5715                      -23.378955
                   1.575                      -23.560181
                  1.5785                      -23.739346
                   1.582                      -23.916083
                  1.5855                      -24.090028
                   1.589                      -24.260821
                  1.5925                      -24.428042
                   1.596                       -24.59129
                  1.5995                      -24.750119
                   1.603                      -24.904056
                  1.6065                      -25.052618
                    1.61                      -25.195263
                  1.6135                      -25.331431
                   1.617                      -25.460543
                  1.6205                      -25.581958
                   1.624                       -25.69504
                  1.6275                      -25.799107
                   1.631                      -25.893464
                  1.6345                      -25.977419
                   1.638                      -26.050263
                  1.6415                      -26.111317
                   1.645                      -26.159926
                  1.6485                      -26.195477
                   1.652                      -26.217425
                  1.6555                      -26.225303
                   1.659                      -26.218737
                  1.6625                      -26.197465
                   1.666                       -26.16135
                  1.6695                       -26.11038
                   1.673                      -26.044682
                  1.6765                      -25.964529
                    1.68                      -25.870314
                  1.6835                      -25.762561
                   1.687                      -25.641916
                  1.6905                      -25.509102
                   1.694                      -25.364962
                  1.6975                      -25.210368
                   1.701                      -25.046253
                  1.7045                      -24.873603
                   1.708                      -24.693374
                  1.7115                      -24.506551
                   1.715                        -24.3141
                  1.7185                      -24.116937
                   1.722                      -23.915989
                  1.7255                      -23.712094
                   1.729                      -23.506062
                  1.7325                      -23.298676
                   1.736                      -23.090626
                  1.7395                      -22.882573
                   1.743                      -22.675129
                  1.7465                      -22.468825
                    1.75                      -22.264197
                  1.7535                      -22.061673
                   1.757                      -21.861667
                  1.7605                      -21.664565
                   1.764                      -21.470676
                  1.7675                      -21.280293
                   1.771                      -21.093677
                  1.7745                      -20.911031
                   1.778                       -20.73257
                  1.7815                      -20.558434
                   1.785                      -20.388759
                  1.7885                      -20.223674
                   1.792                       -20.06325
                  1.7955                      -19.907562
                   1.799                      -19.756649
                  1.8025                      -19.610539
                   1.806                      -19.469262
                  1.8095                      -19.332798
                   1.813                      -19.201136
                  1.8165                      -19.074257
                    1.82                      -18.952109
                  1.8235                      -18.834651
                   1.827                      -18.721811
                  1.8305                      -18.613528
                   1.834                      -18.509733
                  1.8375                      -18.410334
                   1.841                      -18.315244
                  1.8445                      -18.224378
                   1.848                      -18.137633
                  1.8515                       -18.05491
                   1.855                      -17.976105
                  1.8585                       -17.90111
                   1.862                      -17.829824
                  1.8655                      -17.762136
                   1.869                      -17.697934
                  1.8725                      -17.637116
                   1.876                       -17.57957
                  1.8795                      -17.525189
                   1.883                      -17.473864
                  1.8865                       -17.42549
                    1.89                      -17.379967
                  1.8935                      -17.337191
                   1.897                       -17.29706
                  1.9005                      -17.259481
                   1.904                      -17.224354
                  1.9075                       -17.19159
                   1.911                      -17.161096
                  1.9145                      -17.132783
                   1.918                       -17.10657
                  1.9215                      -17.082371
                   1.925                      -17.060106
                  1.9285                      -17.039703
                   1.932                      -17.021081
                  1.9355                      -17.004172
                   1.939                      -16.988905
                  1.9425                      -16.975212
                   1.946                      -16.963031
                  1.9495                        -16.9523
                   1.953                      -16.942956
                  1.9565                      -16.934945
                    1.96                      -16.928212
                  1.9635                      -16.922703
                   1.967                      -16.918368
                  1.9705                       -16.91516
                   1.974                      -16.913034
                  1.9775                      -16.911945
                   1.981                      -16.911853
                  1.9845                      -16.912718
                   1.988                      -16.914505
                  1.9915                      -16.917177
                   1.995                      -16.920703
                  1.9985                      -16.925054
                   2.002                      -16.930201
                  2.0055                      -16.936118
                   2.009                       -16.94278
                  2.0125                      -16.950169
                   2.016                      -16.958261
                  2.0195                      -16.967038
                   2.023                      -16.976487
                  2.0265                      -16.986591
                    2.03                      -16.997338
                  2.0335                      -17.008718
                   2.037                      -17.020718
                  2.0405                      -17.033331
                   2.044                      -17.046551
                  2.0475                      -17.060368
                   2.051                      -17.074777
                  2.0545                      -17.089775
                   2.058                      -17.105356
                  2.0615                      -17.121511
                   2.065                      -17.138247
                  2.0685                       -17.15555
                   2.072                      -17.173419
                  2.0755                      -17.191854
                   2.079                      -17.210845
                  2.0825                      -17.230393
                   2.086                      -17.250489
                  2.0895                      -17.271132
                   2.093                      -17.292314
                  2.0965                      -17.314031
                     2.1                      -17.336274
                  2.1035                      -17.359041
                   2.107                      -17.382319
                  2.1105                      -17.406109
                   2.114                      -17.430394
                  2.1175                      -17.455171
                   2.121                      -17.480439
                  2.1245                      -17.506181
                   2.128                      -17.532387
                  2.1315                      -17.559059
                   2.135                      -17.586188
                  2.1385                      -17.613765
                   2.142                      -17.641782
                  2.1455                      -17.670237
                   2.149                      -17.699123
                  2.1525                      -17.728437
                   2.156                      -17.758173
                  2.1595                      -17.788332
                   2.163                      -17.818906
                  2.1665                      -17.849898
                    2.17                      -17.881311
                  2.1735                      -17.913139
                   2.177                      -17.945384
                  2.1805                      -17.978048
                   2.184                      -18.011135
                  2.1875                      -18.044647
                   2.191                      -18.078583
                  2.1945                       -18.11295
                   2.198                      -18.147748
                  2.2015                      -18.182981
                   2.205                      -18.218652
                  2.2085                      -18.254761
                   2.212                      -18.291316
                  2.2155                      -18.328312
                   2.219                      -18.365749
                  2.2225                      -18.403629
                   2.226                      -18.441956
                  2.2295                      -18.480721
                   2.233                      -18.519924
                  2.2365                      -18.559555
                    2.24                      -18.599615
                  2.2435                        -18.6401
                   2.247                         -18.681
                  2.2505                      -18.722304
                   2.254                      -18.764014
                  2.2575                      -18.806109
                   2.261                      -18.848584
                  2.2645                      -18.891428
                   2.268                      -18.934627
                  2.2715                      -18.978182
                   2.275                      -19.022062
                  2.2785                      -19.066277
                   2.282                      -19.110803
                  2.2855                      -19.155634
                   2.289                      -19.200758
                  2.2925                      -19.246168
                   2.296                      -19.291853
                  2.2995                       -19.33781
                   2.303                       -19.38403
                  2.3065                      -19.430504
                    2.31                      -19.477229
                  2.3135                      -19.524205
                   2.317                      -19.571424
                  2.3205                      -19.618884
                   2.324                      -19.666579
                  2.3275                      -19.714513
                   2.331                      -19.762687
                  2.3345                      -19.811104
                   2.338                      -19.859755
                  2.3415                      -19.908642
                   2.345                      -19.957769
                  2.3485                      -20.007124
                   2.352                      -20.056723
                  2.3555                      -20.106553
                   2.359                      -20.156614
                  2.3625                      -20.206901
                   2.366                      -20.257415
                  2.3695                      -20.308142
                   2.373                      -20.359084
                  2.3765                      -20.410226
                    2.38                      -20.461555
                  2.3835                      -20.513071
                   2.387                      -20.564746
                  2.3905                      -20.616591
                   2.394                      -20.668575
                  2.3975                      -20.720679
                   2.401                      -20.772896
                  2.4045                      -20.825202
                   2.408                       -20.87759
                  2.4115                      -20.930037
                   2.415                      -20.982529
                  2.4185                      -21.035042
                   2.422                      -21.087566
                  2.4255                      -21.140083
                   2.429                      -21.192584
                  2.4325                      -21.245043
                   2.436                      -21.297457
                  2.4395                       -21.34981
                   2.443                      -21.402093
                  2.4465                      -21.454293
                    2.45                      -21.506416
                  2.4535                      -21.558443
                   2.457                      -21.610375
                  2.4605                        -21.6622
                   2.464                      -21.713932
                  2.4675                      -21.765554
                   2.471                      -21.817076
                  2.4745                      -21.868498
                   2.478                      -21.919813
                  2.4815                      -21.971032
                   2.485                      -22.022147
                  2.4885                      -22.073166
                   2.492                      -22.124077
                  2.4955                      -22.174899
                   2.499                      -22.225608
                  2.5025                      -22.276217
                   2.506                      -22.326719
                  2.5095                      -22.377103
                   2.513                      -22.427368
                  2.5165                      -22.477504
                    2.52                      -22.527497
                  2.5235                      -22.577343
                   2.527                      -22.627023
                  2.5305                      -22.676528
                   2.534                       -22.72584
                  2.5375                      -22.774945
                   2.541                      -22.823833
                  2.5445                      -22.872472
                   2.548                      -22.920856
                  2.5515                      -22.968971
                   2.555                      -23.016795
                  2.5585                      -23.064312
                   2.562                      -23.111517
                  2.5655                       -23.15839
                   2.569                      -23.204917
                  2.5725                      -23.251093
                   2.576                      -23.296911
                  2.5795                      -23.342368
                   2.583                       -23.38745
                  2.5865                      -23.432169
                    2.59                      -23.476517
                  2.5935                      -23.520504
                   2.597                       -23.56412
                  2.6005                      -23.607392
                   2.604                      -23.650318
                  2.6075                      -23.692901
                   2.611                      -23.735164
                  2.6145                      -23.777117
                   2.618                      -23.818768
                  2.6215                      -23.860128
                   2.625                       -23.90121
                  2.6285                      -23.942025
                   2.632                       -23.98259
                  2.6355                      -24.022907
                   2.639                      -24.062993
                  2.6425                      -24.102848
                   2.646                      -24.142479
                  2.6495                      -24.181897
                   2.653                      -24.221093
                  2.6565                      -24.260073
                    2.66                       -24.29884
                  2.6635                      -24.337381
                   2.667                        -24.3757
                  2.6705                      -24.413786
                   2.674                      -24.451639
                  2.6775                      -24.489238
                   2.681                      -24.526586
                  2.6845                      -24.563671
                   2.688                      -24.600478
                  2.6915                      -24.637006
                   2.695                      -24.673251
                  2.6985                      -24.709194
                   2.702                      -24.744834
                  2.7055                      -24.780175
                   2.709                      -24.815205
                  2.7125                      -24.849925
                   2.716                      -24.884343
                  2.7195                      -24.918457
                   2.723                      -24.952272
                  2.7265                      -24.985804
                    2.73                      -25.019058
                  2.7335                      -25.052045
                   2.737                      -25.084785
                  2.7405                      -25.117286
                   2.744                      -25.149578
                  2.7475                      -25.181668
                   2.751                       -25.21358
                  2.7545                      -25.245331
                   2.758                      -25.276942
                  2.7615                      -25.308434
                   2.765                      -25.339821
                  2.7685                      -25.371122
                   2.772                      -25.402355
                  2.7755                      -25.433528
                   2.779                      -25.464658
                  2.7825                      -25.495757
                   2.786                       -25.52683
                  2.7895                      -25.557881
                   2.793                      -25.588913
                  2.7965                      -25.619929
                     2.8                      -25.650924
                  2.8035                      -25.681902
                   2.807                      -25.712846
                  2.8105                      -25.743758
                   2.814                      -25.774625
                  2.8175                      -25.805438
                   2.821                      -25.836183
                  2.8245                       -25.86685
                   2.828                      -25.897428
                  2.8315                      -25.927906
                   2.835                      -25.958275
                  2.8385                      -25.988522
                   2.842                      -26.018643
                  2.8455                      -26.048629
                   2.849                      -26.078473
                  2.8525                      -26.108179
                   2.856                       -26.13774
                  2.8595                      -26.167164
                   2.863                      -26.196453
                  2.8665                      -26.225612
                    2.87                      -26.254652
                  2.8735                      -26.283589
                   2.877                      -26.312435
                  2.8805                      -26.341197
                   2.884                      -26.369898
                  2.8875                      -26.398557
                   2.891                      -26.427188
                  2.8945                      -26.455813
                   2.898                      -26.484452
                  2.9015                      -26.513119
                   2.905                      -26.541834
                  2.9085                      -26.570609
                   2.912                      -26.599462
                  2.9155                      -26.628405
                   2.919                      -26.657448
                  2.9225                      -26.686601
                   2.926                      -26.715865
                  2.9295                      -26.745247
                   2.933                      -26.774743
                  2.9365                      -26.804353
                    2.94                       -26.83407
                  2.9435                      -26.863885
                   2.947                       -26.89379
                  2.9505                      -26.923776
                   2.954                       -26.95383
                  2.9575                      -26.983924
                   2.961                      -27.014056
                  2.9645                      -27.044208
                   2.968                      -27.074356
                  2.9715                      -27.104493
                   2.975                      -27.134596
                  2.9785                      -27.164653
                   2.982                      -27.194653
                  2.9855                      -27.224586
                   2.989                      -27.254443
                  2.9925                      -27.284211
                   2.996                      -27.313892
                  2.9995                      -27.343484
                   3.003                       -27.37299
                  3.0065                      -27.402414
                    3.01                      -27.431763
                  3.0135                      -27.461045
                   3.017                      -27.490274
                  3.0205                      -27.519464
                   3.024                       -27.54863
                  3.0275                       -27.57779
                   3.031                       -27.60696
                  3.0345                      -27.636161
                   3.038                      -27.665413
                  3.0415                      -27.694733
                   3.045                      -27.724137
                  3.0485                      -27.753642
                   3.052                      -27.783265
                  3.0555                       -27.81301
                   3.059                      -27.842893
                  3.0625                      -27.872922
                   3.066                      -27.903103
                  3.0695                      -27.933432
                   3.073                      -27.963908
                  3.0765                      -27.994531
                    3.08                      -28.025289
                  3.0835                       -28.05617
                   3.087                      -28.087162
                  3.0905                      -28.118252
                   3.094                      -28.149418
                  3.0975                      -28.180642
                   3.101                      -28.211904
                  3.1045                      -28.243182
                   3.108                      -28.274451
                  3.1115                      -28.305691
                   3.115                      -28.336886
                  3.1185                       -28.36801
                   3.122                      -28.399045
                  3.1255                      -28.429978
                   3.129                       -28.46079
                  3.1325                      -28.491474
                   3.136                      -28.522024
                  3.1395                      -28.552429
                   3.143                      -28.582692
                  3.1465                       -28.61281
                    3.15                      -28.642793
                  3.1535                      -28.672646
                   3.157                      -28.702381
                  3.1605                      -28.732007
                   3.164                      -28.761545
                  3.1675                      -28.791009
                   3.171                      -28.820419
                  3.1745                      -28.849795
                   3.178                      -28.879156
                  3.1815                      -28.908524
                   3.185                      -28.937915
                  3.1885                      -28.967345
                   3.192                      -28.996837
                  3.1955                      -29.026399
                   3.199                      -29.056047
                  3.2025                      -29.085786
                   3.206                       -29.11562
                  3.2095                       -29.14556
                   3.213                      -29.175593
                  3.2165                      -29.205717
                    3.22                      -29.235926
                  3.2235                      -29.266204
                   3.227                      -29.296543
                  3.2305                      -29.326917
                   3.234                      -29.357309
                  3.2375                      -29.387698
                   3.241                      -29.418052
                  3.2445                      -29.448356
                   3.248                      -29.478574
                  3.2515                      -29.508689
                   3.255                       -29.53867
                  3.2585                      -29.568492
                   3.262                      -29.598138
                  3.2655                      -29.627584
                   3.269                      -29.656814
                  3.2725                      -29.685812
                   3.276                      -29.714569
                  3.2795                      -29.743078
                   3.283                      -29.771337
                  3.2865                      -29.799343
                    3.29                      -29.827105
                  3.2935                      -29.854629
                   3.297                       -29.88193
                  3.3005                       -29.90902
                   3.304                      -29.935921
                  3.3075                      -29.962655
                   3.311                      -29.989241
                  3.3145                      -30.015704
                   3.318                      -30.042074
                  3.3215                      -30.068374
                   3.325                       -30.09463
                  3.3285                      -30.120864
                   3.332                      -30.147099
                  3.3355                      -30.173356
                   3.339                      -30.199655
                  3.3425                      -30.226008
                   3.346                      -30.252428
                  3.3495                       -30.27892
                   3.353                      -30.305485
                  3.3565                      -30.332126
                    3.36                      -30.358837
                  3.3635                      -30.385609
                   3.367                      -30.412427
                  3.3705                      -30.439274
                   3.374                      -30.466132
                  3.3775                      -30.492982
                   3.381                      -30.519792
                  3.3845                      -30.546536
                   3.388                      -30.573189
                  3.3915                      -30.599723
                   3.395                      -30.626109
                  3.3985                       -30.65232
                   3.402                      -30.678331
                  3.4055                      -30.704119
                   3.409                      -30.729661
                  3.4125                      -30.754943
                   3.416                      -30.779954
                  3.4195                      -30.804678
                   3.423                      -30.829115
                  3.4265                      -30.853265
                    3.43                       -30.87713
                  3.4335                      -30.900724
                   3.437                      -30.924052
                  3.4405                      -30.947138
                   3.444                      -30.969997
                  3.4475                       -30.99266
                   3.451                       -31.01515
                  3.4545                      -31.037496
                   3.458                      -31.059728
                  3.4615                      -31.081877
                   3.465                      -31.103972
                  3.4685                      -31.126044
                   3.472                      -31.148123
                  3.4755                       -31.17023
                   3.479                      -31.192392
                  3.4825                      -31.214625
                   3.486                      -31.236946
                  3.4895                      -31.259367
                   3.493                      -31.281891
                  3.4965                      -31.304521
                     3.5                      -31.327251
