Frequency    S2,1_[25]

                       0                      -205.82578
                  0.0035                      -205.82578
                   0.007                      -205.82578
                  0.0105                      -205.82578
                   0.014                      -205.82578
                  0.0175                      -198.13613
                   0.021                      -190.23578
                  0.0245                      -183.55828
                   0.028                      -177.77637
                  0.0315                      -172.67863
                   0.035                       -168.1205
                  0.0385                      -163.99868
                   0.042                      -160.23675
                  0.0455                      -156.77653
                   0.049                      -153.57269
                  0.0525                      -150.58918
                   0.056                      -147.79686
                  0.0595                      -145.17181
                   0.063                      -142.69419
                  0.0665                      -140.34731
                    0.07                      -138.11706
                  0.0735                      -135.99138
                   0.077                      -133.95993
                  0.0805                      -132.01374
                   0.084                      -130.14507
                  0.0875                      -128.34715
                   0.091                       -126.6141
                  0.0945                      -124.94074
                   0.098                      -123.32255
                  0.1015                      -121.75554
                   0.105                      -120.23621
                  0.1085                      -118.76144
                   0.112                       -117.3285
                  0.1155                      -115.93494
                   0.119                      -114.57857
                  0.1225                      -113.25745
                   0.126                       -111.9698
                  0.1295                      -110.71402
                   0.133                      -109.48864
                  0.1365                      -108.29229
                    0.14                      -107.12372
                  0.1435                      -105.98175
                   0.147                      -104.86525
                  0.1505                      -103.77315
                   0.154                      -102.70443
                  0.1575                      -101.65808
                   0.161                      -100.63316
                  0.1645                      -99.628711
                   0.168                      -98.643812
                  0.1715                      -97.677559
                   0.175                      -96.729057
                  0.1785                       -95.79743
                   0.182                      -94.881819
                  0.1855                      -93.981376
                   0.189                      -93.095279
                  0.1925                       -92.22272
                   0.196                       -91.36292
                  0.1995                      -90.515126
                   0.203                      -89.678616
                  0.2065                      -88.852704
                    0.21                      -88.036739
                  0.2135                      -87.230114
                   0.217                      -86.432261
                  0.2205                      -85.642664
                   0.224                      -84.860848
                  0.2275                      -84.086388
                   0.231                      -83.318908
                  0.2345                      -82.558073
                   0.238                      -81.803599
                  0.2415                      -81.055239
                   0.245                      -80.312787
                  0.2485                      -79.576069
                   0.252                      -78.844945
                  0.2555                      -78.119292
                   0.259                       -77.39902
                  0.2625                       -76.68404
                   0.266                      -75.974287
                  0.2695                      -75.269689
                   0.273                      -74.570185
                  0.2765                      -73.875701
                    0.28                      -73.186166
                  0.2835                       -72.50149
                   0.287                      -71.821577
                  0.2905                      -71.146306
                   0.294                       -70.47555
                  0.2975                      -69.809156
                   0.301                      -69.146957
                  0.3045                      -68.488762
                   0.308                       -67.83437
                  0.3115                      -67.183552
                   0.315                      -66.536075
                  0.3185                      -65.891683
                   0.322                      -65.250114
                  0.3255                      -64.611095
                   0.329                      -63.974347
                  0.3325                      -63.339588
                   0.336                      -62.706536
                  0.3395                      -62.074911
                   0.343                      -61.444443
                  0.3465                      -60.814864
                    0.35                      -60.185925
                  0.3535                      -59.557383
                   0.357                      -58.929022
                  0.3605                      -58.300631
                   0.364                      -57.672024
                  0.3675                      -57.043033
                   0.371                      -56.413509
                  0.3745                      -55.783318
                   0.378                      -55.152352
                  0.3815                      -54.520509
                   0.385                      -53.887709
                  0.3885                       -53.25388
                   0.392                      -52.618962
                  0.3955                      -51.982901
                   0.399                       -51.34565
                  0.4025                      -50.707161
                   0.406                      -50.067389
                  0.4095                      -49.426283
                   0.413                      -48.783784
                  0.4165                      -48.139834
                    0.42                      -47.494353
                  0.4235                      -46.847261
                   0.427                      -46.198455
                  0.4305                      -45.547829
                   0.434                      -44.895247
                  0.4375                      -44.240575
                   0.441                       -43.58365
                  0.4445                      -42.924308
                   0.448                       -42.26236
                  0.4515                      -41.597617
                   0.455                      -40.929873
                  0.4585                      -40.258925
                   0.462                      -39.584556
                  0.4655                      -38.906568
                   0.469                      -38.224757
                  0.4725                      -37.538943
                   0.476                      -36.848958
                  0.4795                      -36.154679
                   0.483                      -35.456004
                  0.4865                        -34.7529
                    0.49                      -34.045384
                  0.4935                      -33.333565
                   0.497                      -32.617634
                  0.5005                      -31.897916
                   0.504                      -31.174867
                  0.5075                      -30.449098
                   0.511                      -29.721423
                  0.5145                      -28.992877
                   0.518                      -28.264747
                  0.5215                      -27.538585
                   0.525                      -26.816266
                  0.5285                      -26.099989
                   0.532                      -25.392279
                  0.5355                      -24.695968
                   0.539                      -24.014185
                  0.5425                      -23.350256
                   0.546                      -22.707616
                  0.5495                      -22.089646
                   0.553                      -21.499522
                  0.5565                      -20.940009
                    0.56                      -20.413276
                  0.5635                      -19.920704
                   0.567                      -19.462812
                  0.5705                      -19.039185
                   0.574                      -18.648499
                  0.5775                      -18.288643
                   0.581                      -17.956846
                  0.5845                       -17.64989
                   0.588                      -17.364294
                  0.5915                      -17.096485
                   0.595                      -16.842966
                  0.5985                       -16.60041
                   0.602                      -16.365746
                  0.6055                       -16.13621
                   0.609                       -15.90936
                  0.6125                      -15.683058
                   0.616                       -15.45548
                  0.6195                      -15.225071
                   0.623                      -14.990528
                  0.6265                      -14.750779
                    0.63                      -14.504938
                  0.6335                      -14.252296
                   0.637                      -13.992289
                  0.6405                      -13.724496
                   0.644                      -13.448599
                  0.6475                      -13.164407
                   0.651                      -12.871828
                  0.6545                      -12.570865
                   0.658                      -12.261633
                  0.6615                      -11.944366
                   0.665                      -11.619397
                  0.6685                      -11.287214
                   0.672                      -10.948454
                  0.6755                      -10.603921
                   0.679                      -10.254623
                  0.6825                      -9.9018162
                   0.686                      -9.5470089
                  0.6895                      -9.1919834
                   0.693                      -8.8388898
                  0.6965                      -8.4901882
                     0.7                      -8.1487102
                  0.7035                      -7.8176276
                   0.707                        -7.50043
                  0.7105                      -7.2008208
                   0.714                      -6.9226381
                  0.7175                      -6.6696746
                   0.721                      -6.4455065
                  0.7245                      -6.2532532
                   0.728                      -6.0953889
                  0.7315                      -5.9735434
                   0.735                      -5.8883824
                  0.7385                       -5.839566
                   0.742                       -5.825778
                  0.7455                      -5.8448553
                   0.749                       -5.893958
                  0.7525                      -5.9697926
                   0.756                      -6.0688117
                  0.7595                      -6.1874217
                   0.763                      -6.3221335
                  0.7665                       -6.469676
                    0.77                      -6.6270826
                  0.7735                      -6.7917177
                   0.777                      -6.9613087
                  0.7805                      -7.1339042
                   0.784                      -7.3078842
                  0.7875                      -7.4819188
                   0.791                      -7.6549296
                  0.7945                      -7.8260588
                   0.798                      -7.9946362
                  0.8015                      -8.1601681
                   0.805                       -8.322276
                  0.8085                      -8.4807039
                   0.812                      -8.6352795
                  0.8155                       -8.785914
                   0.819                      -8.9325715
                  0.8225                      -9.0752719
                   0.826                      -9.2140586
                  0.8295                       -9.349014
                   0.833                      -9.4802404
                  0.8365                      -9.6078596
                    0.84                       -9.731988
                  0.8435                      -9.8527595
                   0.847                       -9.970317
                  0.8505                      -10.084787
                   0.854                      -10.196303
                  0.8575                       -10.30499
                   0.861                      -10.410975
                  0.8645                      -10.514367
                   0.868                      -10.615269
                  0.8715                      -10.713776
                   0.875                      -10.809981
                  0.8785                      -10.903961
                   0.882                      -10.995787
                  0.8855                      -11.085523
                   0.889                      -11.173227
                  0.8925                      -11.258952
                   0.896                      -11.342738
                  0.8995                      -11.424636
                   0.903                      -11.504683
                  0.9065                      -11.582918
                    0.91                      -11.659378
                  0.9135                      -11.734102
                   0.917                       -11.80713
                  0.9205                      -11.878506
                   0.924                      -11.948269
                  0.9275                       -12.01647
                   0.931                      -12.083161
                  0.9345                      -12.148393
                   0.938                      -12.212223
                  0.9415                      -12.274714
                   0.945                      -12.335928
                  0.9485                      -12.395931
                   0.952                      -12.454789
                  0.9555                      -12.512572
                   0.959                      -12.569349
                  0.9625                      -12.625188
                   0.966                      -12.680159
                  0.9695                      -12.734326
                   0.973                      -12.787752
                  0.9765                      -12.840499
                    0.98                      -12.892619
                  0.9835                      -12.944169
                   0.987                      -12.995194
                  0.9905                      -13.045737
                   0.994                      -13.095829
                  0.9975                      -13.145505
                   1.001                       -13.19479
                  1.0045                      -13.243701
                   1.008                      -13.292252
                  1.0115                      -13.340452
                   1.015                      -13.388304
                  1.0185                      -13.435808
                   1.022                      -13.482957
                  1.0255                      -13.529744
                   1.029                       -13.57616
                  1.0325                      -13.622191
                   1.036                      -13.667819
                  1.0395                      -13.713033
                   1.043                      -13.757813
                  1.0465                      -13.802148
                    1.05                      -13.846019
                  1.0535                      -13.889413
                   1.057                       -13.93232
                  1.0605                      -13.974728
                   1.064                      -14.016629
                  1.0675                      -14.058019
                   1.071                      -14.098895
                  1.0745                      -14.139256
                   1.078                      -14.179106
                  1.0815                      -14.218448
                   1.085                      -14.257293
                  1.0885                      -14.295648
                   1.092                      -14.333525
                  1.0955                      -14.370939
                   1.099                      -14.407907
                  1.1025                      -14.444445
                   1.106                       -14.48057
                  1.1095                      -14.516298
                   1.113                      -14.551655
                  1.1165                      -14.586655
                    1.12                      -14.621314
                  1.1235                      -14.655656
                   1.127                      -14.689696
                  1.1305                      -14.723451
                   1.134                      -14.756938
                  1.1375                       -14.79017
                   1.141                      -14.823162
                  1.1445                      -14.855925
                   1.148                      -14.888469
                  1.1515                      -14.920807
                   1.155                      -14.952944
                  1.1585                      -14.984892
                   1.162                      -15.016654
                  1.1655                      -15.048236
                   1.169                      -15.079645
                  1.1725                      -15.110885
                   1.176                      -15.141957
                  1.1795                       -15.17287
                   1.183                      -15.203626
                  1.1865                      -15.234231
                    1.19                      -15.264688
                  1.1935                      -15.295001
                   1.197                      -15.325182
                  1.2005                      -15.355233
                   1.204                       -15.38516
                  1.2075                      -15.414975
                   1.211                      -15.444687
                  1.2145                      -15.474308
                   1.218                      -15.503847
                  1.2215                      -15.533315
                   1.225                      -15.562731
                  1.2285                      -15.592106
                   1.232                       -15.62145
                  1.2355                      -15.650785
                   1.239                      -15.680123
                  1.2425                      -15.709484
                   1.246                       -15.73888
                  1.2495                      -15.768326
                   1.253                      -15.797842
                  1.2565                       -15.82744
                    1.26                      -15.857133
                  1.2635                      -15.886941
                   1.267                      -15.916871
                  1.2705                      -15.946943
                   1.274                      -15.977162
                  1.2775                      -16.007539
                   1.281                      -16.038089
                  1.2845                      -16.068817
                   1.288                      -16.099729
                  1.2915                      -16.130837
                   1.295                      -16.162143
                  1.2985                       -16.19366
                   1.302                      -16.225386
                  1.3055                      -16.257328
                   1.309                      -16.289497
                  1.3125                      -16.321894
                   1.316                      -16.354525
                  1.3195                      -16.387402
                   1.323                      -16.420528
                  1.3265                       -16.45392
                    1.33                      -16.487585
                  1.3335                      -16.521536
                   1.337                      -16.555794
                  1.3405                      -16.590374
                   1.344                      -16.625297
                  1.3475                      -16.660592
                   1.351                      -16.696284
                  1.3545                       -16.73241
                   1.358                      -16.769003
                  1.3615                      -16.806099
                   1.365                      -16.843753
                  1.3685                      -16.882005
                   1.372                      -16.920908
                  1.3755                      -16.960528
                   1.379                      -17.000921
                  1.3825                      -17.042161
                   1.386                      -17.084314
                  1.3895                      -17.127459
                   1.393                      -17.171682
                  1.3965                      -17.217066
                     1.4                        -17.2637
                  1.4035                      -17.311686
                   1.407                      -17.361118
                  1.4105                      -17.412109
                   1.414                      -17.464761
                  1.4175                      -17.519183
                   1.421                      -17.575499
                  1.4245                      -17.633822
                   1.428                       -17.69427
                  1.4315                      -17.756973
                   1.435                       -17.82205
                  1.4385                      -17.889636
                   1.442                      -17.959845
                  1.4455                      -18.032806
                   1.449                      -18.108651
                  1.4525                      -18.187486
                   1.456                      -18.269444
                  1.4595                      -18.354632
                   1.463                      -18.443157
                  1.4665                      -18.535129
                    1.47                      -18.630633
                  1.4735                      -18.729752
                   1.477                      -18.832572
                  1.4805                      -18.939139
                   1.484                      -19.049514
                  1.4875                      -19.163724
                   1.491                      -19.281787
                  1.4945                      -19.403716
                   1.498                      -19.529484
                  1.5015                      -19.659055
                   1.505                      -19.792393
                  1.5085                      -19.929406
                   1.512                      -20.070016
                  1.5155                       -20.21411
                   1.519                      -20.361552
                  1.5225                      -20.512209
                   1.526                      -20.665899
                  1.5295                      -20.822439
                   1.533                      -20.981643
                  1.5365                      -21.143274
                    1.54                      -21.307118
                  1.5435                      -21.472927
                   1.547                      -21.640438
                  1.5505                      -21.809398
                   1.554                      -21.979517
                  1.5575                      -22.150501
                   1.561                       -22.32207
                  1.5645                      -22.493894
                   1.568                      -22.665673
                  1.5715                       -22.83707
                   1.575                      -23.007742
                  1.5785                      -23.177352
                   1.582                      -23.345517
                  1.5855                      -23.511855
                   1.589                      -23.675981
                  1.5925                      -23.837453
                   1.596                      -23.995842
                  1.5995                      -24.150672
                   1.603                      -24.301441
                  1.6065                      -24.447637
                    1.61                      -24.588683
                  1.6135                       -24.72399
                   1.617                      -24.852947
                  1.6205                      -24.974881
                   1.624                      -25.089123
                  1.6275                      -25.194963
                   1.631                      -25.291674
                  1.6345                      -25.378535
                   1.638                      -25.454809
                  1.6415                      -25.519788
                   1.645                      -25.572789
                  1.6485                      -25.613174
                   1.652                      -25.640372
                  1.6555                      -25.653891
                   1.659                      -25.653333
                  1.6625                      -25.638413
                   1.666                      -25.608971
                  1.6695                      -25.564974
                   1.673                      -25.506527
                  1.6765                      -25.433882
                    1.68                      -25.347412
                  1.6835                      -25.247621
                   1.687                      -25.135134
                  1.6905                      -25.010658
                   1.694                      -24.875013
                  1.6975                      -24.729055
                   1.701                      -24.573699
                  1.7045                      -24.409908
                   1.708                      -24.238624
                  1.7115                      -24.060812
                   1.715                       -23.87742
                  1.7185                      -23.689345
                   1.722                      -23.497496
                  1.7255                      -23.302692
                   1.729                      -23.105727
                  1.7325                      -22.907364
                   1.736                      -22.708274
                  1.7395                      -22.509101
                   1.743                       -22.31044
                  1.7465                      -22.112804
                    1.75                      -21.916709
                  1.7535                      -21.722569
                   1.757                      -21.530781
                  1.7605                      -21.341713
                   1.764                      -21.155659
                  1.7675                      -20.972896
                   1.771                      -20.793671
                  1.7745                      -20.618173
                   1.778                      -20.446603
                  1.7815                      -20.279089
                   1.785                      -20.115757
                  1.7885                      -19.956722
                   1.792                      -19.802049
                  1.7955                      -19.651802
                   1.799                      -19.506013
                  1.8025                      -19.364702
                   1.806                      -19.227896
                  1.8095                      -19.095569
                   1.813                      -18.967707
                  1.8165                      -18.844288
                    1.82                       -18.72526
                  1.8235                      -18.610582
                   1.827                       -18.50018
                  1.8305                      -18.393997
                   1.834                      -18.291967
                  1.8375                         -18.194
                   1.841                      -18.100014
                  1.8445                      -18.009928
                   1.848                      -17.923647
                  1.8515                      -17.841078
                   1.855                      -17.762122
                  1.8585                       -17.68668
                   1.862                       -17.61466
                  1.8655                      -17.545956
                   1.869                      -17.480468
                  1.8725                      -17.418102
                   1.876                      -17.358754
                  1.8795                      -17.302326
                   1.883                      -17.248721
                  1.8865                       -17.19784
                    1.89                      -17.149594
                  1.8935                      -17.103886
                   1.897                      -17.060626
                  1.9005                      -17.019727
                   1.904                      -16.981098
                  1.9075                      -16.944658
                   1.911                      -16.910323
                  1.9145                      -16.878008
                   1.918                      -16.847643
                  1.9215                      -16.819147
                   1.925                      -16.792445
                  1.9285                      -16.767472
                   1.932                      -16.744152
                  1.9355                       -16.72242
                   1.939                      -16.702213
                  1.9425                      -16.683465
                   1.946                      -16.666119
                  1.9495                      -16.650113
                   1.953                      -16.635391
                  1.9565                      -16.621901
                    1.96                      -16.609589
                  1.9635                      -16.598403
                   1.967                      -16.588298
                  1.9705                      -16.579227
                   1.974                      -16.571145
                  1.9775                      -16.564011
                   1.981                      -16.557786
                  1.9845                      -16.552432
                   1.988                      -16.547915
                  1.9915                        -16.5442
                   1.995                      -16.541256
                  1.9985                      -16.539057
                   2.002                      -16.537576
                  2.0055                      -16.536789
                   2.009                      -16.536671
                  2.0125                      -16.537207
                   2.016                      -16.538376
                  2.0195                      -16.540163
                   2.023                      -16.542554
                  2.0265                      -16.545537
                    2.03                      -16.549102
                  2.0335                       -16.55324
                   2.037                      -16.557943
                  2.0405                      -16.563204
                   2.044                      -16.569022
                  2.0475                      -16.575389
                   2.051                      -16.582301
                  2.0545                      -16.589759
                   2.058                      -16.597758
                  2.0615                      -16.606295
                   2.065                      -16.615375
                  2.0685                      -16.624988
                   2.072                      -16.635136
                  2.0755                      -16.645819
                   2.079                      -16.657032
                  2.0825                      -16.668775
                   2.086                      -16.681041
                  2.0895                      -16.693832
                   2.093                      -16.707141
                  2.0965                      -16.720965
                     2.1                      -16.735299
                  2.1035                      -16.750138
                   2.107                      -16.765475
                  2.1105                      -16.781309
                   2.114                      -16.797627
                  2.1175                      -16.814428
                   2.121                      -16.831708
                  2.1245                      -16.849457
                   2.128                      -16.867665
                  2.1315                      -16.886335
                   2.135                       -16.90546
                  2.1385                      -16.925034
                   2.142                      -16.945051
                  2.1455                      -16.965511
                   2.149                      -16.986409
                  2.1525                      -17.007746
                   2.156                      -17.029517
                  2.1595                      -17.051727
                   2.163                       -17.07437
                  2.1665                      -17.097451
                    2.17                      -17.120977
                  2.1735                      -17.144944
                   2.177                      -17.169358
                  2.1805                      -17.194223
                   2.184                      -17.219545
                  2.1875                      -17.245329
                   2.191                      -17.271577
                  2.1945                      -17.298299
                   2.198                      -17.325496
                  2.2015                      -17.353176
                   2.205                      -17.381341
                  2.2085                      -17.409996
                   2.212                      -17.439149
                  2.2155                      -17.468798
                   2.219                      -17.498942
                  2.2225                      -17.529587
                   2.226                      -17.560735
                  2.2295                      -17.592381
                   2.233                      -17.624525
                  2.2365                      -17.657157
                    2.24                       -17.69028
                  2.2435                      -17.723889
                   2.247                      -17.757976
                  2.2505                       -17.79253
                   2.254                      -17.827552
                  2.2575                      -17.863025
                   2.261                      -17.898942
                  2.2645                      -17.935292
                   2.268                      -17.972064
                  2.2715                      -18.009256
                   2.275                      -18.046842
                  2.2785                      -18.084828
                   2.282                      -18.123195
                  2.2855                      -18.161935
                   2.289                      -18.201039
                  2.2925                      -18.240499
                   2.296                      -18.280306
                  2.2995                      -18.320457
                   2.303                      -18.360945
                  2.3065                      -18.401761
                    2.31                      -18.442903
                  2.3135                      -18.484373
                   2.317                      -18.526162
                  2.3205                      -18.568271
                   2.324                      -18.610694
                  2.3275                      -18.653435
                   2.331                      -18.696497
                  2.3345                      -18.739881
                   2.338                       -18.78358
                  2.3415                      -18.827596
                   2.345                      -18.871933
                  2.3485                       -18.91658
                   2.352                      -18.961551
                  2.3555                      -19.006834
                   2.359                      -19.052428
                  2.3625                      -19.098328
                   2.366                      -19.144533
                  2.3695                      -19.191031
                   2.373                       -19.23782
                  2.3765                      -19.284886
                    2.38                      -19.332215
                  2.3835                      -19.379805
                   2.387                      -19.427628
                  2.3905                      -19.475693
                   2.394                      -19.523968
                  2.3975                      -19.572434
                   2.401                      -19.621082
                  2.4045                      -19.669887
                   2.408                      -19.718842
                  2.4115                      -19.767921
                   2.415                       -19.81711
                  2.4185                      -19.866385
                   2.422                      -19.915735
                  2.4255                      -19.965141
                   2.429                      -20.014593
                  2.4325                      -20.064065
                   2.436                      -20.113552
                  2.4395                      -20.163039
                   2.443                      -20.212517
                  2.4465                      -20.261972
                    2.45                      -20.311409
                  2.4535                      -20.360809
                   2.457                      -20.410173
                  2.4605                      -20.459488
                   2.464                      -20.508769
                  2.4675                      -20.557997
                   2.471                      -20.607183
                  2.4745                      -20.656324
                   2.478                      -20.705417
                  2.4815                      -20.754468
                   2.485                       -20.80347
                  2.4885                      -20.852431
                   2.492                      -20.901338
                  2.4955                      -20.950208
                   2.499                      -20.999018
                  2.5025                       -21.04778
                   2.506                      -21.096484
                  2.5095                       -21.14512
                   2.513                      -21.193684
                  2.5165                      -21.242167
                    2.52                      -21.290553
                  2.5235                      -21.338836
                   2.527                      -21.386996
                  2.5305                      -21.435025
                   2.534                      -21.482901
                  2.5375                       -21.53061
                   2.541                      -21.578141
                  2.5445                      -21.625461
                   2.548                      -21.672563
                  2.5515                       -21.71943
                   2.555                      -21.766042
                  2.5585                      -21.812381
                   2.562                      -21.858441
                  2.5655                        -21.9042
                   2.569                      -21.949646
                  2.5725                      -21.994771
                   2.576                      -22.039569
                  2.5795                      -22.084036
                   2.583                      -22.128158
                  2.5865                      -22.171944
                    2.59                       -22.21539
                  2.5935                      -22.258503
                   2.597                      -22.301274
                  2.6005                      -22.343728
                   2.604                      -22.385865
                  2.6075                      -22.427688
                   2.611                      -22.469217
                  2.6145                      -22.510464
                   2.618                      -22.551437
                  2.6215                      -22.592146
                   2.625                      -22.632605
                  2.6285                      -22.672822
                   2.632                      -22.712817
                  2.6355                       -22.75259
                   2.639                      -22.792158
                  2.6425                       -22.83152
                   2.646                      -22.870682
                  2.6495                      -22.909657
                   2.653                      -22.948434
                  2.6565                      -22.987018
                    2.66                      -23.025412
                  2.6635                      -23.063602
                   2.667                      -23.101591
                  2.6705                      -23.139368
                   2.674                      -23.176933
                  2.6775                      -23.214262
                   2.681                      -23.251359
                  2.6845                      -23.288211
                   2.688                      -23.324804
                  2.6915                      -23.361133
                   2.695                      -23.397195
                  2.6985                      -23.432971
                   2.702                      -23.468459
                  2.7055                      -23.503662
                   2.709                      -23.538568
                  2.7125                      -23.573178
                   2.716                        -23.6075
                  2.7195                       -23.64153
                   2.723                      -23.675275
                  2.7265                      -23.708749
                    2.73                      -23.741957
                  2.7335                      -23.774912
                   2.737                      -23.807631
                  2.7405                      -23.840125
                   2.744                      -23.872421
                  2.7475                      -23.904529
                   2.751                      -23.936472
                  2.7545                      -23.968265
                   2.758                      -23.999932
                  2.7615                      -24.031494
                   2.765                      -24.062962
                  2.7685                      -24.094358
                   2.772                      -24.125699
                  2.7755                      -24.156994
                   2.779                      -24.188257
                  2.7825                      -24.219504
                   2.786                      -24.250737
                  2.7895                      -24.281962
                   2.793                      -24.313178
                  2.7965                      -24.344393
                     2.8                      -24.375597
                  2.8035                      -24.406796
                   2.807                      -24.437973
                  2.8105                      -24.469129
                   2.814                      -24.500249
                  2.8175                      -24.531327
                   2.821                      -24.562345
                  2.8245                      -24.593295
                   2.828                      -24.624164
                  2.8315                      -24.654942
                   2.835                      -24.685617
                  2.8385                      -24.716179
                   2.842                      -24.746621
                  2.8455                      -24.776934
                   2.849                      -24.807112
                  2.8525                      -24.837157
                   2.856                      -24.867063
                  2.8595                      -24.896837
                   2.863                       -24.92648
                  2.8665                      -24.955999
                    2.87                      -24.985403
                  2.8735                      -25.014709
                   2.877                      -25.043929
                  2.8805                      -25.073068
                   2.884                      -25.102152
                  2.8875                      -25.131198
                   2.891                      -25.160222
                  2.8945                      -25.189244
                   2.898                      -25.218286
                  2.9015                      -25.247361
                   2.905                       -25.27649
                  2.9085                      -25.305684
                   2.912                      -25.334963
                  2.9155                      -25.364336
                   2.919                      -25.393817
                  2.9225                      -25.423414
                   2.926                      -25.453128
                  2.9295                      -25.482967
                   2.933                      -25.512926
                  2.9365                      -25.543006
                    2.94                        -25.5732
                  2.9435                      -25.603497
                   2.947                       -25.63389
                  2.9505                      -25.664372
                   2.954                      -25.694926
                  2.9575                      -25.725527
                   2.961                      -25.756171
                  2.9645                       -25.78684
                   2.968                      -25.817509
                  2.9715                      -25.848172
                   2.975                      -25.878805
                  2.9785                      -25.909396
                   2.982                      -25.939933
                  2.9855                      -25.970407
                   2.989                      -26.000807
                  2.9925                      -26.031121
                   2.996                       -26.06135
                  2.9995                      -26.091493
                   3.003                       -26.12155
                  3.0065                      -26.151528
                    3.01                      -26.181433
                  3.0135                      -26.211271
                   3.017                      -26.241058
                  3.0205                      -26.270807
                   3.024                      -26.300534
                  3.0275                      -26.330257
                   3.031                       -26.35999
                  3.0345                      -26.389757
                   3.038                      -26.419576
                  3.0415                      -26.449466
                   3.045                      -26.479443
                  3.0485                      -26.509522
                   3.052                      -26.539723
                  3.0555                      -26.570048
                   3.059                      -26.600516
                  3.0625                      -26.631133
                   3.066                      -26.661905
                  3.0695                       -26.69283
                   3.073                      -26.723907
                  3.0765                      -26.755134
                    3.08                      -26.786502
                  3.0835                      -26.817998
                   3.087                      -26.849608
                  3.0905                      -26.881322
                   3.094                      -26.913118
                  3.0975                      -26.944976
                   3.101                      -26.976876
                  3.1045                      -27.008799
                   3.108                      -27.040716
                  3.1115                      -27.072609
                   3.115                       -27.10446
                  3.1185                      -27.136245
                   3.122                      -27.167945
                  3.1255                      -27.199546
                   3.129                       -27.23103
                  3.1325                      -27.262389
                   3.136                      -27.293616
                  3.1395                      -27.324702
                   3.143                      -27.355647
                  3.1465                       -27.38645
                    3.15                       -27.41712
                  3.1535                      -27.447662
                   3.157                      -27.478087
                  3.1605                      -27.508406
                   3.164                      -27.538638
                  3.1675                      -27.568797
                   3.171                      -27.598905
                  3.1745                       -27.62898
                   3.178                      -27.659042
                  3.1815                      -27.689114
                   3.185                       -27.71921
                  3.1885                      -27.749348
                   3.192                       -27.77955
                  3.1955                      -27.809827
                   3.199                      -27.840192
                  3.2025                      -27.870651
                   3.206                      -27.901211
                  3.2095                      -27.931879
                   3.213                      -27.962646
                  3.2165                      -27.993509
                    3.22                      -28.024461
                  3.2235                      -28.055488
                   3.227                      -28.086581
                  3.2305                      -28.117715
                   3.234                      -28.148875
                  3.2375                      -28.180036
                   3.241                      -28.211168
                  3.2445                      -28.242257
                   3.248                      -28.273266
                  3.2515                      -28.304179
                   3.255                      -28.334963
                  3.2585                      -28.365594
                   3.262                      -28.396056
                  3.2655                      -28.426323
                   3.269                      -28.456381
                  3.2725                       -28.48621
                   3.276                      -28.515804
                  3.2795                      -28.545157
                   3.283                      -28.574262
                  3.2865                      -28.603119
                    3.29                      -28.631737
                  3.2935                       -28.66012
                   3.297                      -28.688284
                  3.3005                       -28.71624
                   3.304                      -28.744012
                  3.3075                      -28.771618
                   3.311                      -28.799081
                  3.3145                      -28.826423
                   3.318                      -28.853675
                  3.3215                       -28.88086
                   3.325                      -28.908004
                  3.3285                      -28.935129
                   3.332                      -28.962259
                  3.3355                      -28.989414
                   3.339                      -29.016614
                  3.3425                      -29.043871
                   3.346                        -29.0712
                  3.3495                      -29.098606
                   3.353                      -29.126088
                  3.3565                      -29.153652
                    3.36                       -29.18129
                  3.3635                      -29.208995
                   3.367                      -29.236751
                  3.3705                      -29.264542
                   3.374                       -29.29235
                  3.3775                      -29.320157
                   3.381                       -29.34793
                  3.3845                      -29.375643
                   3.388                      -29.403271
                  3.3915                      -29.430788
                   3.395                      -29.458163
                  3.3985                      -29.485371
                   3.402                      -29.512383
                  3.4055                       -29.53918
                   3.409                      -29.565737
                  3.4125                       -29.59204
                   3.416                      -29.618076
                  3.4195                      -29.643832
                   3.423                      -29.669306
                  3.4265                      -29.694496
                    3.43                      -29.719407
                  3.4335                      -29.744049
                   3.437                      -29.768429
                  3.4405                      -29.792569
                   3.444                      -29.816485
                  3.4475                      -29.840206
                   3.451                      -29.863756
                  3.4545                      -29.887162
                   3.458                      -29.910455
                  3.4615                      -29.933665
                   3.465                       -29.95682
                  3.4685                      -29.979952
                   3.472                       -30.00309
                  3.4755                      -30.026254
                   3.479                      -30.049472
                  3.4825                      -30.072758
                   3.486                      -30.096132
                  3.4895                      -30.119602
                   3.493                      -30.143174
                  3.4965                       -30.16685
                     3.5                      -30.190623
