Frequency    S2,1_[23]

                       0                      -205.81334
                  0.0035                      -205.81334
                   0.007                      -205.81334
                  0.0105                      -205.81334
                   0.014                      -205.81334
                  0.0175                      -198.13637
                   0.021                      -190.23613
                  0.0245                      -183.55875
                   0.028                      -177.77698
                  0.0315                       -172.6794
                   0.035                      -168.12146
                  0.0385                      -163.99984
                   0.042                      -160.23813
                  0.0455                      -156.77815
                   0.049                      -153.57457
                  0.0525                      -150.59134
                   0.056                      -147.79932
                  0.0595                      -145.17459
                   0.063                      -142.69731
                  0.0665                      -140.35079
                    0.07                      -138.12092
                  0.0735                      -135.99564
                   0.077                       -133.9646
                  0.0805                      -132.01885
                   0.084                      -130.15064
                  0.0875                       -128.3532
                   0.091                      -126.62065
                  0.0945                      -124.94782
                   0.098                      -123.33017
                  0.1015                      -121.76372
                   0.105                      -120.24497
                  0.1085                      -118.77081
                   0.112                      -117.33849
                  0.1155                      -115.94558
                   0.119                      -114.58989
                  0.1225                      -113.26945
                   0.126                      -111.98252
                  0.1295                      -110.72747
                   0.133                      -109.50285
                  0.1365                      -108.30729
                    0.14                      -107.13952
                  0.1435                      -105.99838
                   0.147                      -104.88273
                  0.1505                       -103.7915
                   0.154                      -102.72368
                  0.1575                      -101.67826
                   0.161                      -100.65428
                  0.1645                      -99.650799
                   0.168                      -98.666896
                  0.1715                      -97.701664
                   0.175                      -96.754208
                  0.1785                      -95.823652
                   0.182                      -94.909139
                  0.1855                       -94.00982
                   0.189                      -93.124873
                  0.1925                      -92.253491
                   0.196                      -91.394896
                  0.1995                      -90.548334
                   0.203                      -89.713084
                  0.2065                       -88.88846
                    0.21                      -88.073812
                  0.2135                      -87.268533
                   0.217                      -86.472057
                  0.2205                      -85.683864
                   0.224                      -84.903485
                  0.2275                      -84.130491
                   0.231                       -83.36451
                  0.2345                      -82.605204
                   0.238                      -81.852293
                  0.2415                      -81.105528
                   0.245                      -80.364703
                  0.2485                      -79.629648
                   0.252                       -78.90022
                  0.2555                      -78.176298
                   0.259                      -77.457792
                  0.2625                      -76.744616
                   0.266                      -76.036702
                  0.2695                      -75.333982
                   0.273                      -74.636393
                  0.2765                      -73.943863
                    0.28                      -73.256322
                  0.2835                       -72.57368
                   0.287                      -71.895841
                  0.2905                      -71.222687
                   0.294                       -70.55409
                  0.2975                      -69.889899
                   0.301                      -69.229947
                  0.3045                      -68.574044
                   0.308                       -67.92199
                  0.3115                      -67.273557
                   0.315                      -66.628515
                  0.3185                      -65.986606
                   0.322                       -65.34757
                  0.3255                      -64.711135
                   0.329                      -64.077025
                  0.3325                      -63.444956
                   0.336                       -62.81465
                  0.3395                      -62.185827
                   0.343                      -61.558219
                  0.3465                      -60.931558
                    0.35                      -60.305599
                  0.3535                      -59.680099
                   0.357                      -59.054842
                  0.3605                       -58.42962
                   0.364                       -57.80425
                  0.3675                      -57.178564
                   0.371                      -56.552415
                  0.3745                      -55.925671
                   0.378                      -55.298227
                  0.3815                       -54.66998
                   0.385                      -54.040857
                  0.3885                      -53.410783
                   0.392                      -52.779704
                  0.3955                      -52.147566
                   0.399                      -51.514326
                  0.4025                      -50.879938
                   0.406                       -50.24436
                  0.4095                      -49.607543
                   0.413                      -48.969432
                  0.4165                      -48.329971
                    0.42                      -47.689085
                  0.4235                      -47.046695
                   0.427                      -46.402704
                  0.4305                      -45.757007
                   0.434                      -45.109473
                  0.4375                      -44.459972
                   0.441                      -43.808346
                  0.4445                      -43.154434
                   0.448                      -42.498052
                  0.4515                      -41.839015
                   0.455                      -41.177122
                  0.4585                      -40.512176
                   0.462                      -39.843964
                  0.4655                      -39.172295
                   0.469                      -38.496967
                  0.4725                      -37.817808
                   0.476                      -37.134655
                  0.4795                      -36.447388
                   0.483                      -35.755913
                  0.4865                      -35.060199
                    0.49                       -34.36027
                  0.4935                      -33.656235
                   0.497                       -32.94829
                  0.5005                       -32.23676
                   0.504                        -31.5221
                  0.5075                      -30.804919
                   0.511                      -30.086026
                  0.5145                      -29.366447
                   0.518                      -28.647456
                  0.5215                      -27.930591
                   0.525                      -27.217704
                  0.5285                       -26.51097
                   0.532                      -25.812884
                  0.5355                      -25.126246
                   0.539                       -24.45415
                  0.5425                       -23.79989
                   0.546                      -23.166872
                  0.5495                      -22.558457
                   0.553                      -21.977816
                  0.5565                      -21.427725
                    0.56                      -20.910385
                  0.5635                      -20.427228
                   0.567                      -19.978846
                  0.5705                      -19.564909
                   0.574                      -19.184189
                  0.5775                      -18.834668
                   0.581                      -18.513669
                  0.5845                      -18.218057
                   0.588                      -17.944419
                  0.5915                       -17.68924
                   0.595                      -17.449064
                  0.5985                      -17.220596
                   0.602                      -17.000782
                  0.6055                      -16.786874
                   0.609                      -16.576433
                  0.6125                      -16.367325
                   0.616                      -16.157722
                  0.6195                      -15.946066
                   0.623                      -15.731047
                  0.6265                      -15.511581
                    0.63                       -15.28677
                  0.6335                      -15.055882
                   0.637                      -14.818329
                  0.6405                      -14.573654
                   0.644                      -14.321493
                  0.6475                      -14.061589
                   0.651                      -13.793772
                  0.6545                      -13.517937
                   0.658                      -13.234064
                  0.6615                      -12.942212
                   0.665                        -12.6425
                  0.6685                      -12.335139
                   0.672                       -12.02043
                  0.6755                       -11.69876
                   0.679                       -11.37063
                  0.6825                      -11.036685
                   0.686                      -10.697706
                  0.6895                      -10.354623
                   0.693                      -10.008599
                  0.6965                      -9.6609784
                     0.7                      -9.3133668
                  0.7035                      -8.9676259
                   0.707                      -8.6259095
                  0.7105                      -8.2906405
                   0.714                      -7.9645362
                  0.7175                       -7.650557
                   0.721                       -7.351877
                  0.7245                      -7.0717717
                   0.728                      -6.8135353
                  0.7315                      -6.5803139
                   0.735                      -6.3749594
                  0.7385                       -6.199865
                   0.742                      -6.0567999
                  0.7455                      -5.9467945
                   0.749                      -5.8700725
                  0.7525                      -5.8260384
                   0.756                      -5.8133393
                  0.7595                       -5.829962
                   0.763                      -5.8733984
                  0.7665                      -5.9407879
                    0.77                      -6.0290999
                  0.7735                      -6.1352708
                   0.777                      -6.2563318
                  0.7805                      -6.3894809
                   0.784                      -6.5321634
                  0.7875                      -6.6820971
                   0.791                      -6.8372812
                  0.7945                      -6.9959888
                   0.798                      -7.1567559
                  0.8015                      -7.3183757
                   0.805                      -7.4798393
                  0.8085                      -7.6403396
                   0.812                       -7.799228
                  0.8155                      -7.9560064
                   0.819                      -8.1102903
                  0.8225                      -8.2618039
                   0.826                      -8.4103396
                  0.8295                        -8.55577
                   0.833                      -8.6980217
                  0.8365                      -8.8370702
                    0.84                      -8.9729087
                  0.8435                      -9.1055703
                   0.847                      -9.2351152
                  0.8505                      -9.3616019
                   0.854                      -9.4851067
                  0.8575                      -9.6057119
                   0.861                      -9.7235075
                  0.8645                       -9.838575
                   0.868                       -9.950994
                  0.8715                      -10.060842
                   0.875                      -10.168203
                  0.8785                      -10.273142
                   0.882                      -10.375725
                  0.8855                      -10.476011
                   0.889                       -10.57406
                  0.8925                      -10.669922
                   0.896                      -10.763638
                  0.8995                      -10.855261
                   0.903                      -10.944834
                  0.9065                      -11.032397
                    0.91                       -11.11799
                  0.9135                      -11.201657
                   0.917                      -11.283443
                  0.9205                      -11.363396
                   0.924                      -11.441559
                  0.9275                      -11.517988
                   0.931                      -11.592739
                  0.9345                      -11.665869
                   0.938                      -11.737437
                  0.9415                      -11.807512
                   0.945                       -11.87616
                  0.9485                      -11.943453
                   0.952                      -12.009459
                  0.9555                      -12.074255
                   0.959                      -12.137914
                  0.9625                       -12.20051
                   0.966                      -12.262115
                  0.9695                      -12.322801
                   0.973                      -12.382636
                  0.9765                      -12.441687
                    0.98                      -12.500011
                  0.9835                      -12.557671
                   0.987                      -12.614717
                  0.9905                        -12.6712
                   0.994                      -12.727155
                  0.9975                      -12.782623
                   1.001                      -12.837637
                  1.0045                      -12.892218
                   1.008                      -12.946385
                  1.0115                      -13.000156
                   1.015                      -13.053536
                  1.0185                      -13.106533
                   1.022                      -13.159146
                  1.0255                       -13.21137
                   1.029                      -13.263205
                  1.0325                      -13.314638
                   1.036                      -13.365658
                  1.0395                      -13.416257
                   1.043                       -13.46642
                  1.0465                      -13.516139
                    1.05                      -13.565399
                  1.0535                      -13.614189
                   1.057                      -13.662504
                  1.0605                      -13.710332
                   1.064                      -13.757669
                  1.0675                      -13.804514
                   1.071                      -13.850865
                  1.0745                      -13.896723
                   1.078                      -13.942094
                  1.0815                      -13.986981
                   1.085                      -14.031398
                  1.0885                      -14.075354
                   1.092                      -14.118861
                  1.0955                      -14.161935
                   1.099                      -14.204594
                  1.1025                      -14.246854
                   1.106                      -14.288736
                  1.1095                      -14.330255
                   1.113                      -14.371438
                  1.1165                      -14.412299
                    1.12                      -14.452857
                  1.1235                      -14.493135
                   1.127                      -14.533151
                  1.1305                      -14.572921
                   1.134                      -14.612463
                  1.1375                      -14.651791
                   1.141                      -14.690921
                  1.1445                      -14.729866
                   1.148                      -14.768635
                  1.1515                      -14.807243
                   1.155                      -14.845695
                  1.1585                      -14.884005
                   1.162                      -14.922176
                  1.1655                      -14.960212
                   1.169                      -14.998125
                  1.1725                      -15.035916
                   1.176                      -15.073588
                  1.1795                      -15.111149
                   1.183                      -15.148601
                  1.1865                      -15.185953
                    1.19                      -15.223204
                  1.1935                       -15.26036
                   1.197                      -15.297433
                  1.2005                      -15.334421
                   1.204                      -15.371334
                  1.2075                      -15.408182
                   1.211                      -15.444971
                  1.2145                      -15.481714
                   1.218                      -15.518419
                  1.2215                      -15.555095
                   1.225                       -15.59176
                  1.2285                      -15.628422
                   1.232                      -15.665093
                  1.2355                       -15.70179
                   1.239                      -15.738525
                  1.2425                      -15.775316
                   1.246                      -15.812171
                  1.2495                      -15.849105
                   1.253                      -15.886136
                  1.2565                      -15.923273
                    1.26                      -15.960526
                  1.2635                      -15.997913
                   1.267                      -16.035437
                  1.2705                      -16.073117
                   1.274                      -16.110954
                  1.2775                      -16.148956
                   1.281                      -16.187134
                  1.2845                      -16.225489
                   1.288                      -16.264024
                  1.2915                      -16.302747
                   1.295                      -16.341654
                  1.2985                      -16.380754
                   1.302                       -16.42004
                  1.3055                      -16.459513
                   1.309                      -16.499178
                  1.3125                      -16.539028
                   1.316                      -16.579063
                  1.3195                      -16.619287
                   1.323                      -16.659694
                  1.3265                      -16.700293
                    1.33                      -16.741079
                  1.3335                      -16.782056
                   1.337                      -16.823234
                  1.3405                      -16.864614
                   1.344                      -16.906205
                  1.3475                      -16.948019
                   1.351                       -16.99007
                  1.3545                      -17.032375
                   1.358                      -17.074951
                  1.3615                      -17.117815
                   1.365                      -17.161003
                  1.3685                      -17.204532
                   1.372                      -17.248434
                  1.3755                      -17.292752
                   1.379                      -17.337516
                  1.3825                      -17.382774
                   1.386                      -17.428566
                  1.3895                      -17.474941
                   1.393                      -17.521957
                  1.3965                      -17.569663
                     1.4                       -17.61812
                  1.4035                      -17.667395
                   1.407                      -17.717548
                  1.4105                      -17.768659
                   1.414                      -17.820793
                  1.4175                      -17.874025
                   1.421                      -17.928442
                  1.4245                      -17.984123
                   1.428                       -18.04115
                  1.4315                      -18.099619
                   1.435                      -18.159616
                  1.4385                      -18.221243
                   1.442                      -18.284585
                  1.4455                      -18.349743
                   1.449                      -18.416824
                  1.4525                      -18.485914
                   1.456                      -18.557127
                  1.4595                      -18.630559
                   1.463                      -18.706308
                  1.4665                      -18.784481
                    1.47                      -18.865169
                  1.4735                      -18.948464
                   1.477                       -19.03447
                  1.4805                      -19.123257
                   1.484                       -19.21492
                  1.4875                      -19.309525
                   1.491                      -19.407139
                  1.4945                      -19.507829
                   1.498                      -19.611632
                  1.5015                      -19.718585
                   1.505                      -19.828724
                  1.5085                      -19.942045
                   1.512                      -20.058557
                  1.5155                       -20.17824
                   1.519                      -20.301054
                  1.5225                      -20.426964
                   1.526                      -20.555891
                  1.5295                      -20.687752
                   1.533                      -20.822458
                  1.5365                      -20.959873
                    1.54                      -21.099876
                  1.5435                       -21.24231
                   1.547                      -21.386997
                  1.5505                      -21.533764
                   1.554                      -21.682395
                  1.5575                      -21.832664
                   1.561                      -21.984349
                  1.5645                      -22.137175
                   1.568                      -22.290883
                  1.5715                      -22.445175
                   1.575                      -22.599738
                  1.5785                      -22.754257
                   1.582                      -22.908366
                  1.5855                       -23.06169
                   1.589                       -23.21385
                  1.5925                        -23.3644
                   1.596                      -23.512902
                  1.5995                      -23.658872
                   1.603                      -23.801789
                  1.6065                      -23.941122
                    1.61                      -24.076273
                  1.6135                      -24.206626
                   1.617                      -24.331544
                  1.6205                      -24.450325
                   1.624                       -24.56227
                  1.6275                      -24.666637
                   1.631                      -24.762667
                  1.6345                      -24.849608
                   1.638                       -24.92669
                  1.6415                      -24.993172
                   1.645                       -25.04834
                  1.6485                      -25.091523
                   1.652                      -25.122118
                  1.6555                      -25.139604
                   1.659                       -25.14355
                  1.6625                      -25.133644
                   1.666                      -25.109694
                  1.6695                       -25.07164
                   1.673                       -25.01956
                  1.6765                      -24.953676
                    1.68                      -24.874336
                  1.6835                      -24.782018
                   1.687                      -24.677322
                  1.6905                      -24.560928
                   1.694                      -24.433634
                  1.6975                      -24.296269
                   1.701                      -24.149726
                  1.7045                      -23.994946
                   1.708                      -23.832846
                  1.7115                      -23.664368
                   1.715                      -23.490438
                  1.7185                      -23.311933
                   1.722                      -23.129737
                  1.7255                      -22.944651
                   1.729                      -22.757446
                  1.7325                      -22.568862
                   1.736                      -22.379553
                  1.7395                      -22.190141
                   1.743                        -22.0012
                  1.7465                      -21.813226
                    1.75                      -21.626713
                  1.7535                      -21.442058
                   1.757                      -21.259639
                  1.7605                      -21.079807
                   1.764                      -20.902839
                  1.7675                      -20.728995
                   1.771                      -20.558506
                  1.7745                      -20.391549
                   1.778                      -20.228306
                  1.7815                      -20.068896
                   1.785                       -19.91343
                  1.7885                      -19.762013
                   1.792                      -19.614697
                  1.7955                      -19.471538
                   1.799                       -19.33256
                  1.8025                      -19.197775
                   1.806                      -19.067201
                  1.8095                       -18.94081
                   1.813                      -18.818579
                  1.8165                      -18.700486
                    1.82                      -18.586474
                  1.8235                      -18.476499
                   1.827                       -18.37049
                  1.8305                      -18.268387
                   1.834                      -18.170124
                  1.8375                      -18.075614
                   1.841                      -17.984778
                  1.8445                      -17.897537
                   1.848                      -17.813799
                  1.8515                      -17.733475
                   1.855                      -17.656474
                  1.8585                      -17.582698
                   1.862                      -17.512064
                  1.8655                      -17.444471
                   1.869                      -17.379826
                  1.8725                      -17.318041
                   1.876                       -17.25902
                  1.8795                      -17.202672
                   1.883                      -17.148907
                  1.8865                      -17.097635
                    1.89                      -17.048773
                  1.8935                      -17.002232
                   1.897                      -16.957928
                  1.9005                      -16.915784
                   1.904                      -16.875716
                  1.9075                      -16.837647
                   1.911                      -16.801501
                  1.9145                      -16.767202
                   1.918                      -16.734683
                  1.9215                       -16.70387
                   1.925                      -16.674694
                  1.9285                      -16.647093
                   1.932                      -16.620999
                  1.9355                       -16.59635
                   1.939                      -16.573087
                  1.9425                      -16.551146
                   1.946                      -16.530476
                  1.9495                      -16.511017
                   1.953                      -16.492715
                  1.9565                      -16.475521
                    1.96                      -16.459382
                  1.9635                       -16.44425
                   1.967                      -16.430079
                  1.9705                      -16.416824
                   1.974                      -16.404443
                  1.9775                      -16.392893
                   1.981                      -16.382137
                  1.9845                      -16.372139
                   1.988                      -16.362864
                  1.9915                      -16.354279
                   1.995                      -16.346353
                  1.9985                       -16.33906
                   2.002                      -16.332374
                  2.0055                      -16.326272
                   2.009                      -16.320731
                  2.0125                      -16.315734
                   2.016                      -16.311265
                  2.0195                      -16.307307
                   2.023                       -16.30385
                  2.0265                      -16.300881
                    2.03                      -16.298391
                  2.0335                      -16.296375
                   2.037                      -16.294825
                  2.0405                      -16.293738
                   2.044                       -16.29311
                  2.0475                       -16.29294
                   2.051                      -16.293223
                  2.0545                      -16.293963
                   2.058                      -16.295157
                  2.0615                      -16.296803
                   2.065                      -16.298906
                  2.0685                      -16.301463
                   2.072                      -16.304473
                  2.0755                      -16.307939
                   2.079                      -16.311857
                  2.0825                      -16.316229
                   2.086                      -16.321052
                  2.0895                      -16.326323
                   2.093                      -16.332042
                  2.0965                      -16.338204
                     2.1                      -16.344805
                  2.1035                      -16.351843
                   2.107                      -16.359312
                  2.1105                      -16.367209
                   2.114                      -16.375525
                  2.1175                      -16.384259
                   2.121                      -16.393408
                  2.1245                      -16.402962
                   2.128                      -16.412917
                  2.1315                      -16.423271
                   2.135                      -16.434022
                  2.1385                      -16.445165
                   2.142                      -16.456697
                  2.1455                      -16.468617
                   2.149                      -16.480926
                  2.1525                      -16.493624
                   2.156                      -16.506711
                  2.1595                      -16.520191
                   2.163                      -16.534066
                  2.1665                      -16.548341
                    2.17                      -16.563023
                  2.1735                      -16.578117
                   2.177                      -16.593629
                  2.1805                      -16.609567
                   2.184                       -16.62594
                  2.1875                      -16.642755
                   2.191                      -16.660021
                  2.1945                      -16.677748
                   2.198                      -16.695942
                  2.2015                      -16.714612
                   2.205                      -16.733767
                  2.2085                      -16.753412
                   2.212                      -16.773556
                  2.2155                      -16.794204
                   2.219                      -16.815357
                  2.2225                      -16.837021
                   2.226                      -16.859201
                  2.2295                      -16.881896
                   2.233                      -16.905105
                  2.2365                      -16.928824
                    2.24                      -16.953055
                  2.2435                      -16.977794
                   2.247                      -17.003035
                  2.2505                      -17.028772
                   2.254                      -17.055002
                  2.2575                      -17.081713
                   2.261                      -17.108899
                  2.2645                      -17.136551
                   2.268                      -17.164658
                  2.2715                      -17.193219
                   2.275                      -17.222213
                  2.2785                      -17.251644
                   2.282                      -17.281497
                  2.2855                      -17.311764
                   2.289                       -17.34244
                  2.2925                      -17.373517
                   2.296                      -17.404989
                  2.2995                      -17.436856
                   2.303                       -17.46911
                  2.3065                      -17.501749
                    2.31                      -17.534769
                  2.3135                      -17.568176
                   2.317                      -17.601964
                  2.3205                      -17.636135
                   2.324                      -17.670686
                  2.3275                      -17.705623
                   2.331                      -17.740949
                  2.3345                       -17.77667
                   2.338                      -17.812779
                  2.3415                      -17.849281
                   2.345                       -17.88618
                  2.3485                      -17.923469
                   2.352                       -17.96116
                  2.3555                      -17.999244
                   2.359                      -18.037719
                  2.3625                      -18.076584
                   2.366                      -18.115836
                  2.3695                      -18.155463
                   2.373                      -18.195466
                  2.3765                      -18.235828
                    2.38                      -18.276536
                  2.3835                      -18.317589
                   2.387                      -18.358958
                  2.3905                       -18.40065
                   2.394                      -18.442634
                  2.3975                      -18.484892
                   2.401                      -18.527411
                  2.4045                      -18.570169
                   2.408                      -18.613155
                  2.4115                      -18.656346
                   2.415                      -18.699724
                  2.4185                      -18.743267
                   2.422                      -18.786963
                  2.4255                      -18.830793
                   2.429                      -18.874744
                  2.4325                      -18.918794
                   2.436                      -18.962935
                  2.4395                      -19.007153
                   2.443                      -19.051439
                  2.4465                      -19.095778
                    2.45                      -19.140175
                  2.4535                      -19.184612
                   2.457                       -19.22909
                  2.4605                      -19.273598
                   2.464                      -19.318147
                  2.4675                       -19.36272
                   2.471                      -19.407329
                  2.4745                       -19.45197
                   2.478                      -19.496639
                  2.4815                      -19.541344
                   2.485                      -19.586076
                  2.4885                      -19.630845
                   2.492                      -19.675635
                  2.4955                      -19.720463
                   2.499                      -19.765307
                  2.5025                      -19.810176
                   2.506                      -19.855061
                  2.5095                      -19.899951
                   2.513                       -19.94484
                  2.5165                      -19.989719
                    2.52                      -20.034569
                  2.5235                      -20.079385
                   2.527                      -20.124145
                  2.5305                      -20.168838
                   2.534                      -20.213443
                  2.5375                      -20.257944
                   2.541                      -20.302327
                  2.5445                      -20.346559
                   2.548                      -20.390632
                  2.5515                      -20.434528
                   2.555                      -20.478225
                  2.5585                      -20.521703
                   2.562                      -20.564955
                  2.5655                       -20.60796
                   2.569                      -20.650704
                  2.5725                      -20.693176
                   2.576                      -20.735373
                  2.5795                      -20.777286
                   2.583                      -20.818904
                  2.5865                      -20.860235
                    2.59                      -20.901272
                  2.5935                      -20.942025
                   2.597                      -20.982482
                  2.6005                      -21.022669
                   2.604                      -21.062585
                  2.6075                      -21.102233
                   2.611                      -21.141634
                  2.6145                      -21.180799
                   2.618                      -21.219735
                  2.6215                      -21.258453
                   2.625                      -21.296967
                  2.6285                      -21.335284
                   2.632                      -21.373424
                  2.6355                      -21.411386
                   2.639                      -21.449187
                  2.6425                      -21.486826
                   2.646                      -21.524309
                  2.6495                      -21.561646
                   2.653                      -21.598827
                  2.6565                      -21.635858
                    2.66                      -21.672738
                  2.6635                      -21.709454
                   2.667                      -21.746007
                  2.6705                      -21.782387
                   2.674                      -21.818591
                  2.6775                      -21.854596
                   2.681                      -21.890404
                  2.6845                         -21.926
                   2.688                       -21.96137
                  2.6915                      -21.996507
                   2.695                       -22.03141
                  2.6985                      -22.066056
                   2.702                      -22.100444
                  2.7055                      -22.134575
                   2.709                      -22.168437
                  2.7125                       -22.20203
                   2.716                      -22.235361
                  2.7195                      -22.268427
                   2.723                      -22.301232
                  2.7265                      -22.333792
                    2.73                      -22.366112
                  2.7335                      -22.398202
                   2.737                      -22.430082
                  2.7405                       -22.46176
                   2.744                      -22.493265
                  2.7475                      -22.524605
                   2.751                      -22.555806
                  2.7545                       -22.58688
                   2.758                      -22.617853
                  2.7615                      -22.648746
                   2.765                      -22.679569
                  2.7685                      -22.710345
                   2.772                       -22.74109
                  2.7755                      -22.771813
                   2.779                       -22.80253
                  2.7825                      -22.833255
                   2.786                       -22.86399
                  2.7895                      -22.894741
                   2.793                      -22.925508
                  2.7965                      -22.956297
                     2.8                      -22.987098
                  2.8035                      -23.017918
                   2.807                      -23.048737
                  2.8105                      -23.079557
                   2.814                      -23.110363
                  2.8175                      -23.141147
                   2.821                      -23.171891
                  2.8245                      -23.202586
                   2.828                      -23.233219
                  2.8315                      -23.263779
                   2.835                      -23.294254
                  2.8385                       -23.32463
                   2.842                      -23.354903
                  2.8455                      -23.385063
                   2.849                      -23.415102
                  2.8525                      -23.445022
                   2.856                      -23.474816
                  2.8595                      -23.504491
                   2.863                      -23.534048
                  2.8665                      -23.563493
                    2.87                      -23.592834
                  2.8735                      -23.622089
                   2.877                       -23.65127
                  2.8805                      -23.680382
                   2.884                      -23.709449
                  2.8875                      -23.738491
                   2.891                      -23.767521
                  2.8945                      -23.796561
                   2.898                      -23.825633
                  2.9015                      -23.854749
                   2.905                      -23.883932
                  2.9085                      -23.913192
                   2.912                      -23.942548
                  2.9155                      -23.972013
                   2.919                      -24.001597
                  2.9225                      -24.031311
                   2.926                      -24.061154
                  2.9295                      -24.091136
                   2.933                      -24.121251
                  2.9365                      -24.151501
                    2.94                      -24.181877
                  2.9435                       -24.21237
                   2.947                      -24.242971
                  2.9505                      -24.273674
                   2.954                      -24.304462
                  2.9575                      -24.335308
                   2.961                       -24.36621
                  2.9645                      -24.397147
                   2.968                      -24.428096
                  2.9715                       -24.45905
                   2.975                      -24.489983
                  2.9785                      -24.520884
                   2.982                       -24.55174
                  2.9855                      -24.582541
                   2.989                      -24.613277
                  2.9925                      -24.643933
                   2.996                      -24.674512
                  2.9995                      -24.705011
                   3.003                      -24.735432
                  3.0065                      -24.765779
                    3.01                      -24.796058
                  3.0135                      -24.826277
                   3.017                      -24.856449
                  3.0205                      -24.886589
                   3.024                      -24.916712
                  3.0275                      -24.946836
                   3.031                      -24.976975
                  3.0345                      -25.007154
                   3.038                       -25.03739
                  3.0415                      -25.067703
                   3.045                      -25.098109
                  3.0485                      -25.128624
                   3.052                      -25.159267
                  3.0555                       -25.19004
                   3.059                      -25.220963
                  3.0625                      -25.252044
                   3.066                      -25.283287
                  3.0695                      -25.314692
                   3.073                      -25.346256
                  3.0765                       -25.37798
                    3.08                      -25.409854
                  3.0835                      -25.441864
                   3.087                      -25.473999
                  3.0905                      -25.506246
                   3.094                      -25.538584
                  3.0975                      -25.570994
                   3.101                      -25.603456
                  3.1045                      -25.635949
                   3.108                      -25.668445
                  3.1115                      -25.700926
                   3.115                      -25.733375
                  3.1185                      -25.765765
                   3.122                      -25.798079
                  3.1255                      -25.830301
                   3.129                      -25.862413
                  3.1325                      -25.894406
                   3.136                      -25.926276
                  3.1395                       -25.95801
                   3.143                       -25.98961
                  3.1465                      -26.021072
                    3.15                      -26.052407
                  3.1535                      -26.083619
                   3.157                       -26.11472
                  3.1605                      -26.145719
                   3.164                      -26.176635
                  3.1675                      -26.207483
                   3.171                      -26.238284
                  3.1745                      -26.269057
                   3.178                      -26.299823
                  3.1815                      -26.330602
                   3.185                      -26.361411
                  3.1885                      -26.392266
                   3.192                      -26.423193
                  3.1955                      -26.454199
                   3.199                        -26.4853
                  3.2025                      -26.516501
                   3.206                      -26.547809
                  3.2095                      -26.579235
                   3.213                      -26.610766
                  3.2165                      -26.642402
                    3.22                      -26.674136
                  3.2235                      -26.705953
                   3.227                      -26.737846
                  3.2305                       -26.76979
                   3.234                      -26.801768
                  3.2375                      -26.833759
                   3.241                      -26.865731
                  3.2445                       -26.89767
                   3.248                      -26.929539
                  3.2515                      -26.961324
                   3.255                       -26.99299
                  3.2585                      -27.024513
                   3.262                      -27.055877
                  3.2655                      -27.087056
                   3.269                      -27.118036
                  3.2725                      -27.148797
                   3.276                      -27.179333
                  3.2795                      -27.209635
                   3.283                      -27.239699
                  3.2865                      -27.269523
                    3.29                      -27.299116
                  3.2935                      -27.328481
                   3.297                      -27.357635
                  3.3005                      -27.386589
                   3.304                      -27.415364
                  3.3075                      -27.443981
                   3.311                       -27.47246
                  3.3145                      -27.500825
                   3.318                      -27.529106
                  3.3215                      -27.557326
                   3.325                      -27.585512
                  3.3285                      -27.613685
                   3.332                      -27.641868
                  3.3355                      -27.670083
                   3.339                       -27.69835
                  3.3425                      -27.726681
                   3.346                      -27.755091
                  3.3495                      -27.783585
                   3.353                      -27.812164
                  3.3565                      -27.840832
                    3.36                      -27.869584
                  3.3635                      -27.898411
                   3.367                      -27.927299
                  3.3705                      -27.956232
                   3.374                      -27.985192
                  3.3775                      -28.014161
                   3.381                      -28.043107
                  3.3845                      -28.072004
                   3.388                      -28.100827
                  3.3915                      -28.129551
                   3.395                      -28.158143
                  3.3985                      -28.186579
                   3.402                      -28.214832
                  3.4055                      -28.242881
                   3.409                        -28.2707
                  3.4125                      -28.298276
                   3.416                      -28.325596
                  3.4195                      -28.352646
                   3.423                      -28.379423
                  3.4265                      -28.405926
                    3.43                      -28.432157
                  3.4335                      -28.458129
                   3.437                      -28.483847
                  3.4405                       -28.50933
                   3.444                      -28.534597
                  3.4475                      -28.559674
                   3.451                      -28.584585
                  3.4545                      -28.609357
                   3.458                      -28.634021
                  3.4615                      -28.658604
                   3.465                      -28.683135
                  3.4685                      -28.707647
                   3.472                      -28.732165
                  3.4755                      -28.756713
                   3.479                      -28.781316
                  3.4825                      -28.805988
                   3.486                      -28.830748
                  3.4895                      -28.855606
                   3.493                      -28.880566
                  3.4965                       -28.90563
                     3.5                      -28.930791
