        Frequency / GHz                System Tot. Efficiency [AC2]/abs,dB
----------------------------------------------------------------------
                    0.69                      -20.050726
                    0.78                      -12.974729
                    0.87                      -12.556666
                    0.96                      -11.699989
                     1.7                      -10.511443
                     1.8                      -9.5753152
                     1.9                      -17.951576
                       2                      -11.988321
                     2.1                      -10.670979
                     2.2                      -9.7714809
                     2.3                      -7.1796979
                     2.4                      -10.215976
                     2.5                      -8.7685817
                     2.6                      -8.0988322
                     2.7                      -7.8432002

