Frequency    S2,2_[91]

                     0.5                     -0.00144257
                  0.5025                   -0.0015428411
                   0.505                   -0.0016491855
                  0.5075                   -0.0017595474
                    0.51                   -0.0018723544
                  0.5125                   -0.0019869238
                   0.515                   -0.0021038387
                  0.5175                   -0.0022250084
                    0.52                     -0.00235344
                  0.5225                     -0.00249281
                   0.525                   -0.0026467688
                  0.5275                   -0.0028183979
                    0.53                   -0.0030095771
                  0.5325                   -0.0032206819
                   0.535                   -0.0034506202
                  0.5375                   -0.0036971123
                    0.54                   -0.0039574845
                  0.5425                   -0.0042294044
                   0.545                   -0.0045118682
                  0.5475                   -0.0048059887
                    0.55                   -0.0051151489
                  0.5525                   -0.0054450032
                   0.555                   -0.0058028113
                  0.5575                   -0.0061962912
                    0.56                   -0.0066325436
                  0.5625                    -0.007116656
                   0.565                   -0.0076511344
                  0.5675                   -0.0082356551
                    0.57                   -0.0088678007
                  0.5725                    -0.009544351
                   0.575                    -0.010263006
                  0.5775                    -0.011024346
                    0.58                     -0.01183308
                  0.5825                    -0.012698706
                   0.585                     -0.01363519
                  0.5875                    -0.014659721
                    0.59                    -0.015790606
                  0.5925                    -0.017045159
                   0.595                    -0.018437766
                  0.5975                    -0.019979009
                     0.6                    -0.021675766
                  0.6025                    -0.023532315
                   0.605                     -0.02555326
                  0.6075                    -0.027746225
                    0.61                    -0.030125161
                  0.6125                    -0.032712819
                   0.615                    -0.035541871
                  0.6175                    -0.038655794
                    0.62                    -0.042106652
                  0.6225                    -0.045953456
                   0.625                     -0.05025902
                  0.6275                    -0.055087763
                    0.63                    -0.060503109
                  0.6325                    -0.066568305
                   0.635                    -0.073347849
                  0.6375                    -0.080913558
                    0.64                    -0.089350399
                  0.6425                    -0.098768518
                   0.645                     -0.10931045
                  0.6475                     -0.12116387
                    0.65                      -0.1345681
                  0.6525                     -0.14981874
                   0.655                     -0.16727107
                  0.6575                     -0.18733998
                    0.66                     -0.21050044
                  0.6625                     -0.23729318
                   0.665                     -0.26833885
                  0.6675                     -0.30436311
                    0.67                     -0.34624727
                  0.6725                     -0.39508961
                   0.675                     -0.45229466
                  0.6775                     -0.51967963
                    0.68                     -0.59961336
                  0.6825                     -0.69516391
                   0.685                     -0.81028711
                  0.6875                     -0.95007524
                    0.69                      -1.1210427
                  0.6925                      -1.3315671
                   0.695                      -1.5924742
                  0.6975                      -1.9178984
                     0.7                      -2.3264909
                  0.7025                      -2.8432409
                   0.705                      -3.5020981
                  0.7075                      -4.3501742
                    0.71                      -5.4548056
                  0.7125                      -6.9170711
                   0.715                      -8.9027062
                  0.7175                      -11.725995
                    0.72                       -16.14668
                  0.7225                      -24.805097
                   0.725                      -23.430691
                  0.7275                      -15.958159
                    0.73                      -12.124989
                  0.7325                      -9.6925989
                   0.735                      -7.9896369
                  0.7375                      -6.7304182
                    0.74                      -5.7655305
                  0.7425                      -5.0067492
                   0.745                      -4.3977954
                  0.7475                      -3.9008925
                    0.75                      -3.4897709
                  0.7525                      -3.1456208
                   0.755                      -2.8546286
                  0.7575                      -2.6063874
                    0.76                      -2.3928498
                  0.7625                       -2.207657
                   0.765                      -2.0456819
                  0.7675                       -1.902755
                    0.77                      -1.7754952
                  0.7725                      -1.6611962
                   0.775                      -1.5577358
                  0.7775                      -1.4634871
                    0.78                      -1.3772109
                  0.7825                        -1.29796
                   0.785                      -1.2249698
                  0.7875                      -1.1575788
                    0.79                      -1.0951853
                  0.7925                      -1.0372234
                   0.795                     -0.98317152
                  0.7975                      -0.9325655
                     0.8                     -0.88501306
                  0.8025                     -0.84019381
                   0.805                     -0.79785158
                  0.8075                     -0.75777963
                    0.81                     -0.71980523
                  0.8125                     -0.68378441
                   0.815                     -0.64960059
                  0.8175                     -0.61716547
                    0.82                     -0.58642149
                  0.8225                     -0.55733147
                   0.825                      -0.5298639
                  0.8275                     -0.50397194
                    0.83                     -0.47957926
                  0.8325                     -0.45657581
                   0.835                     -0.43482642
                  0.8375                      -0.4141947
                    0.84                     -0.39456534
                  0.8425                     -0.37586635
                   0.845                     -0.35807289
                  0.8475                     -0.34120024
                    0.85                     -0.32528111
                  0.8525                     -0.31034141
                   0.855                     -0.29637759
                  0.8575                     -0.28334791
                    0.86                     -0.27117742
                  0.8625                      -0.2597722
                   0.865                     -0.24903957
                  0.8675                     -0.23890501
                    0.87                     -0.22931974
                  0.8725                     -0.22026026
                   0.875                     -0.21172175
                  0.8775                     -0.20370493
                    0.88                     -0.19620885
                  0.8825                     -0.18922475
                   0.885                     -0.18273763
                  0.8875                     -0.17672837
                    0.89                     -0.17117698
                  0.8925                      -0.1660634
                   0.895                     -0.16136512
                  0.8975                     -0.15705419
                     0.9                     -0.15309612
                  0.9025                     -0.14945078
                   0.905                     -0.14607912
                  0.9075                     -0.14295098
                    0.91                     -0.14005209
                  0.9125                     -0.13738778
                   0.915                     -0.13497933
                  0.9175                     -0.13285475
                    0.92                     -0.13103728
                  0.9225                     -0.12953357
                   0.925                     -0.12832802
                  0.9275                     -0.12738426
                    0.93                     -0.12665311
                  0.9325                     -0.12608588
                   0.935                     -0.12564658
                  0.9375                     -0.12531942
                    0.94                      -0.1251101
                  0.9425                     -0.12503947
                   0.945                     -0.12513431
                  0.9475                     -0.12541614
                    0.95                     -0.12589345
                  0.9525                     -0.12655982
                   0.955                     -0.12739581
                  0.9575                     -0.12837506
                    0.96                     -0.12947055
                  0.9625                     -0.13065901
                   0.965                     -0.13192271
                  0.9675                     -0.13324958
                    0.97                     -0.13463089
                  0.9725                      -0.1360608
                   0.975                     -0.13753618
                  0.9775                     -0.13905699
                    0.98                     -0.14062694
                  0.9825                     -0.14225224
                   0.985                     -0.14393851
                  0.9875                     -0.14568697
                    0.99                     -0.14749004
                  0.9925                     -0.14932926
                   0.995                     -0.15117778
                  0.9975                     -0.15300404
                       1                     -0.15478011
                  1.0025                     -0.15648803
                   1.005                     -0.15812317
                  1.0075                     -0.15969556
                    1.01                     -0.16122448
                  1.0125                     -0.16273122
                   1.015                     -0.16423164
                  1.0175                     -0.16573112
                    1.02                     -0.16722163
                  1.0225                     -0.16868505
                   1.025                     -0.17009743
                  1.0275                     -0.17143613
                    1.03                     -0.17268491
                  1.0325                     -0.17383756
                   1.035                     -0.17489755
                  1.0375                     -0.17587601
                    1.04                      -0.1767884
                  1.0425                     -0.17765027
                   1.045                     -0.17847428
                  1.0475                      -0.1792691
                    1.05                     -0.18003821
                  1.0525                     -0.18077999
                   1.055                     -0.18148944
                  1.0575                     -0.18215899
                    1.06                      -0.1827804
                  1.0625                     -0.18334592
                   1.065                     -0.18385067
                  1.0675                     -0.18429434
                    1.07                     -0.18468188
                  1.0725                     -0.18502394
                   1.075                       -0.185335
                  1.0775                      -0.1856316
                    1.08                     -0.18592791
                  1.0825                     -0.18623377
                   1.085                     -0.18655223
                  1.0875                     -0.18687891
                    1.09                     -0.18720376
                  1.0925                     -0.18751419
                   1.095                     -0.18779867
                  1.0975                     -0.18805053
                     1.1                     -0.18826963
                  1.1025                     -0.18846381
                   1.105                      -0.1886462
                  1.1075                      -0.1888332
                    1.11                     -0.18904001
                  1.1125                     -0.18927814
                   1.115                     -0.18955238
                  1.1175                     -0.18986119
                    1.12                     -0.19019678
                  1.1225                     -0.19054845
                   1.125                     -0.19090512
                  1.1275                     -0.19125802
                    1.13                     -0.19160326
                  1.1325                      -0.1919421
                   1.135                      -0.1922809
                  1.1375                      -0.1926298
                    1.14                     -0.19300057
                  1.1425                     -0.19340416
                   1.145                      -0.1938487
                  1.1475                     -0.19433833
                    1.15                     -0.19487267
                  1.1525                      -0.1954466
                   1.155                     -0.19605172
                  1.1575                     -0.19667858
                    1.16                     -0.19731819
                  1.1625                     -0.19796445
                   1.165                     -0.19861544
                  1.1675                     -0.19927471
                    1.17                     -0.19995019
                  1.1725                     -0.20065277
                   1.175                      -0.2013942
                  1.1775                     -0.20218487
                    1.18                      -0.2030309
                  1.1825                     -0.20393261
                   1.185                     -0.20488512
                  1.1875                     -0.20587867
                    1.19                     -0.20690201
                  1.1925                     -0.20794376
                   1.195                     -0.20899646
                  1.1975                     -0.21005869
                     1.2                     -0.21113433
                  1.2025                     -0.21223309
                   1.205                     -0.21336741
                  1.2075                     -0.21455011
                    1.21                     -0.21579147
                  1.2125                     -0.21709642
                   1.215                     -0.21846435
                  1.2175                     -0.21988881
                    1.22                     -0.22135942
                  1.2225                     -0.22286484
                   1.225                     -0.22439504
                  1.2275                     -0.22594382
                    1.23                     -0.22751041
                  1.2325                     -0.22909988
                   1.235                     -0.23072123
                  1.2375                     -0.23238643
                    1.24                     -0.23410745
                  1.2425                     -0.23589393
                   1.245                     -0.23775094
                  1.2475                     -0.23967873
                    1.25                     -0.24167207
                  1.2525                     -0.24372244
                   1.255                     -0.24581825
                  1.2575                     -0.24794994
                    1.26                     -0.25011029
                  1.2625                     -0.25229713
                   1.265                     -0.25451431
                  1.2675                     -0.25677014
                    1.27                     -0.25907858
                  1.2725                     -0.26145258
                   1.275                     -0.26390384
                  1.2775                     -0.26644007
                    1.28                     -0.26906294
                  1.2825                     -0.27176661
                   1.285                     -0.27454123
                  1.2875                     -0.27737366
                    1.29                     -0.28025226
                  1.2925                     -0.28316801
                   1.295                      -0.2861195
                  1.2975                     -0.28911168
                     1.3                     -0.29215646
                  1.3025                     -0.29526913
                   1.305                     -0.29846525
                  1.3075                     -0.30175853
                    1.31                      -0.3051563
                  1.3125                     -0.30865867
                   1.315                     -0.31225818
                  1.3175                     -0.31594413
                    1.32                     -0.31970197
                  1.3225                     -0.32351993
                   1.325                     -0.32739019
                  1.3275                     -0.33131276
                    1.33                     -0.33529444
                  1.3325                     -0.33934795
                   1.335                     -0.34349019
                  1.3375                     -0.34773754
                    1.34                     -0.35210445
                  1.3425                     -0.35659789
                   1.345                     -0.36121842
                  1.3475                     -0.36595986
                    1.35                     -0.37080996
                  1.3525                     -0.37575367
                   1.355                     -0.38077889
                  1.3575                     -0.38587747
                    1.36                     -0.39104711
                  1.3625                     -0.39629658
                   1.365                      -0.4016391
                  1.3675                     -0.40709451
                    1.37                     -0.41268202
                  1.3725                     -0.41841936
                   1.375                     -0.42431524
                  1.3775                     -0.43037096
                    1.38                     -0.43657735
                  1.3825                     -0.44292046
                   1.385                     -0.44938192
                  1.3875                     -0.45594379
                    1.39                     -0.46259872
                  1.3925                      -0.4693456
                   1.395                      -0.4761942
                  1.3975                     -0.48316404
                     1.4                     -0.49027926
                  1.4025                     -0.49756296
                   1.405                     -0.50503328
                  1.4075                     -0.51269745
                    1.41                     -0.52055513
                  1.4125                     -0.52859114
                   1.415                     -0.53678595
                  1.4175                     -0.54511885
                    1.42                     -0.55357163
                  1.4225                     -0.56213506
                   1.425                     -0.57081049
                  1.4275                      -0.5796126
                    1.43                     -0.58856378
                  1.4325                      -0.5976897
                   1.435                     -0.60701341
                  1.4375                     -0.61655433
                    1.44                      -0.6263165
                  1.4425                     -0.63629339
                   1.445                     -0.64646628
                  1.4475                      -0.6568102
                    1.45                     -0.66729948
                  1.4525                     -0.67791054
                   1.455                     -0.68863276
                  1.4575                     -0.69946916
                    1.46                     -0.71043257
                  1.4625                     -0.72154855
                   1.465                     -0.73284632
                  1.4675                     -0.74435071
                    1.47                     -0.75607746
                  1.4725                     -0.76802594
                   1.475                     -0.78018132
                  1.4775                     -0.79251397
                    1.48                     -0.80498579
                  1.4825                     -0.81755829
                   1.485                     -0.83020321
                  1.4875                     -0.84290459
                    1.49                     -0.85566726
                  1.4925                     -0.86850958
                   1.495                      -0.8814603
                  1.4975                     -0.89454974
                     1.5                     -0.90779832
                  1.5025                     -0.92121279
                   1.505                       -0.934777
                  1.5075                     -0.94845577
                    1.51                     -0.96220205
                  1.5125                     -0.97596175
                   1.515                      -0.9896866
                  1.5175                      -1.0033435
                    1.52                      -1.0169199
                  1.5225                      -1.0304208
                   1.525                      -1.0438683
                  1.5275                      -1.0572887
                    1.53                      -1.0707093
                  1.5325                      -1.0841376
                   1.535                      -1.0975619
                  1.5375                      -1.1109481
                    1.54                      -1.1242431
                  1.5425                      -1.1373814
                   1.545                      -1.1502973
                  1.5475                       -1.162937
                    1.55                       -1.175268
                  1.5525                      -1.1872813
                   1.555                      -1.1989887
                  1.5575                      -1.2104187
                    1.56                      -1.2216013
                  1.5625                      -1.2325581
                   1.565                      -1.2432886
                  1.5675                      -1.2537689
                    1.57                      -1.2639471
                  1.5725                       -1.273756
                   1.575                      -1.2831193
                  1.5775                      -1.2919744
                    1.58                      -1.3002758
                  1.5825                      -1.3080088
                   1.585                      -1.3151876
                  1.5875                      -1.3218491
                    1.59                      -1.3280391
                  1.5925                      -1.3337972
                   1.595                      -1.3391464
                  1.5975                      -1.3440797
                     1.6                      -1.3485632
                  1.6025                      -1.3525407
                   1.605                       -1.355948
                  1.6075                      -1.3587242
                    1.61                      -1.3608308
                  1.6125                      -1.3622588
                   1.615                      -1.3630302
                  1.6175                      -1.3631934
                    1.62                        -1.36281
                  1.6225                      -1.3619414
                   1.625                      -1.3606337
                  1.6275                      -1.3589079
                    1.63                      -1.3567568
                  1.6325                      -1.3541489
                   1.635                      -1.3510373
                  1.6375                      -1.3473764
                    1.64                      -1.3431333
                  1.6425                      -1.3383009
                   1.645                      -1.3329018
                  1.6475                      -1.3269858
                    1.65                      -1.3206214
                  1.6525                      -1.3138818
                   1.655                      -1.3068323
                  1.6575                      -1.2995156
                    1.66                      -1.2919472
                  1.6625                      -1.2841146
                   1.665                      -1.2759856
                  1.6675                      -1.2675207
                    1.67                      -1.2586844
                  1.6725                      -1.2494613
                   1.675                      -1.2398637
                  1.6775                      -1.2299292
                    1.68                       -1.219719
                  1.6825                      -1.2093053
                   1.685                      -1.1987554
                  1.6875                      -1.1881214
                    1.69                      -1.1774291
                  1.6925                      -1.1666784
                   1.695                      -1.1558455
                  1.6975                      -1.1448907
                     1.7                      -1.1337756
                  1.7025                      -1.1224727
                   1.705                      -1.1109757
                  1.7075                      -1.0993031
                    1.71                      -1.0874955
                  1.7125                      -1.0756104
                   1.715                       -1.063707
                  1.7175                       -1.051836
                    1.72                      -1.0400308
                  1.7225                      -1.0283005
                   1.725                      -1.0166302
                  1.7275                      -1.0049882
                    1.73                     -0.99333204
                  1.7325                     -0.98162539
                   1.735                     -0.96984261
                  1.7375                     -0.95797844
                    1.74                     -0.94605135
                  1.7425                     -0.93409638
                   1.745                     -0.92216092
                  1.7475                     -0.91029305
                    1.75                     -0.89852987
                  1.7525                     -0.88689067
                   1.755                     -0.87537444
                  1.7575                     -0.86395811
                    1.76                     -0.85260539
                  1.7625                     -0.84127262
                   1.765                     -0.82992196
                  1.7675                     -0.81852909
                    1.77                     -0.80708854
                  1.7725                     -0.79561416
                   1.775                     -0.78413851
                  1.7775                     -0.77270091
                    1.78                      -0.7613395
                  1.7825                     -0.75008374
                   1.785                     -0.73894456
                  1.7875                     -0.72791459
                    1.79                     -0.71696501
                  1.7925                      -0.7060569
                   1.795                     -0.69514699
                  1.7975                     -0.68419657
                     1.8                     -0.67317975
                  1.8025                     -0.66208977
                   1.805                     -0.65093717
                  1.8075                     -0.63974864
                    1.81                     -0.62855496
                  1.8125                     -0.61738873
                   1.815                     -0.60627273
                  1.8175                     -0.59521139
                    1.82                     -0.58419354
                  1.8225                     -0.57319013
                   1.825                     -0.56216036
                  1.8275                     -0.55105817
                    1.83                     -0.53984119
                  1.8325                     -0.52847839
                   1.835                     -0.51695563
                  1.8375                     -0.50527177
                    1.84                     -0.49344303
                  1.8425                      -0.4814936
                   1.845                     -0.46944647
                  1.8475                     -0.45732016
                    1.85                     -0.44511812
                  1.8525                     -0.43282955
                   1.855                     -0.42042565
                  1.8575                     -0.40786419
                    1.86                     -0.39509701
                  1.8625                     -0.38207637
                   1.865                     -0.36876078
                  1.8675                     -0.35512637
                    1.87                     -0.34116714
                  1.8725                      -0.3268991
                   1.875                     -0.31236241
                  1.8775                     -0.29761577
                    1.88                     -0.28274236
                  1.8825                     -0.26784542
                   1.885                     -0.25305903
                  1.8875                     -0.23855935
                    1.89                     -0.22458642
                  1.8925                     -0.21147905
                   1.895                     -0.19973214
                  1.8975                     -0.19007804
                     1.9                     -0.18361621
                  1.9025                      -0.1820087
                   1.905                     -0.18778522
                  1.9075                     -0.20480085
                    1.91                     -0.23895175
                  1.9125                      -0.2991786
                   1.915                     -0.39881989
                  1.9175                     -0.55701887
                    1.92                     -0.79901243
                  1.9225                      -1.1521649
                   1.925                      -1.6321943
                  1.9275                      -2.2156673
                    1.93                      -2.8130105
                  1.9325                      -3.2847327
                   1.935                      -3.5247639
                  1.9375                      -3.5312672
                    1.94                      -3.3806079
                  1.9425                      -3.1571741
                   1.945                       -2.917354
                  1.9475                      -2.6895417
                    1.95                      -2.4847643
                  1.9525                      -2.3053464
                   1.955                      -2.1498345
                  1.9575                      -2.0153987
                    1.96                      -1.8989975
                  1.9625                      -1.7977752
                   1.965                      -1.7092321
                  1.9675                      -1.6312546
                    1.97                      -1.5620928
                  1.9725                      -1.5003411
                   1.975                       -1.444869
                  1.9775                       -1.394788
                    1.98                       -1.349405
                  1.9825                      -1.3081898
                   1.985                       -1.270723
                  1.9875                      -1.2366767
                    1.99                      -1.2057788
                  1.9925                      -1.1777942
                   1.995                      -1.1525063
                  1.9975                       -1.129705
                       2                      -1.1091906
                  2.0025                      -1.0907563
                   2.005                      -1.0742076
                  2.0075                      -1.0593493
                    2.01                      -1.0459985
                  2.0125                      -1.0339794
                   2.015                      -1.0231346
                  2.0175                      -1.0133095
                    2.02                      -1.0043661
                  2.0225                     -0.99617494
                   2.025                     -0.98861139
                  2.0275                     -0.98155741
                    2.03                     -0.97489347
                  2.0325                     -0.96850054
                   2.035                     -0.96225442
                  2.0375                     -0.95603285
                    2.04                     -0.94971438
                  2.0425                     -0.94318634
                   2.045                     -0.93635121
                  2.0475                     -0.92913337
                    2.05                     -0.92148644
                  2.0525                     -0.91339336
                   2.055                      -0.9048676
                  2.0575                     -0.89594795
                    2.06                     -0.88669306
                  2.0625                     -0.87717387
                   2.065                     -0.86746327
                  2.0675                     -0.85763495
                    2.07                     -0.84775258
                  2.0725                     -0.83787012
                   2.075                     -0.82803195
                  2.0775                      -0.8182693
                    2.08                     -0.80861204
                  2.0825                     -0.79908187
                   2.085                     -0.78970227
                  2.0875                     -0.78050148
                    2.09                     -0.77150809
                  2.0925                     -0.76275758
                   2.095                     -0.75428026
                  2.0975                     -0.74610306
                     2.1                     -0.73823823
                  2.1025                     -0.73068417
                   2.105                     -0.72341954
                  2.1075                      -0.7164096
                    2.11                     -0.70960727
                  2.1125                     -0.70296603
                   2.115                     -0.69644389
                  2.1175                     -0.69001301
                    2.12                     -0.68366155
                  2.1225                     -0.67739551
                   2.125                     -0.67123071
                  2.1275                     -0.66519088
                    2.13                     -0.65929284
                  2.1325                     -0.65354668
                   2.135                     -0.64794763
                  2.1375                     -0.64247541
                    2.14                     -0.63709797
                  2.1425                      -0.6317769
                   2.145                     -0.62647337
                  2.1475                     -0.62115553
                    2.15                     -0.61580542
                  2.1525                     -0.61042026
                   2.155                     -0.60501563
                  2.1575                     -0.59961823
                    2.16                     -0.59426354
                  2.1625                     -0.58898459
                   2.165                     -0.58380485
                  2.1675                     -0.57873374
                    2.17                      -0.5737605
                  2.1725                     -0.56885814
                   2.175                     -0.56398619
                  2.1775                     -0.55910098
                    2.18                     -0.55416727
                  2.1825                     -0.54916489
                   2.185                     -0.54409462
                  2.1875                     -0.53898279
                    2.19                     -0.53387062
                  2.1925                     -0.52880743
                   2.195                     -0.52383927
                  2.1975                     -0.51899427
                     2.2                     -0.51427908
                  2.2025                     -0.50967372
                   2.205                     -0.50513914
                  2.2075                     -0.50062557
                    2.21                     -0.49608358
                  2.2125                     -0.49147823
                   2.215                     -0.48679654
                  2.2175                      -0.4820501
                    2.22                     -0.47727453
                  2.2225                     -0.47251855
                   2.225                     -0.46783432
                  2.2275                       -0.463265
                    2.23                     -0.45883497
                  2.2325                     -0.45454515
                   2.235                     -0.45037236
                  2.2375                     -0.44627533
                    2.24                      -0.4422023
                  2.2425                      -0.4381028
                   2.245                     -0.43393914
                  2.2475                     -0.42969573
                    2.25                     -0.42538207
                  2.2525                     -0.42103363
                   2.255                     -0.41670394
                  2.2575                     -0.41245201
                    2.26                     -0.40833206
                  2.2625                     -0.40437773
                   2.265                     -0.40059501
                  2.2675                     -0.39695918
                    2.27                     -0.39341732
                  2.2725                     -0.38990081
                   2.275                     -0.38634158
                  2.2775                      -0.3826872
                    2.28                     -0.37891725
                  2.2825                     -0.37504864
                   2.285                      -0.3711334
                  2.2875                     -0.36724847
                    2.29                     -0.36347489
                  2.2925                     -0.35988056
                   2.295                     -0.35650108
                  2.2975                     -0.35333151
                     2.3                     -0.35032735
                  2.3025                     -0.34741325
                   2.305                     -0.34450133
                  2.3075                     -0.34151237
                    2.31                      -0.3383933
                  2.3125                     -0.33513088
                   2.315                     -0.33175793
                  2.3175                     -0.32834492
                    2.32                     -0.32498628
                  2.3225                      -0.3217779
                   2.325                      -0.3187983
                  2.3275                     -0.31609267
                    2.33                     -0.31366299
                  2.3325                     -0.31146772
                   2.335                     -0.30942733
                  2.3375                     -0.30743848
                    2.34                     -0.30539546
                  2.3425                     -0.30321586
                   2.345                     -0.30086919
                  2.3475                     -0.29839854
                    2.35                     -0.29592839
                  2.3525                     -0.29365631
                   2.355                     -0.29183295
                  2.3575                     -0.29072531
                    2.36                     -0.29057356
                  2.3625                     -0.29153983
                   2.365                     -0.29365916
                  2.3675                     -0.29680326
                    2.37                     -0.30068395
                  2.3725                     -0.30488831
                   2.375                      -0.3089576
                  2.3775                     -0.31246571
                    2.38                     -0.31507857
                  2.3825                     -0.31658132
                   2.385                     -0.31687217
                  2.3875                      -0.3159438
                    2.39                     -0.31386691
                  2.3925                      -0.3107854
                   2.395                     -0.30691798
                  2.3975                     -0.30255094
                     2.4                     -0.29801493
                  2.4025                     -0.29363821
                   2.405                     -0.28969586
                  2.4075                     -0.28637586
                    2.41                     -0.28377118
                  2.4125                     -0.28189754
                   2.415                     -0.28072036
                  2.4175                     -0.28018153
                    2.42                     -0.28021797
                  2.4225                     -0.28077317
                   2.425                     -0.28180552
                  2.4275                     -0.28329232
                    2.43                     -0.28523606
                  2.4325                     -0.28766942
                   2.435                     -0.29066057
                  2.4375                     -0.29432375
                    2.44                     -0.29882626
                  2.4425                     -0.30440165
                   2.445                     -0.31136338
                  2.4475                     -0.32011273
                    2.45                     -0.33116698
                  2.4525                     -0.34518352
                   2.455                     -0.36302121
                  2.4575                     -0.38582306
                    2.46                     -0.41513366
                  2.4625                     -0.45312177
                   2.465                     -0.50283843
                  2.4675                     -0.56857371
                    2.47                     -0.65621016
                  2.4725                     -0.77293559
                   2.475                     -0.92432857
                  2.4775                      -1.1037599
                    2.48                      -1.2678502
                  2.4825                      -1.3219666
                   2.485                      -1.1959243
                  2.4875                      -0.9528355
                    2.49                     -0.71159223
                  2.4925                     -0.52830088
                   2.495                     -0.40325388
                  2.4975                     -0.32072073
                     2.5                     -0.26623328
                  2.5025                     -0.22970067
                   2.505                      -0.2046029
                  2.5075                     -0.18680348
                    2.51                     -0.17366501
                  2.5125                      -0.1635128
                   2.515                     -0.15530376
                  2.5175                     -0.14841055
                    2.52                     -0.14249264
                  2.5225                     -0.13738483
                   2.525                     -0.13302027
                  2.5275                     -0.12937039
                    2.53                     -0.12640108
                  2.5325                     -0.12405224
                   2.535                     -0.12222948
                  2.5375                     -0.12081019
                    2.54                     -0.11965705
                  2.5425                     -0.11863318
                   2.545                     -0.11762069
                  2.5475                     -0.11653524
                    2.55                     -0.11533568
                  2.5525                     -0.11402675
                   2.555                      -0.1126518
                  2.5575                      -0.1112785
                    2.56                     -0.10998117
                  2.5625                     -0.10882216
                   2.565                     -0.10783852
                  2.5675                     -0.10703488
                    2.57                      -0.1063835
                  2.5725                     -0.10583107
                   2.575                      -0.1053101
                  2.5775                     -0.10475361
                    2.58                     -0.10410934
                  2.5825                     -0.10335004
                   2.585                     -0.10247852
                  2.5875                     -0.10152534
                    2.59                     -0.10054029
                  2.5925                    -0.099579753
                   2.595                    -0.098694087
                  2.5975                    -0.097916085
                     2.6                    -0.097255323
                  2.6025                    -0.096696638
                   2.605                    -0.096205519
                  2.6075                    -0.095735887
                    2.61                    -0.095240515
                  2.6125                    -0.094681452
                   2.615                    -0.094037108
                  2.6175                    -0.093306848
                    2.62                    -0.092510156
                  2.6225                    -0.091681523
                   2.625                    -0.090862235
                  2.6275                    -0.090091389
                    2.63                    -0.089396859
                  2.6325                    -0.088790332
                   2.635                    -0.088265315
                  2.6375                      -0.0877988
                    2.64                    -0.087356735
                  2.6425                    -0.086901283
                   2.645                    -0.086399032
                  2.6475                    -0.085828651
                    2.65                    -0.085185256
                  2.6525                    -0.084482006
                   2.655                    -0.083746212
                  2.6575                     -0.08301308
                    2.66                    -0.082317527
                  2.6625                    -0.081685838
                   2.665                    -0.081130308
                  2.6675                    -0.080646741
                    2.67                    -0.080215486
                  2.6725                    -0.079806588
                   2.675                    -0.079386422
                  2.6775                    -0.078925639
                    2.68                    -0.078405937
                  2.6825                    -0.077823914
                   2.685                     -0.07719119
                  2.6875                    -0.076531768
                    2.69                    -0.075875423
                  2.6925                    -0.075251377
                   2.695                    -0.074681244
                  2.6975                    -0.074174877
                     2.7                    -0.073728567
                  2.7025                    -0.073326402
                   2.705                    -0.072944069
                  2.7075                    -0.072554509
                    2.71                    -0.072133612
                  2.7125                    -0.071665538
                   2.715                    -0.071145855
                  2.7175                     -0.07058241
                    2.72                    -0.069993456
                  2.7225                    -0.069403292
                   2.725                     -0.06883693
                  2.7275                     -0.06831466
                    2.73                    -0.067847499
                  2.7325                    -0.067435137
                   2.735                    -0.067065937
                  2.7375                    -0.066719488
                    2.74                    -0.066371259
                  2.7425                    -0.065997724
                   2.745                    -0.065582031
                  2.7475                    -0.065117826
                    2.75                    -0.064610814
                  2.7525                    -0.064077334
                   2.755                    -0.063540591
                  2.7575                    -0.063024992
                    2.76                    -0.062550552
                  2.7625                    -0.062128499
                   2.765                    -0.061758727
                  2.7675                    -0.061430049
                    2.77                    -0.061122772
                  2.7725                      -0.0608135
                   2.775                      -0.0604804
                  2.7775                    -0.060108205
                    2.78                    -0.059691844
                  2.7825                    -0.059237016
                   2.785                    -0.058758796
                  2.7875                    -0.058278053
                    2.79                     -0.05781637
                  2.7925                     -0.05739131
                   2.795                      -0.0570128
                  2.7975                    -0.056680936
                     2.8                     -0.05638647
                  2.8025                    -0.056112823
                   2.805                    -0.055839853
                  2.8075                    -0.055548235
                    2.81                    -0.055223582
                  2.8125                    -0.054859672
                   2.815                    -0.054459583
                  2.8175                    -0.054035209
                    2.82                    -0.053604613
                  2.8225                    -0.053187854
                   2.825                    -0.052802576
                  2.8275                    -0.052460188
                    2.83                     -0.05216331
                  2.8325                    -0.051905043
                   2.835                    -0.051670688
                  2.8375                    -0.051440588
                    2.84                    -0.051194743
                  2.8425                    -0.050917263
                   2.845                    -0.050600136
                  2.8475                     -0.05024537
                    2.85                    -0.049864357
                  2.8525                     -0.04947524
                   2.855                    -0.049098678
                  2.8575                    -0.048752927
                    2.86                    -0.048449907
                  2.8625                    -0.048192269
                   2.865                    -0.047973058
                  2.8675                    -0.047777291
                    2.87                     -0.04758534
                  2.8725                    -0.047377602
                   2.875                    -0.047138949
                  2.8775                    -0.046862045
                    2.88                    -0.046549062
                  2.8825                    -0.046210895
                   2.885                    -0.045864521
                  2.8875                    -0.045529238
                    2.89                    -0.045222073
                  2.8925                    -0.044954413
                   2.895                    -0.044729349
                  2.8975                    -0.044541181
                     2.9                     -0.04437684
                  2.9025                    -0.044218636
                   2.905                    -0.044048069
                  2.9075                    -0.043849961
                    2.91                    -0.043615649
                  2.9125                    -0.043345094
                   2.915                    -0.043046999
                  2.9175                     -0.04273678
                    2.92                    -0.042433387
                  2.9225                    -0.042154843
                   2.925                    -0.041914333
                  2.9275                     -0.04171716
                    2.93                    -0.041559539
                  2.9325                    -0.041429283
                   2.935                    -0.041308292
                  2.9375                    -0.041176594
                    2.94                    -0.041016928
                  2.9425                    -0.040818837
                   2.945                    -0.040581249
                  2.9475                     -0.04031291
                    2.95                    -0.040030244
                  2.9525                    -0.039753468
                   2.955                     -0.03950199
                  2.9575                    -0.039289869
                    2.96                    -0.039122744
                  2.9625                    -0.038996413
                   2.965                     -0.03889791
                  2.9675                    -0.038808382
                    2.97                    -0.038707411
                  2.9725                    -0.038577733
                   2.975                    -0.038409131
                  2.9775                    -0.038200795
                    2.98                    -0.037961387
                  2.9825                    -0.037706881
                   2.985                    -0.037456996
                  2.9875                    -0.037230796
                    2.99                    -0.037042431
                  2.9925                    -0.036898074
                   2.995                    -0.036794653
                  2.9975                    -0.036720448
                       3                    -0.036657675
