Frequency    S1,1_[2]

                       0                 -1.0423068e-006
                  0.0035                  2.7834667e-007
                   0.007                  4.3086565e-007
                  0.0105                 -1.2747828e-006
                   0.014                 -6.7801816e-006
                  0.0175                 -1.7168192e-005
                   0.021                 -3.1751977e-005
                  0.0245                 -4.7713139e-005
                   0.028                 -6.0514595e-005
                  0.0315                 -6.5105684e-005
                   0.035                 -5.7610086e-005
                  0.0385                 -3.7089469e-005
                   0.042                 -6.7579487e-006
                  0.0455                  2.5821582e-005
                   0.049                  4.9708922e-005
                  0.0525                  5.2796237e-005
                   0.056                  2.4801019e-005
                  0.0595                 -3.9498994e-005
                   0.063                  -0.00013782835
                  0.0665                  -0.00025927377
                    0.07                  -0.00038524491
                  0.0735                  -0.00049264333
                   0.077                   -0.0005586372
                  0.0805                  -0.00056640055
                   0.084                  -0.00051005069
                  0.0875                  -0.00039807278
                   0.091                  -0.00025362967
                  0.0945                  -0.00011147271
                   0.098                 -1.2213638e-005
                  0.1015                  5.8936445e-006
                   0.105                 -8.4554724e-005
                  0.1085                  -0.00029255515
                   0.112                  -0.00060427281
                  0.1155                  -0.00098295123
                   0.119                   -0.0013740495
                  0.1225                   -0.0017144667
                   0.126                   -0.0019457832
                  0.1295                   -0.0020269126
                   0.133                   -0.0019451572
                  0.1365                   -0.0017220116
                    0.14                   -0.0014114947
                  0.1435                   -0.0010927536
                   0.147                  -0.00085549657
                  0.1505                  -0.00078328945
                   0.154                  -0.00093629542
                  0.1575                   -0.0013363236
                   0.161                   -0.0019596399
                  0.1645                   -0.0027371329
                   0.168                   -0.0035649354
                  0.1715                   -0.0043223051
                   0.175                   -0.0048961227
                  0.1785                   -0.0052035998
                   0.182                   -0.0052128954
                  0.1855                   -0.0049516326
                   0.189                   -0.0045062617
                  0.1925                   -0.0040067794
                   0.196                   -0.0036054704
                  0.1995                   -0.0034465492
                   0.203                   -0.0036389753
                  0.2065                    -0.004232878
                    0.21                   -0.0052066239
                  0.2135                   -0.0064662607
                   0.217                   -0.0078601972
                  0.2205                   -0.0092059983
                   0.224                    -0.010325634
                  0.2275                     -0.01108151
                   0.231                    -0.011405455
                  0.2345                    -0.011315975
                   0.238                    -0.010917725
                  0.2415                    -0.010382849
                   0.245                   -0.0099224024
                  0.2485                   -0.0097452992
                   0.252                    -0.010021301
                  0.2555                    -0.010846293
                   0.259                    -0.012222747
                  0.2625                    -0.014054452
                   0.266                     -0.01616254
                  0.2695                    -0.018316239
                   0.273                    -0.020276133
                  0.2765                    -0.021842744
                    0.28                    -0.022895989
                  0.2835                    -0.023422064
                   0.287                    -0.023518473
                  0.2905                    -0.023378468
                   0.294                    -0.023256845
                  0.2975                    -0.023424314
                   0.301                    -0.024119209
                  0.3045                    -0.025502631
                   0.308                    -0.027628761
                  0.3115                    -0.030430371
                   0.315                    -0.033728934
                  0.3185                    -0.037263759
                   0.322                    -0.040741441
                  0.3255                    -0.043891068
                   0.329                    -0.046519727
                  0.3325                    -0.048551334
                   0.336                    -0.050046372
                  0.3395                    -0.051191107
                   0.343                    -0.052267585
                  0.3465                    -0.053601857
                    0.35                    -0.055506308
                  0.3535                    -0.058222469
                   0.357                    -0.061874245
                  0.3605                    -0.066438999
                   0.364                    -0.071743775
                  0.3675                    -0.077487724
                   0.371                    -0.083292466
                  0.3745                    -0.088768671
                   0.378                    -0.093589697
                  0.3815                    -0.097555206
                   0.385                     -0.10062946
                  0.3885                     -0.10294789
                   0.392                     -0.10478933
                  0.3955                     -0.10652318
                   0.399                     -0.10853872
                  0.4025                     -0.11117052
                   0.406                     -0.11463158
                  0.4095                     -0.11896402
                   0.413                     -0.12401684
                  0.4165                     -0.12945955
                    0.42                     -0.13483111
                  0.4235                     -0.13962409
                   0.427                     -0.14338091
                  0.4305                     -0.14578942
                   0.434                      -0.1467516
                  0.4375                     -0.14640717
                   0.441                      -0.1451162
                  0.4445                     -0.14339903
                   0.448                     -0.14185371
                  0.4515                     -0.14106051
                   0.455                       -0.141486
                  0.4585                      -0.1434015
                   0.462                     -0.14681969
                  0.4655                     -0.15147254
                   0.469                     -0.15683758
                  0.4725                     -0.16221747
                   0.476                     -0.16687397
                  0.4795                     -0.17018014
                   0.483                     -0.17176259
                  0.4865                     -0.17159298
                    0.49                     -0.17001528
                  0.4935                     -0.16770621
                   0.497                     -0.16558726
                  0.5005                       -0.164704
                   0.504                     -0.16608348
                  0.5075                     -0.17057733
                   0.511                      -0.1786917
                  0.5145                     -0.19042344
                   0.518                     -0.20515122
                  0.5215                      -0.2216352
                   0.525                     -0.23818583
                  0.5285                     -0.25299753
                   0.532                     -0.26457549
                  0.5355                     -0.27212281
                   0.539                     -0.27579455
                  0.5425                     -0.27677625
                   0.546                     -0.27726941
                  0.5495                      -0.2804534
                   0.553                     -0.29048631
                  0.5565                     -0.31247494
                    0.56                      -0.3521692
                  0.5635                     -0.41491717
                   0.567                     -0.50332708
                  0.5705                     -0.61386672
                   0.574                     -0.73466559
                  0.5775                     -0.84835883
                   0.581                     -0.94031876
                  0.5845                      -1.0056009
                   0.588                      -1.0482629
                  0.5915                       -1.075114
                   0.595                      -1.0903495
                  0.5985                      -1.0944111
                   0.602                      -1.0862207
                  0.6055                      -1.0661879
                   0.609                      -1.0377346
                  0.6125                      -1.0069138
                   0.616                     -0.98112093
                  0.6195                     -0.96805498
                   0.623                     -0.97526624
                  0.6265                      -1.0100125
                    0.63                      -1.0789186
                  0.6335                      -1.1870839
                   0.637                      -1.3364869
                  0.6405                      -1.5241693
                   0.644                      -1.7413374
                  0.6475                      -1.9745922
                   0.651                      -2.2096134
                  0.6545                      -2.4358365
                   0.658                      -2.6498932
                  0.6615                      -2.8564056
                   0.665                      -3.0666264
                  0.6685                      -3.2962403
                   0.672                      -3.5633586
                  0.6755                      -3.8868445
                   0.679                       -4.284422
                  0.6825                      -4.7701106
                   0.686                      -5.3507155
                  0.6895                      -6.0223863
                   0.693                      -6.7691403
                  0.6965                      -7.5659789
                     0.7                      -8.3875638
                  0.7035                      -9.2201331
                   0.707                      -10.071304
                  0.7105                      -10.973513
                   0.714                        -11.9809
                  0.7175                      -13.161589
                   0.721                      -14.582219
                  0.7245                      -16.258788
                   0.728                      -17.988489
                  0.7315                      -19.015671
                   0.735                        -18.4515
                  0.7385                        -16.7578
                   0.742                      -14.912571
                  0.7455                      -13.315198
                   0.749                      -12.016052
                  0.7525                      -10.968533
                   0.756                       -10.11072
                  0.7595                      -9.3863237
                   0.763                      -8.7497479
                  0.7665                      -8.1676845
                    0.77                      -7.6190465
                  0.7735                      -7.0947785
                   0.777                      -6.5951072
                  0.7805                        -6.12626
                   0.784                      -5.6964433
                  0.7875                      -5.3125084
                   0.791                      -4.9778585
                  0.7945                      -4.6919461
                   0.798                      -4.4506072
                  0.8015                      -4.2471347
                   0.805                      -4.0734297
                  0.8085                      -3.9210302
                   0.812                       -3.782128
                  0.8155                      -3.6504463
                   0.819                      -3.5216725
                  0.8225                      -3.3938349
                   0.826                      -3.2672652
                  0.8295                      -3.1440172
                   0.833                      -3.0272509
                  0.8365                      -2.9202873
                    0.84                      -2.8258342
                  0.8435                      -2.7454645
                   0.847                      -2.6793498
                  0.8505                      -2.6263445
                   0.854                      -2.5841944
                  0.8575                      -2.5499482
                   0.861                      -2.5203768
                  0.8645                      -2.4924547
                   0.868                      -2.4637387
                  0.8715                      -2.4327222
                   0.875                      -2.3989887
                  0.8785                       -2.363215
                   0.882                      -2.3269842
                  0.8855                      -2.2924027
                   0.889                      -2.2616748
                  0.8925                      -2.2366706
                   0.896                      -2.2185787
                  0.8995                      -2.2077454
                   0.903                      -2.2036228
                  0.9065                       -2.204888
                    0.91                      -2.2096828
                  0.9135                      -2.2158749
                   0.917                      -2.2214063
                  0.9205                      -2.2245983
                   0.924                      -2.2244171
                  0.9275                      -2.2206288
                   0.931                      -2.2138382
                  0.9345                      -2.2053436
                   0.938                       -2.196891
                  0.9415                      -2.1903261
                   0.945                      -2.1872311
                  0.9485                      -2.1886471
                   0.952                      -2.1948696
                  0.9555                      -2.2053923
                   0.959                      -2.2189716
                  0.9625                      -2.2337712
                   0.966                      -2.2475969
                  0.9695                      -2.2581559
                   0.973                      -2.2632897
                  0.9765                      -2.2611888
                    0.98                      -2.2504911
                  0.9835                      -2.2302761
                   0.987                      -2.1999672
                  0.9905                      -2.1592348
                   0.994                      -2.1080686
                  0.9975                      -2.0472255
                   1.001                      -1.9790219
                  1.0045                       -1.908092
                   1.008                      -1.8412214
                  1.0115                      -1.7857488
                   1.015                      -1.7470996
                  1.0185                      -1.7270011
                   1.022                      -1.7234226
                  1.0255                       -1.731934
                   1.029                      -1.7474535
                  1.0325                      -1.7655936
                   1.036                      -1.7833919
                  1.0395                      -1.7994796
                   1.043                       -1.813853
                  1.0465                      -1.8274274
                    1.05                      -1.8414852
                  1.0535                      -1.8571825
                   1.057                      -1.8751636
                  1.0605                      -1.8953528
                   1.064                      -1.9169151
                  1.0675                      -1.9383608
                   1.071                      -1.9577763
                  1.0745                      -1.9731375
                   1.078                      -1.9826731
                  1.0815                      -1.9852209
                   1.085                       -1.980507
                  1.0885                      -1.9692889
                   1.092                      -1.9532974
                  1.0955                      -1.9349707
                   1.099                      -1.9170432
                  1.1025                      -1.9020647
                   1.106                      -1.8919671
                  1.1095                      -1.8877625
                   1.113                      -1.8893973
                  1.1165                      -1.8957725
                    1.12                      -1.9049054
                  1.1235                        -1.91421
                   1.127                      -1.9208769
                  1.1305                       -1.922353
                   1.134                      -1.9168569
                  1.1375                      -1.9038631
                   1.141                      -1.8844272
                  1.1445                      -1.8612263
                   1.148                        -1.83826
                  1.1515                      -1.8202762
                   1.155                      -1.8120838
                  1.1585                      -1.8179462
                   1.162                      -1.8411894
                  1.1655                      -1.8840631
                   1.169                      -1.9478108
                  1.1725                      -2.0327715
                   1.176                       -2.138508
                  1.1795                      -2.2637879
                   1.183                      -2.4063404
                  1.1865                      -2.5624261
                    1.19                      -2.7260769
                  1.1935                      -2.8882775
                   1.197                      -3.0362944
                  1.2005                      -3.1538076
                   1.204                      -3.2229343
                  1.2075                      -3.2284918
                   1.211                      -3.1636309
                  1.2145                      -3.0338955
                   1.218                      -2.8566571
                  1.2215                      -2.6556943
                   1.225                      -2.4541062
                  1.2285                      -2.2693032
                   1.232                      -2.1112494
                  1.2355                      -1.9833305
                   1.239                      -1.8842982
                  1.2425                      -1.8101382
                   1.246                      -1.7555414
                  1.2495                      -1.7148385
                   1.253                      -1.6826265
                  1.2565                      -1.6541909
                    1.26                      -1.6258169
                  1.2635                      -1.5950259
                   1.267                      -1.5607011
                  1.2705                       -1.523031
                   1.274                       -1.483283
                  1.2775                      -1.4433993
                   1.281                       -1.405518
                  1.2845                      -1.3715324
                   1.288                      -1.3427389
                  1.2915                      -1.3196644
                   1.295                      -1.3020568
                  1.2985                      -1.2890096
                   1.302                      -1.2791788
                  1.3055                      -1.2710232
                   1.309                      -1.2630447
                  1.3125                      -1.2539903
                   1.316                      -1.2430071
                  1.3195                      -1.2297269
                   1.323                      -1.2142788
                  1.3265                      -1.1972113
                    1.33                      -1.1793619
                  1.3335                      -1.1616743
                   1.337                      -1.1450277
                  1.3405                      -1.1300951
                   1.344                      -1.1172513
                  1.3475                      -1.1065396
                   1.351                      -1.0977005
                  1.3545                       -1.090232
                   1.358                      -1.0834889
                  1.3615                      -1.0767931
                   1.365                      -1.0695453
                  1.3685                      -1.0613184
                   1.372                      -1.0519221
                  1.3755                      -1.0414205
                   1.379                      -1.0301069
                  1.3825                      -1.0184388
                   1.386                      -1.0069461
                  1.3895                     -0.99613785
                   1.393                     -0.98642001
                  1.3965                     -0.97804378
                     1.4                     -0.97108204
                  1.4035                     -0.96544349
                   1.407                     -0.96090823
                  1.4105                     -0.95718335
                   1.414                     -0.95396296
                  1.4175                     -0.95098341
                   1.421                     -0.94806671
                  1.4245                     -0.94513946
                   1.428                      -0.9422328
                  1.4315                     -0.93946391
                   1.435                     -0.93700226
                  1.4385                     -0.93503376
                   1.442                     -0.93371843
                  1.4455                      -0.9331607
                   1.449                     -0.93338248
                  1.4525                     -0.93430695
                   1.456                     -0.93576285
                  1.4595                     -0.93749682
                   1.463                     -0.93920999
                  1.4665                     -0.94060058
                    1.47                     -0.94141682
                  1.4735                     -0.94150215
                   1.477                     -0.94082837
                  1.4805                      -0.9395053
                   1.484                     -0.93776726
                  1.4875                     -0.93593279
                   1.491                     -0.93435328
                  1.4945                     -0.93336213
                   1.498                      -0.9332224
                  1.5015                     -0.93409806
                   1.505                     -0.93603628
                  1.5085                     -0.93896543
                   1.512                     -0.94271245
                  1.5155                     -0.94702889
                   1.519                     -0.95163233
                  1.5225                     -0.95624526
                   1.526                     -0.96064244
                  1.5295                     -0.96468119
                   1.533                     -0.96833028
                  1.5365                     -0.97166507
                    1.54                     -0.97485858
                  1.5435                     -0.97814795
                   1.547                     -0.98179709
                  1.5505                     -0.98605292
                   1.554                     -0.99110834
                  1.5575                     -0.99707048
                   1.561                      -1.0039483
                  1.5645                      -1.0116448
                   1.568                       -1.019973
                  1.5715                        -1.02868
                   1.575                        -1.03749
                  1.5785                      -1.0461461
                   1.582                       -1.054453
                  1.5855                      -1.0623159
                   1.589                       -1.069757
                  1.5925                      -1.0769117
                   1.596                       -1.084013
                  1.5995                        -1.09135
                   1.603                       -1.099222
                  1.6065                       -1.107893
                    1.61                      -1.1175461
                  1.6135                      -1.1282525
                   1.617                      -1.1399595
                  1.6205                      -1.1524874
                   1.624                      -1.1655615
                  1.6275                      -1.1788494
                   1.631                      -1.1920187
                  1.6345                         -1.2048
                   1.638                      -1.2170349
                  1.6415                      -1.2287153
                   1.645                      -1.2399912
                  1.6485                      -1.2511473
                   1.652                      -1.2625686
                  1.6555                      -1.2746722
                   1.659                      -1.2878458
                  1.6625                      -1.3023842
                   1.666                      -1.3184356
                  1.6695                      -1.3359758
                   1.673                      -1.3548015
                  1.6765                      -1.3745542
                    1.68                       -1.394785
                  1.6835                      -1.4150285
                   1.687                      -1.4348972
                  1.6905                      -1.4541716
                   1.694                      -1.4728511
                  1.6975                      -1.4911881
                   1.701                      -1.5096607
                  1.7045                      -1.5289111
                   1.708                      -1.5496622
                  1.7115                      -1.5726126
                   1.715                      -1.5983318
                  1.7185                      -1.6271787
                   1.722                      -1.6592289
                  1.7255                      -1.6942676
                   1.729                      -1.7318116
                  1.7325                      -1.7712041
                   1.736                       -1.811772
                  1.7395                      -1.8529986
                   1.743                       -1.894715
                  1.7465                      -1.9372444
                    1.75                      -1.9814627
                  1.7535                      -2.0287912
                   1.757                       -2.081072
                  1.7605                      -2.1403606
                   1.764                      -2.2086609
                  1.7675                      -2.2875246
                   1.771                      -2.3775821
                  1.7745                      -2.4779897
                   1.778                      -2.5858107
                  1.7815                       -2.695661
                   1.785                      -2.7997376
                  1.7885                      -2.8886677
                   1.792                      -2.9532344
                  1.7955                      -2.9865008
                   1.799                      -2.9856038
                  1.8025                      -2.9523235
                   1.806                      -2.8922854
                  1.8095                      -2.8132399
                   1.813                      -2.7233169
                  1.8165                      -2.6297565
                    1.82                      -2.5382838
                  1.8235                      -2.4530543
                   1.827                      -2.3768238
                  1.8305                      -2.3112668
                   1.834                      -2.2572484
                  1.8375                      -2.2150274
                   1.841                       -2.184415
                  1.8445                      -2.1648563
                   1.848                      -2.1554757
                  1.8515                      -2.1551172
                   1.855                      -2.1623914
                  1.8585                      -2.1757484
                   1.862                      -2.1935766
                  1.8655                      -2.2143425
                   1.869                      -2.2367085
                  1.8725                      -2.2596591
                   1.876                      -2.2825675
                  1.8795                      -2.3052092
                   1.883                      -2.3277237
                  1.8865                      -2.3505205
                    1.89                      -2.3741726
                  1.8935                      -2.3992964
                   1.897                      -2.4264384
                  1.9005                      -2.4559907
                   1.904                      -2.4881346
                  1.9075                      -2.5228144
                   1.911                      -2.5597485
                  1.9145                      -2.5984731
                   1.918                      -2.6384084
                  1.9215                      -2.6789616
                   1.925                      -2.7196139
                  1.9285                      -2.7599947
                   1.932                      -2.7999605
                  1.9355                      -2.8395979
                   1.939                      -2.8792183
                  1.9425                      -2.9192987
                   1.946                      -2.9604169
                  1.9495                      -3.0031557
                   1.953                       -3.048022
                  1.9565                      -3.0953588
                    1.96                       -3.145304
                  1.9635                      -3.1977621
                   1.967                      -3.2524147
                  1.9705                      -3.3087724
                   1.974                      -3.3662448
                  1.9775                      -3.4242676
                   1.981                      -3.4823802
                  1.9845                      -3.5403293
                   1.988                      -3.5981336
                  1.9915                      -3.6560771
                   1.995                      -3.7146839
                  1.9985                      -3.7746502
                   2.002                       -3.836717
                  2.0055                      -3.9015637
                   2.009                      -3.9697158
                  2.0125                      -4.0414046
                   2.016                      -4.1165702
                  2.0195                      -4.1948391
                   2.023                      -4.2755842
                  2.0265                      -4.3580283
                    2.03                      -4.4413891
                  2.0335                       -4.525045
                   2.037                      -4.6086696
                  2.0405                      -4.6923092
                   2.044                      -4.7764204
                  2.0475                      -4.8618006
                   2.051                      -4.9494737
                  2.0545                      -5.0405401
                   2.058                      -5.1359616
                  2.0615                      -5.2364188
                   2.065                      -5.3421978
                  2.0685                      -5.4530612
                   2.072                      -5.5683382
                  2.0755                      -5.6870032
                   2.079                      -5.8078539
                  2.0825                      -5.9297736
                   2.086                      -6.0519581
                  2.0895                       -6.174142
                   2.093                      -6.2966851
                  2.0965                       -6.420555
                     2.1                       -6.547209
                  2.1035                      -6.6783431
                   2.107                      -6.8155952
                  2.1105                      -6.9603187
                   2.114                      -7.1132184
                  2.1175                      -7.2742621
                   2.121                      -7.4426735
                  2.1245                      -7.6169172
                   2.128                      -7.7950709
                  2.1315                      -7.9751776
                   2.135                       -8.155639
                  2.1385                      -8.3356498
                   2.142                      -8.5154628
                  2.1455                      -8.6963797
                   2.149                      -8.8806251
                  2.1525                      -9.0709229
                   2.156                       -9.270013
                  2.1595                      -9.4801004
                   2.163                      -9.7023589
                  2.1665                      -9.9366343
                    2.17                      -10.181237
                  2.1735                      -10.433048
                   2.177                      -10.688048
                  2.1805                      -10.941952
                   2.184                       -11.19109
                  2.1875                      -11.433297
                   2.191                      -11.668349
                  2.1945                      -11.898053
                   2.198                      -12.125735
                  2.2015                      -12.355298
                   2.205                      -12.590028
                  2.2085                      -12.831374
                   2.212                      -13.077944
                  2.2155                      -13.324887
                   2.219                      -13.563872
                  2.2225                       -13.78407
                   2.226                      -13.973792
                  2.2295                      -14.122975
                   2.233                      -14.225637
                  2.2365                      -14.281151
                    2.24                      -14.294036
                  2.2435                      -14.272145
                   2.247                      -14.223917
                  2.2505                      -14.155922
                   2.254                      -14.071201
                  2.2575                       -13.96874
                   2.261                      -13.844207
                  2.2645                      -13.691657
                   2.268                      -13.505801
                  2.2715                      -13.284233
                   2.275                      -13.028866
                  2.2785                      -12.745922
                   2.282                      -12.444744
                  2.2855                      -12.135766
                   2.289                      -11.828422
                  2.2925                       -11.52967
                   2.296                      -11.243184
                  2.2995                      -10.969385
                   2.303                      -10.705902
                  2.3065                      -10.448533
                    2.31                      -10.192377
                  2.3135                      -9.9329802
                   2.317                      -9.6674958
                  2.3205                      -9.3952254
                   2.324                      -9.1178467
                  2.3275                      -8.8389385
                   2.331                      -8.5631815
                  2.3345                      -8.2952556
                   2.338                      -8.0390022
                  2.3415                      -7.7967589
                   2.345                      -7.5690146
                  2.3485                       -7.354539
                   2.352                      -7.1507122
                  2.3555                      -6.9541404
                   2.359                      -6.7613602
                  2.3625                      -6.5695615
                   2.366                      -6.3772689
                  2.3695                      -6.1846802
                   2.373                      -5.9938649
                  2.3765                      -5.8083842
                    2.38                      -5.6327573
                  2.3835                      -5.4717405
                   2.387                      -5.3296306
                  2.3905                      -5.2097173
                   2.394                      -5.1140009
                  2.3975                      -5.0431067
                   2.401                      -4.9963519
                  2.4045                      -4.9719682
                   2.408                      -4.9673063
                  2.4115                      -4.9790699
                   2.415                      -5.0035167
                  2.4185                      -5.0366333
                   2.422                      -5.0742919
                  2.4255                      -5.1124327
                   2.429                      -5.1471604
                  2.4325                      -5.1749432
                   2.436                      -5.1927332
                  2.4395                      -5.1980881
                   2.443                       -5.189269
                  2.4465                       -5.165293
                    2.45                      -5.1259346
                  2.4535                       -5.071708
                   2.457                      -5.0037857
                  2.4605                      -4.9238911
                   2.464                      -4.8341774
                  2.4675                      -4.7370653
                   2.471                      -4.6350829
                  2.4745                      -4.5306837
                   2.478                      -4.4260919
                  2.4815                      -4.3231046
                   2.485                      -4.2230645
                  2.4885                      -4.1267344
                   2.492                       -4.034336
                  2.4955                      -3.9455968
                   2.499                      -3.8598791
                  2.5025                      -3.7763173
                   2.506                      -3.6940158
                  2.5095                      -3.6122101
                   2.513                      -3.5304066
                  2.5165                      -3.4484862
                    2.52                      -3.3667032
                  2.5235                      -3.2856517
                   2.527                      -3.2061359
                  2.5305                      -3.1290027
                   2.534                      -3.0549855
                  2.5375                      -2.9845434
                   2.541                      -2.9178068
                  2.5445                      -2.8545185
                   2.548                      -2.7940981
                  2.5515                      -2.7357303
                   2.555                      -2.6785207
                  2.5585                      -2.6216246
                   2.562                       -2.564423
                  2.5655                      -2.5066289
                   2.569                      -2.4483309
                  2.5725                      -2.3899896
                   2.576                      -2.3323433
                  2.5795                       -2.276291
                   2.583                      -2.2227237
                  2.5865                      -2.1723793
                    2.59                       -2.125733
                  2.5935                      -2.0829199
                   2.597                      -2.0437639
                  2.6005                      -2.0078023
                   2.604                      -1.9743892
                  2.6075                      -1.9428119
                   2.611                      -1.9124004
                  2.6145                      -1.8826351
                   2.618                      -1.8532063
                  2.6215                      -1.8240295
                   2.625                       -1.795223
                  2.6285                      -1.7670397
                   2.632                      -1.7397684
                  2.6355                      -1.7136428
                   2.639                       -1.688763
                  2.6425                      -1.6650445
                   2.646                      -1.6422099
                  2.6495                      -1.6198206
                   2.653                      -1.5973532
                  2.6565                      -1.5742885
                    2.66                      -1.5502141
                  2.6635                       -1.524916
                   2.667                      -1.4984368
                  2.6705                      -1.4710941
                   2.674                      -1.4434459
                  2.6775                       -1.416208
                   2.681                      -1.3901478
                  2.6845                      -1.3659634
                   2.688                       -1.344179
                  2.6915                       -1.325078
                   2.695                       -1.308665
                  2.6985                      -1.2946826
                   2.702                      -1.2826584
                  2.7055                      -1.2719797
                   2.709                      -1.2619916
                  2.7125                      -1.2520868
                   2.716                      -1.2417898
                  2.7195                      -1.2308115
                   2.723                      -1.2190749
                  2.7265                      -1.2066946
                    2.73                      -1.1939265
                  2.7335                      -1.1810966
                   2.737                      -1.1685119
                  2.7405                      -1.1563873
                   2.744                      -1.1447923
                  2.7475                      -1.1336338
                   2.751                      -1.1226715
                  2.7545                      -1.1115651
                   2.758                      -1.0999411
                  2.7615                      -1.0874729
                   2.765                      -1.0739522
                  2.7685                      -1.0593378
                   2.772                      -1.0437717
                  2.7755                      -1.0275632
                   2.779                      -1.0111314
                  2.7825                     -0.99493805
                   2.786                     -0.97940045
                  2.7895                     -0.96481746
                   2.793                     -0.95131964
                  2.7965                     -0.93884974
                     2.8                     -0.92717545
                  2.8035                     -0.91593952
                   2.807                     -0.90472294
                  2.8105                     -0.89312541
                   2.814                     -0.88084345
                  2.8175                     -0.86772335
                   2.821                     -0.85379559
                  2.8245                       -0.839267
                   2.828                     -0.82447976
                  2.8315                     -0.80984883
                   2.835                     -0.79577702
                  2.8385                     -0.78258211
                   2.842                     -0.77043795
                  2.8455                     -0.75934608
                   2.849                     -0.74913013
                  2.8525                     -0.73948317
                   2.856                     -0.73001092
                  2.8595                     -0.72031975
                   2.863                     -0.71008332
                  2.8665                     -0.69911129
                    2.87                     -0.68738718
                  2.8735                     -0.67507373
                   2.877                     -0.66249984
                  2.8805                     -0.65009127
                   2.884                     -0.63830519
                  2.8875                     -0.62755464
                   2.891                     -0.61813702
                  2.8945                     -0.61019255
                   2.898                     -0.60369375
                  2.9015                     -0.59845326
                   2.905                     -0.59416615
                  2.9085                     -0.59046412
                   2.912                     -0.58698035
                  2.9155                      -0.5834046
                   2.919                      -0.5795301
                  2.9225                     -0.57527652
                   2.926                     -0.57069375
                  2.9295                       -0.565929
                   2.933                     -0.56119368
                  2.9365                       -0.556701
                    2.94                     -0.55262012
                  2.9435                     -0.54903205
                   2.947                     -0.54590658
                  2.9505                     -0.54310552
                   2.954                     -0.54040473
                  2.9575                     -0.53753651
                   2.961                     -0.53424204
                  2.9645                     -0.53032758
                   2.968                     -0.52570833
                  2.9715                     -0.52043314
                   2.975                     -0.51468709
                  2.9785                     -0.50876569
                   2.982                     -0.50302707
                  2.9855                     -0.49783244
                   2.989                      -0.4934893
                  2.9925                     -0.49019371
                   2.996                     -0.48800351
                  2.9995                     -0.48682478
                   3.003                     -0.48643002
                  3.0065                      -0.4864914
                    3.01                     -0.48663386
                  3.0135                     -0.48648892
                   3.017                     -0.48575634
                  3.0205                      -0.4842411
                   3.024                     -0.48188146
                  3.0275                     -0.47875157
                   3.031                     -0.47503029
                  3.0345                     -0.47096481
                   3.038                     -0.46681304
                  3.0415                     -0.46279248
                   3.045                     -0.45903591
                  3.0485                     -0.45556849
                   3.052                     -0.45230767
                  3.0555                     -0.44908332
                   3.059                     -0.44567941
                  3.0625                     -0.44187539
                   3.066                     -0.43750286
                  3.0695                     -0.43248098
                   3.073                     -0.42683885
                  3.0765                     -0.42071837
                    3.08                     -0.41435096
                  3.0835                     -0.40801761
                   3.087                     -0.40199853
                  3.0905                     -0.39652361
                   3.094                     -0.39173085
                  3.0975                     -0.38764385
                   3.101                     -0.38416876
                  3.1045                     -0.38111345
                   3.108                     -0.37822196
                  3.1115                       -0.375223
                   3.115                     -0.37187932
                  3.1185                     -0.36803132
                   3.122                      -0.3636265
                  3.1255                     -0.35873043
                   3.129                     -0.35351286
                  3.1325                      -0.3482135
                   3.136                      -0.3430985
                  3.1395                     -0.33840879
                   3.143                     -0.33431489
                  3.1465                     -0.33088662
                    3.15                     -0.32808027
                  3.1535                     -0.32574808
                   3.157                     -0.32366602
                  3.1605                     -0.32157349
                   3.164                     -0.31922366
                  3.1675                     -0.31642724
                   3.171                     -0.31308836
                  3.1745                     -0.30922488
                   3.178                     -0.30496371
                  3.1815                     -0.30051918
                   3.185                     -0.29615228
                  3.1885                     -0.29212254
                   3.192                     -0.28864291
                  3.1955                     -0.28584105
                   3.199                     -0.28373902
                  3.2025                     -0.28225167
                   3.206                     -0.28120431
                  3.2095                     -0.28036461
                   3.213                     -0.27948572
                  3.2165                      -0.2783499
                    3.22                     -0.27680833
                  3.2235                     -0.27480625
                   3.227                     -0.27239085
                  3.2305                     -0.26969923
                   3.234                     -0.26693016
                  3.2375                     -0.26430363
                   3.241                     -0.26201488
                  3.2445                     -0.26019673
                   3.248                     -0.25889304
                  3.2515                     -0.25804921
                   3.255                     -0.25751997
                  3.2585                      -0.2570966
                   3.262                     -0.25654437
                  3.2655                     -0.25564479
                   3.269                     -0.25423826
                  3.2725                     -0.25225431
                   3.276                     -0.24972582
                  3.2795                     -0.24678416
                   3.283                     -0.24363588
                  3.2865                     -0.24052389
                    3.29                     -0.23768302
                  3.2935                     -0.23529748
                   3.297                     -0.23346713
                  3.3005                     -0.23219138
                   3.304                     -0.23137042
                  3.3075                     -0.23082387
                   3.311                     -0.23032442
                  3.3145                     -0.22964015
                   3.318                     -0.22857644
                  3.3215                     -0.22701325
                   3.325                     -0.22492788
                  3.3285                     -0.22239934
                   3.332                      -0.2195929
                  3.3355                     -0.21672932
                   3.339                     -0.21404255
                  3.3425                     -0.21173615
                   3.346                     -0.20994602
                  3.3495                     -0.20871557
                   3.353                     -0.20798887
                  3.3565                     -0.20762157
                    3.36                     -0.20740748
                  3.3635                     -0.20711517
                   3.367                     -0.20653246
                  3.3705                     -0.20550402
                   3.374                     -0.20396145
                  3.3775                     -0.20193604
                   3.381                     -0.19955368
                  3.3845                     -0.19700984
                   3.388                     -0.19453324
                  3.3915                     -0.19234252
                   3.395                     -0.19060618
                  3.3985                     -0.18941115
                   3.402                     -0.18874817
                  3.4055                     -0.18851349
                   3.409                     -0.18852822
                  3.4125                     -0.18857137
                   3.416                     -0.18841911
                  3.4195                     -0.18788738
                   3.423                     -0.18686563
                  3.4265                     -0.18533803
                    3.43                     -0.18338673
                  3.4335                     -0.18117604
                   3.437                     -0.17892185
                  3.4405                        -0.17685
                   3.444                     -0.17515502
                  3.4475                     -0.17396315
                   3.451                     -0.17331084
                  3.4545                     -0.17313826
                   3.458                     -0.17329995
                  3.4615                      -0.1735919
                   3.465                     -0.17378846
                  3.4685                     -0.17368411
                   3.472                     -0.17313098
                  3.4755                     -0.17206805
                   3.479                     -0.17053176
                  3.4825                     -0.16865025
                   3.486                     -0.16661812
                  3.4895                      -0.1646603
                   3.493                     -0.16298966
                  3.4965                     -0.16176729
                     3.5                     -0.16107307
