        Frequency / GHz                System Tot. Efficiency [AC1]/abs,dB
----------------------------------------------------------------------
                    0.69                      -7.2153957
                    0.78                     -0.73537655
                    0.87                      -5.7509839
                    0.96                      -8.3308884
                     1.7                       -3.065774
                     1.8                      -2.3714793
                     1.9                      -3.4984485
                       2                      -4.9443129
                     2.1                       -5.442109
                     2.2                      -5.8201597
                     2.3                      -7.3394821
                     2.4                      -9.5722406
                     2.5                      -11.864041
                     2.6                      -13.833592
                     2.7                      -15.318759

