7.090000000000000000e+08 3.719775318553409371e-01
7.110000000000000000e+08 3.849625926989109770e-01
7.130000000000000000e+08 3.967193024859499983e-01
7.150000000000000000e+08 4.071206691886055662e-01
7.170000000000000000e+08 4.158838912967542933e-01
7.190000000000000000e+08 4.229217663986656328e-01
7.210000000000000000e+08 4.282765510420192268e-01
7.230000000000000000e+08 4.309005894210538035e-01
7.250000000000000000e+08 4.319217335283397907e-01
7.270000000000000000e+08 4.315086126351395657e-01
7.290000000000000000e+08 4.299304155961040097e-01
7.310000000000000000e+08 4.273607012897794877e-01
7.330000000000000000e+08 4.240204706523176270e-01
7.350000000000000000e+08 4.200951402905309662e-01
7.370000000000000000e+08 4.155456275655238230e-01
7.390000000000000000e+08 4.103789103801390725e-01
7.410000000000000000e+08 4.046664404919904090e-01
7.430000000000000000e+08 3.987771278335194847e-01
7.450000000000000000e+08 3.927689577519091202e-01
7.470000000000000000e+08 3.866778232555202477e-01
7.490000000000000000e+08 3.807029340723087629e-01
7.510000000000000000e+08 3.748685372563592688e-01
7.530000000000000000e+08 3.690347687171771640e-01
7.550000000000000000e+08 3.632398779672257327e-01
7.570000000000000000e+08 3.577519599787955529e-01
7.590000000000000000e+08 3.526614411700124685e-01
7.610000000000000000e+08 3.479348242266562807e-01
7.630000000000000000e+08 3.435547697641380682e-01
7.650000000000000000e+08 3.395134544547406819e-01
7.670000000000000000e+08 3.357410752118226704e-01
7.690000000000000000e+08 3.320562647759444652e-01
7.710000000000000000e+08 3.283509719273568495e-01
7.730000000000000000e+08 3.247216315148674370e-01
7.750000000000000000e+08 3.211830629336750453e-01
7.770000000000000000e+08 3.178204361379900478e-01
7.790000000000000000e+08 3.147062615193466639e-01
7.810000000000000000e+08 3.102933747147735288e-01
7.830000000000000000e+08 3.071289304529911113e-01
7.850000000000000000e+08 3.036186163135194960e-01
7.870000000000000000e+08 2.998991896764686693e-01
7.890000000000000000e+08 2.960883398682451206e-01
7.910000000000000000e+08 2.923647696395803575e-01
7.930000000000000000e+08 2.887642665800165820e-01
7.950000000000000000e+08 2.853351603480330789e-01
7.970000000000000000e+08 2.819425444991691121e-01
7.990000000000000000e+08 2.785649339487482612e-01
8.010000000000000000e+08 2.752005231739356184e-01
8.030000000000000000e+08 2.718228334967850435e-01
8.050000000000000000e+08 2.683482086482238405e-01
8.070000000000000000e+08 2.643436779386291180e-01
8.090000000000000000e+08 2.602602335257747090e-01
8.110000000000000000e+08 2.560978064713563818e-01
8.130000000000000000e+08 2.517281646777487225e-01
8.150000000000000000e+08 2.471312019437506002e-01
8.170000000000000000e+08 2.415902122568968913e-01
8.190000000000000000e+08 2.358197661395610711e-01
8.210000000000000000e+08 2.314625727508010378e-01
8.230000000000000000e+08 2.255862933258578062e-01
8.250000000000000000e+08 2.198604632947033233e-01
8.270000000000000000e+08 2.139637530709076751e-01
8.290000000000000000e+08 2.081656491625039074e-01
8.310000000000000000e+08 2.024969688560084302e-01
8.330000000000000000e+08 1.970895830498332613e-01
8.350000000000000000e+08 1.919186698693608473e-01
8.370000000000000000e+08 1.869471095496935409e-01
8.390000000000000000e+08 1.821653330696232642e-01
8.410000000000000000e+08 1.775306074455234029e-01
8.430000000000000000e+08 1.730082335729901111e-01
8.450000000000000000e+08 1.686034093253035437e-01
8.470000000000000000e+08 1.648066773997483303e-01
8.490000000000000000e+08 1.611743003013630937e-01
8.510000000000000000e+08 1.576471705902739162e-01
8.530000000000000000e+08 1.542183007395604155e-01
8.550000000000000000e+08 1.508655403050206956e-01
8.570000000000000000e+08 1.484979948695710206e-01
8.590000000000000000e+08 1.462600323430697236e-01
8.610000000000000000e+08 1.441793245477815122e-01
8.630000000000000000e+08 1.423418273575942083e-01
8.650000000000000000e+08 1.407408832942656507e-01
8.670000000000000000e+08 1.397193485625601306e-01
8.690000000000000000e+08 1.389275716801400273e-01
8.710000000000000000e+08 1.383216461265964203e-01
8.730000000000000000e+08 1.378494826477038304e-01
8.750000000000000000e+08 1.375043231118343867e-01
8.770000000000000000e+08 1.373185084820386093e-01
8.790000000000000000e+08 1.373081666030278591e-01
8.810000000000000000e+08 1.374550898545666977e-01
8.830000000000000000e+08 1.374552494228086230e-01
8.850000000000000000e+08 1.375619520330423062e-01
8.870000000000000000e+08 1.377545774439167814e-01
8.890000000000000000e+08 1.378916844536640929e-01
8.910000000000000000e+08 1.379476293633107031e-01
8.930000000000000000e+08 1.379696549227496516e-01
8.950000000000000000e+08 1.379381591513754723e-01
8.970000000000000000e+08 1.377945892679559303e-01
8.990000000000000000e+08 1.376429152334183448e-01
9.010000000000000000e+08 1.375063575976425700e-01
9.030000000000000000e+08 1.373106981009266647e-01
9.050000000000000000e+08 1.370992654472157624e-01
9.070000000000000000e+08 1.367166974419249670e-01
9.090000000000000000e+08 1.363269831574368540e-01
9.110000000000000000e+08 1.359321875353435294e-01
9.130000000000000000e+08 1.355870119691793274e-01
9.150000000000000000e+08 1.352797348011229028e-01
9.170000000000000000e+08 1.348610174060610178e-01
9.190000000000000000e+08 1.342595777706853677e-01
9.210000000000000000e+08 1.334734697970018924e-01
9.230000000000000000e+08 1.329138661954548106e-01
9.250000000000000000e+08 1.323025944329478121e-01
9.270000000000000000e+08 1.314216592180376120e-01
9.290000000000000000e+08 1.304895701396852903e-01
9.310000000000000000e+08 1.295037667119549318e-01
9.330000000000000000e+08 1.284055127175310340e-01
9.350000000000000000e+08 1.272279147902825869e-01
9.370000000000000000e+08 1.258950752279809071e-01
9.390000000000000000e+08 1.245430981904589313e-01
9.410000000000000000e+08 1.231767055706651098e-01
1.729000000000000000e+09 5.131318885129031448e-01
1.731000000000000000e+09 5.144239673791428658e-01
1.733000000000000000e+09 5.154706440829749381e-01
1.735000000000000000e+09 5.163452534356347545e-01
1.737000000000000000e+09 5.170703239297310683e-01
1.739000000000000000e+09 5.176214642867955629e-01
1.741000000000000000e+09 5.179927602593363822e-01
1.743000000000000000e+09 5.180412452553911917e-01
1.745000000000000000e+09 5.177154539890237439e-01
1.747000000000000000e+09 5.172748118320591448e-01
1.749000000000000000e+09 5.163797207483420415e-01
1.751000000000000000e+09 5.150431289632225740e-01
1.753000000000000000e+09 5.133784460329494648e-01
1.755000000000000000e+09 5.114373585237603770e-01
1.757000000000000000e+09 5.090036490495891686e-01
1.759000000000000000e+09 5.062669276491756909e-01
1.761000000000000000e+09 5.032441441284608574e-01
1.763000000000000000e+09 4.998928090377846023e-01
1.765000000000000000e+09 4.963498692895980113e-01
1.767000000000000000e+09 4.921783144615688443e-01
1.769000000000000000e+09 4.879516758832160295e-01
1.771000000000000000e+09 4.836968704684680431e-01
1.773000000000000000e+09 4.795693324767020260e-01
1.775000000000000000e+09 4.755709492291265161e-01
1.777000000000000000e+09 4.714308927008627470e-01
1.779000000000000000e+09 4.674258252086148646e-01
1.781000000000000000e+09 4.634925000903796222e-01
1.783000000000000000e+09 4.596550934211895423e-01
1.785000000000000000e+09 4.558403666828531597e-01
1.787000000000000000e+09 4.518703839052553017e-01
1.789000000000000000e+09 4.478777132332891764e-01
1.791000000000000000e+09 4.437679349495138870e-01
1.793000000000000000e+09 4.394278357463973772e-01
1.795000000000000000e+09 4.347499422360734389e-01
1.797000000000000000e+09 4.299898969345117283e-01
1.799000000000000000e+09 4.249838313917303489e-01
1.801000000000000000e+09 4.198577268572017962e-01
1.803000000000000000e+09 4.147684884240033787e-01
1.805000000000000000e+09 4.097398406986550445e-01
1.807000000000000000e+09 4.050186210506229179e-01
1.809000000000000000e+09 4.004179692436833360e-01
1.811000000000000000e+09 3.959297476461738907e-01
1.813000000000000000e+09 3.944183343887966986e-01
1.815000000000000000e+09 3.927679878770280464e-01
1.817000000000000000e+09 3.911552957811781361e-01
1.819000000000000000e+09 3.894081600613142902e-01
1.821000000000000000e+09 3.875688516538901007e-01
1.823000000000000000e+09 3.855568485008468715e-01
1.825000000000000000e+09 3.834119630820467250e-01
1.827000000000000000e+09 3.812243992682554650e-01
1.829000000000000000e+09 3.788817029479069065e-01
1.831000000000000000e+09 3.764426304566881876e-01
1.833000000000000000e+09 3.738894937602975643e-01
1.835000000000000000e+09 3.712788120631401734e-01
1.837000000000000000e+09 3.686014598406914256e-01
1.839000000000000000e+09 3.659359981667265060e-01
1.841000000000000000e+09 3.632530029978103814e-01
1.843000000000000000e+09 3.605950244333871457e-01
1.845000000000000000e+09 3.579562935078998143e-01
1.847000000000000000e+09 3.555067071228734110e-01
1.849000000000000000e+09 3.530527694859365573e-01
1.851000000000000000e+09 3.506046962980247095e-01
1.853000000000000000e+09 3.453624215892828753e-01
1.855000000000000000e+09 3.404799608343365147e-01
1.857000000000000000e+09 3.360889481784450350e-01
1.859000000000000000e+09 3.319859656420416361e-01
1.861000000000000000e+09 3.280893412695478628e-01
1.863000000000000000e+09 3.242448777201170085e-01
1.865000000000000000e+09 3.204129457635171430e-01
1.867000000000000000e+09 3.166810470651663656e-01
1.869000000000000000e+09 3.129000019129276611e-01
1.871000000000000000e+09 3.090313869090805521e-01
1.873000000000000000e+09 3.051963694701719798e-01
1.875000000000000000e+09 3.013798159768019125e-01
1.877000000000000000e+09 2.976883649631685280e-01
1.879000000000000000e+09 2.940851857219057841e-01
1.881000000000000000e+09 2.906977529121363979e-01
1.883000000000000000e+09 2.874821744756666519e-01
1.885000000000000000e+09 2.844881488566250449e-01
1.887000000000000000e+09 2.816963722201120679e-01
1.889000000000000000e+09 2.791230668404973136e-01
1.891000000000000000e+09 2.767562266445796060e-01
1.893000000000000000e+09 2.745157812952527254e-01
1.895000000000000000e+09 2.723371521770963088e-01
1.897000000000000000e+09 2.701110680518356566e-01
1.899000000000000000e+09 2.678605405732955025e-01
1.901000000000000000e+09 2.655104774452163863e-01
1.903000000000000000e+09 2.631640492118583197e-01
1.905000000000000000e+09 2.607715664821861346e-01
1.907000000000000000e+09 2.582018409370759326e-01
1.909000000000000000e+09 2.555953160824957493e-01
1.911000000000000000e+09 2.530075759764889298e-01
1.913000000000000000e+09 2.503996337692723784e-01
1.915000000000000000e+09 2.477982420258524610e-01
1.917000000000000000e+09 2.451443818521994999e-01
1.919000000000000000e+09 2.425827546926646872e-01
1.921000000000000000e+09 2.400950788507614231e-01
1.923000000000000000e+09 2.378146681622676506e-01
1.925000000000000000e+09 2.357417270562768008e-01
1.927000000000000000e+09 2.338140472325699604e-01
1.929000000000000000e+09 2.320722851819142785e-01
1.931000000000000000e+09 2.304829677623857209e-01
1.933000000000000000e+09 2.289360688547693590e-01
1.935000000000000000e+09 2.273965082338180732e-01
1.937000000000000000e+09 2.257322554344618759e-01
1.939000000000000000e+09 2.239865756068062375e-01
1.941000000000000000e+09 2.221409358523817046e-01
1.943000000000000000e+09 2.202011331667740046e-01
1.945000000000000000e+09 2.181661792586906401e-01
1.947000000000000000e+09 2.160589121591256767e-01
1.949000000000000000e+09 2.139441551779333317e-01
1.951000000000000000e+09 2.118693306625873685e-01
1.953000000000000000e+09 2.098808794694360658e-01
1.955000000000000000e+09 2.080230774977458730e-01
1.957000000000000000e+09 2.063563304717442315e-01
1.959000000000000000e+09 2.048823390515544240e-01
1.961000000000000000e+09 2.035876611416307658e-01
1.963000000000000000e+09 2.024251102655498236e-01
1.965000000000000000e+09 2.013657999040518454e-01
1.967000000000000000e+09 2.004255964387443578e-01
1.969000000000000000e+09 1.995649228008051779e-01
1.971000000000000000e+09 1.987175106343831710e-01
1.973000000000000000e+09 1.978744930528305579e-01
1.975000000000000000e+09 1.970086994940012104e-01
1.977000000000000000e+09 1.961391398814290032e-01
1.979000000000000000e+09 1.951977093219083026e-01
1.981000000000000000e+09 1.941932593261946061e-01
1.983000000000000000e+09 1.933649989107104616e-01
1.985000000000000000e+09 1.927400254790642142e-01
1.987000000000000000e+09 1.922321502177381236e-01
1.989000000000000000e+09 1.917633526624678286e-01
1.991000000000000000e+09 1.913614719782349427e-01
1.993000000000000000e+09 1.909976201843234800e-01
1.995000000000000000e+09 1.907167293347092341e-01
1.997000000000000000e+09 1.904812841887082164e-01
1.999000000000000000e+09 1.903144707201594732e-01
2.001000000000000000e+09 1.902258179243304925e-01
2.003000000000000000e+09 1.902167231387879853e-01
2.005000000000000000e+09 1.902881038111326473e-01
2.007000000000000000e+09 1.903628352221088116e-01
2.009000000000000000e+09 1.904173527832612733e-01
2.011000000000000000e+09 1.904361237414095853e-01
2.013000000000000000e+09 1.903986657962429829e-01
2.015000000000000000e+09 1.902506383948570357e-01
2.017000000000000000e+09 1.900184267263868576e-01
2.019000000000000000e+09 1.896946587814098140e-01
2.021000000000000000e+09 1.893228734008685910e-01
2.023000000000000000e+09 1.886633295080787087e-01
2.025000000000000000e+09 1.877672874267024006e-01
2.027000000000000000e+09 1.868007248101964946e-01
2.029000000000000000e+09 1.859192077197441839e-01
2.031000000000000000e+09 1.851385184365251235e-01
2.033000000000000000e+09 1.845286194465929897e-01
2.035000000000000000e+09 1.841179270771471643e-01
2.037000000000000000e+09 1.839369193027272920e-01
2.039000000000000000e+09 1.839401700408514195e-01
2.041000000000000000e+09 1.841075143371798672e-01
2.043000000000000000e+09 1.844203516059953751e-01
2.045000000000000000e+09 1.848367733315064987e-01
2.047000000000000000e+09 1.854218911212185961e-01
2.049000000000000000e+09 1.860702675075785739e-01
2.051000000000000000e+09 1.867492564315258174e-01
2.053000000000000000e+09 1.873774196004064918e-01
2.055000000000000000e+09 1.879752983120041854e-01
2.057000000000000000e+09 1.885646554931451613e-01
2.059000000000000000e+09 1.891851261004848794e-01
2.061000000000000000e+09 1.898952047235926699e-01
2.063000000000000000e+09 1.907497441782831371e-01
2.065000000000000000e+09 1.917905273753886253e-01
2.067000000000000000e+09 1.930612885392075373e-01
2.069000000000000000e+09 1.945825058765712212e-01
2.071000000000000000e+09 1.963740455391415063e-01
2.073000000000000000e+09 1.985282920086013647e-01
2.075000000000000000e+09 2.009900811228026996e-01
2.077000000000000000e+09 2.036894777821626479e-01
2.079000000000000000e+09 2.065421993627361841e-01
2.081000000000000000e+09 2.094369050557633172e-01
2.083000000000000000e+09 2.121749423280372970e-01
2.085000000000000000e+09 2.146420942437654578e-01
2.087000000000000000e+09 2.167505271480344720e-01
2.089000000000000000e+09 2.185284244948533239e-01
2.091000000000000000e+09 2.199738406547158132e-01
2.093000000000000000e+09 2.211210002944178632e-01
2.095000000000000000e+09 2.219267925240930583e-01
2.097000000000000000e+09 2.223629707937500033e-01
2.099000000000000000e+09 2.223897551598756905e-01
2.101000000000000000e+09 2.219811704657229101e-01
2.103000000000000000e+09 2.211863480938677795e-01
2.105000000000000000e+09 2.200094566236281413e-01
2.107000000000000000e+09 2.184850704802473731e-01
2.109000000000000000e+09 2.165896936107679638e-01
2.111000000000000000e+09 2.143369986308174269e-01
2.113000000000000000e+09 2.116412840529332262e-01
2.115000000000000000e+09 2.085199293300248891e-01
2.117000000000000000e+09 2.049642343428582092e-01
2.119000000000000000e+09 2.010740245905242585e-01
2.121000000000000000e+09 1.968953001523204016e-01
2.123000000000000000e+09 1.925485508412166646e-01
2.125000000000000000e+09 1.880925089061592503e-01
2.127000000000000000e+09 1.835240228802638429e-01
2.129000000000000000e+09 1.788599188222793901e-01
2.131000000000000000e+09 1.741248833608958491e-01
2.133000000000000000e+09 1.693951741232359032e-01
2.135000000000000000e+09 1.647904218040731339e-01
2.137000000000000000e+09 1.603229931631471039e-01
2.139000000000000000e+09 1.561874516015787639e-01
2.141000000000000000e+09 1.524314777161774326e-01
2.143000000000000000e+09 1.490295420528602865e-01
2.145000000000000000e+09 1.459732552980610443e-01
2.147000000000000000e+09 1.431197815392552808e-01
2.149000000000000000e+09 1.405484018667891855e-01
2.151000000000000000e+09 1.382149342851530238e-01
2.153000000000000000e+09 1.361157560284540768e-01
2.155000000000000000e+09 1.342182951004340929e-01
2.157000000000000000e+09 1.324439209816432872e-01
2.159000000000000000e+09 1.308154861210435171e-01
2.161000000000000000e+09 1.293107001635623310e-01
2.163000000000000000e+09 1.279254491239701641e-01
2.165000000000000000e+09 1.266641805165997503e-01
2.167000000000000000e+09 1.254489174541793817e-01
2.169000000000000000e+09 1.243617070130403068e-01
2.171000000000000000e+09 1.234188448955863687e-01
2.173000000000000000e+09 1.226201355830851270e-01
2.175000000000000000e+09 1.219486552555668207e-01
2.177000000000000000e+09 1.214416530054906740e-01
2.179000000000000000e+09 1.210613586318459584e-01
2.181000000000000000e+09 1.208183308351670898e-01
2.183000000000000000e+09 1.207368801238867112e-01
2.185000000000000000e+09 1.208114187086062330e-01
2.187000000000000000e+09 1.211171442402469572e-01
2.189000000000000000e+09 1.215710244948619984e-01
2.191000000000000000e+09 1.221531038350136406e-01
2.193000000000000000e+09 1.228268840783766080e-01
2.195000000000000000e+09 1.235636676878937162e-01
2.197000000000000000e+09 1.243555215272523634e-01
2.199000000000000000e+09 1.251457871339976546e-01
2.201000000000000000e+09 1.259270236355969352e-01
2.203000000000000000e+09 1.266420192626735441e-01
2.205000000000000000e+09 1.273047535231336125e-01
2.207000000000000000e+09 1.279327503727156479e-01
2.209000000000000000e+09 1.285330143030168071e-01
2.211000000000000000e+09 1.291377342084685798e-01
2.213000000000000000e+09 1.299670691553001245e-01
2.215000000000000000e+09 1.310345772361055927e-01
2.217000000000000000e+09 1.322400236415971209e-01
2.219000000000000000e+09 1.334578649861637711e-01
2.221000000000000000e+09 1.346401333157731806e-01
2.223000000000000000e+09 1.357672077393935195e-01
2.225000000000000000e+09 1.369091498258726280e-01
2.227000000000000000e+09 1.380768221490869807e-01
2.229000000000000000e+09 1.392558350647530863e-01
2.231000000000000000e+09 1.403983281641125735e-01
2.233000000000000000e+09 1.413929555202809718e-01
2.235000000000000000e+09 1.422683287579466771e-01
2.237000000000000000e+09 1.430943911422362103e-01
2.239000000000000000e+09 1.439606589004226167e-01
2.241000000000000000e+09 1.448734231415211016e-01
2.243000000000000000e+09 1.457764746846538229e-01
2.245000000000000000e+09 1.465712739125124009e-01
2.247000000000000000e+09 1.471823856691558963e-01
2.249000000000000000e+09 1.476540316137253950e-01
2.251000000000000000e+09 1.480534804974782126e-01
2.253000000000000000e+09 1.483274818291861197e-01
2.255000000000000000e+09 1.485291125900969622e-01
2.257000000000000000e+09 1.486631717393244734e-01
2.259000000000000000e+09 1.488105088615071792e-01
2.261000000000000000e+09 1.488827942636283541e-01
2.263000000000000000e+09 1.489946134399731392e-01
2.265000000000000000e+09 1.490507034443332435e-01
2.267000000000000000e+09 1.489782722197116605e-01
2.269000000000000000e+09 1.487932068466529256e-01
2.271000000000000000e+09 1.485028987260088029e-01
2.273000000000000000e+09 1.481537539072186049e-01
2.275000000000000000e+09 1.476987321756180471e-01
2.277000000000000000e+09 1.470526816347413057e-01
2.279000000000000000e+09 1.461153218652621044e-01
2.281000000000000000e+09 1.448751951710900709e-01
2.283000000000000000e+09 1.434628451525732651e-01
2.285000000000000000e+09 1.420057416935132932e-01
2.287000000000000000e+09 1.406319264810601266e-01
2.289000000000000000e+09 1.393340436119505643e-01
2.291000000000000000e+09 1.380494459421466591e-01
2.293000000000000000e+09 1.366725171357345558e-01
2.295000000000000000e+09 1.351575401852299907e-01
2.297000000000000000e+09 1.335252762695168793e-01
2.299000000000000000e+09 1.318817074112905441e-01
2.301000000000000000e+09 1.303332899310316317e-01
2.303000000000000000e+09 1.287638143042312000e-01
2.305000000000000000e+09 1.271415504928820883e-01
2.307000000000000000e+09 1.254476525682766130e-01
2.309000000000000000e+09 1.236601880779426427e-01
2.311000000000000000e+09 1.217744188726138793e-01
2.313000000000000000e+09 1.197922793684473297e-01
2.315000000000000000e+09 1.177179623801798553e-01
2.317000000000000000e+09 1.155680857738030504e-01
2.319000000000000000e+09 1.133777240447231827e-01
2.321000000000000000e+09 1.112051530276946809e-01
2.323000000000000000e+09 1.090551771625152266e-01
2.325000000000000000e+09 1.069389895641313509e-01
2.327000000000000000e+09 1.049129012878777800e-01
2.329000000000000000e+09 1.029465073849521739e-01
2.331000000000000000e+09 1.010613188928900924e-01
2.333000000000000000e+09 9.923776726711067142e-02
2.335000000000000000e+09 9.747499640646474506e-02
2.337000000000000000e+09 9.584740435775333800e-02
2.339000000000000000e+09 9.425445620676491110e-02
2.341000000000000000e+09 9.267680213046675108e-02
2.343000000000000000e+09 9.107845877501527521e-02
2.345000000000000000e+09 8.947169365593884982e-02
2.347000000000000000e+09 8.786167837458853935e-02
2.349000000000000000e+09 8.622236688273696159e-02
2.351000000000000000e+09 8.455623864129416245e-02
2.353000000000000000e+09 8.289268411416415849e-02
2.355000000000000000e+09 8.123033297648536710e-02
2.357000000000000000e+09 7.959987094243826944e-02
2.359000000000000000e+09 7.801188445734966170e-02
2.361000000000000000e+09 7.647297843275256690e-02
2.363000000000000000e+09 7.499458972934107404e-02
2.365000000000000000e+09 7.359408917843228426e-02
2.367000000000000000e+09 7.226186844802548470e-02
2.369000000000000000e+09 7.099188623202407067e-02
2.371000000000000000e+09 6.977734648179823029e-02
2.373000000000000000e+09 6.860714832572864519e-02
2.375000000000000000e+09 6.746582895472369445e-02
2.377000000000000000e+09 6.632164711834795390e-02
2.379000000000000000e+09 6.517677315863003307e-02
2.381000000000000000e+09 6.403527410404882825e-02
2.383000000000000000e+09 6.288034566465811048e-02
2.385000000000000000e+09 6.169856794973067882e-02
2.387000000000000000e+09 6.049145036720690594e-02
2.389000000000000000e+09 5.924762388490082549e-02
2.391000000000000000e+09 5.798908697643929966e-02
2.393000000000000000e+09 5.671631938809475193e-02
2.395000000000000000e+09 5.545334319623305974e-02
2.397000000000000000e+09 5.423040254333406918e-02
2.399000000000000000e+09 5.304797130356866258e-02
2.401000000000000000e+09 5.191242348483974395e-02
2.403000000000000000e+09 5.082791113676356221e-02
2.405000000000000000e+09 4.979356583026986471e-02
2.407000000000000000e+09 4.880320654437804440e-02
2.409000000000000000e+09 4.786104696505140421e-02
2.411000000000000000e+09 4.696007807421008484e-02
2.413000000000000000e+09 4.608961249410772898e-02
2.415000000000000000e+09 4.525184095720791166e-02
2.417000000000000000e+09 4.444380350349363962e-02
2.419000000000000000e+09 4.365298892505616035e-02
2.421000000000000000e+09 4.285634945722243544e-02
2.423000000000000000e+09 4.205322866009526123e-02
2.425000000000000000e+09 4.125306803861905625e-02
2.427000000000000000e+09 4.041842516745165759e-02
2.429000000000000000e+09 3.960776225770914344e-02
2.431000000000000000e+09 3.881806831531120494e-02
2.433000000000000000e+09 3.805255637654442191e-02
2.435000000000000000e+09 3.732054356988454696e-02
2.437000000000000000e+09 3.662301664702104914e-02
2.439000000000000000e+09 3.596154850692452609e-02
2.441000000000000000e+09 3.533483946298779377e-02
2.443000000000000000e+09 3.475410172056501296e-02
2.445000000000000000e+09 3.421180866981548413e-02
2.447000000000000000e+09 3.369956922868148214e-02
2.449000000000000000e+09 3.321432755452349145e-02
2.451000000000000000e+09 3.274868929633912434e-02
2.453000000000000000e+09 3.230046033179994475e-02
2.455000000000000000e+09 3.185713455312249448e-02
2.457000000000000000e+09 3.143292128399490654e-02
2.459000000000000000e+09 3.100972360280745965e-02
2.461000000000000000e+09 3.058601999982676206e-02
2.463000000000000000e+09 3.016311033861837632e-02
2.465000000000000000e+09 2.972632225996092725e-02
2.467000000000000000e+09 2.931214813805596911e-02
2.469000000000000000e+09 2.889982912416268548e-02
2.471000000000000000e+09 2.849055906197158622e-02
2.473000000000000000e+09 2.810304338786203532e-02
2.475000000000000000e+09 2.773127488386183809e-02
2.477000000000000000e+09 2.736119509780087292e-02
2.479000000000000000e+09 2.701048933093714785e-02
2.481000000000000000e+09 2.666963376907878838e-02
2.483000000000000000e+09 2.634846893373504056e-02
2.485000000000000000e+09 2.604897228264491105e-02
2.487000000000000000e+09 2.573958417219640582e-02
2.489000000000000000e+09 2.544172791843790638e-02
2.491000000000000000e+09 2.514781806455572422e-02
2.493000000000000000e+09 2.485727596798885733e-02
2.495000000000000000e+09 2.456826738650601596e-02
2.497000000000000000e+09 2.424442725003505064e-02
2.499000000000000000e+09 2.392098129831256650e-02
2.501000000000000000e+09 2.359330935097493989e-02
2.503000000000000000e+09 2.325457476786003952e-02
2.505000000000000000e+09 2.291983459512196911e-02
2.507000000000000000e+09 2.257711303051911436e-02
2.509000000000000000e+09 2.224118109438216057e-02
2.511000000000000000e+09 2.192373856740941623e-02
2.513000000000000000e+09 2.161948942225699888e-02
2.515000000000000000e+09 2.133716927358301693e-02
2.517000000000000000e+09 2.107543184080327980e-02
2.519000000000000000e+09 2.083073721999473965e-02
2.521000000000000000e+09 2.060935768135127577e-02
2.523000000000000000e+09 2.039400771740479054e-02
2.525000000000000000e+09 2.018423497830293400e-02
2.527000000000000000e+09 2.001073385188749040e-02
2.529000000000000000e+09 1.984119656460879566e-02
2.531000000000000000e+09 1.967522692237499288e-02
2.533000000000000000e+09 1.950615792495613565e-02
2.535000000000000000e+09 1.933397239335185591e-02
2.537000000000000000e+09 1.918721736246743401e-02
2.539000000000000000e+09 1.902932506180021743e-02
2.541000000000000000e+09 1.887233289604556274e-02
2.543000000000000000e+09 1.872068962601129705e-02
2.545000000000000000e+09 1.857521675403650194e-02
2.547000000000000000e+09 1.845068190277199954e-02
2.549000000000000000e+09 1.834097340487458178e-02
2.551000000000000000e+09 1.824306000430372596e-02
2.553000000000000000e+09 1.815627571784123734e-02
2.555000000000000000e+09 1.808096283810506702e-02
2.557000000000000000e+09 1.802640980273127747e-02
2.559000000000000000e+09 1.798470183401361389e-02
2.561000000000000000e+09 1.795463988385205545e-02
2.563000000000000000e+09 1.793456653102680834e-02
2.565000000000000000e+09 1.792286932718806236e-02
2.567000000000000000e+09 1.791157245803620332e-02
2.569000000000000000e+09 1.790799816681775194e-02
2.571000000000000000e+09 1.790808655392672061e-02
2.573000000000000000e+09 1.790634020602450624e-02
2.575000000000000000e+09 1.790424135721682686e-02
2.577000000000000000e+09 1.788470299343348016e-02
2.579000000000000000e+09 1.786665269034730386e-02
2.581000000000000000e+09 1.784646780816798173e-02
2.583000000000000000e+09 1.783455835611247667e-02
2.585000000000000000e+09 1.783464729341933258e-02
2.587000000000000000e+09 1.784182894424429094e-02
2.589000000000000000e+09 1.786329413755620432e-02
2.591000000000000000e+09 1.790033644150620593e-02
2.593000000000000000e+09 1.795394532071623375e-02
2.595000000000000000e+09 1.802665772850822745e-02
2.597000000000000000e+09 1.811472132496308451e-02
2.599000000000000000e+09 1.822611730181616235e-02
2.601000000000000000e+09 1.836279890492510669e-02
2.603000000000000000e+09 1.852694744520010442e-02
2.605000000000000000e+09 1.872511517488955821e-02
2.607000000000000000e+09 1.896129268082047750e-02
2.609000000000000000e+09 1.923443320919919139e-02
2.611000000000000000e+09 1.955447682320310757e-02
2.613000000000000000e+09 1.992521863373252280e-02
2.615000000000000000e+09 2.035837452214199830e-02
2.617000000000000000e+09 2.086991515115144483e-02
2.619000000000000000e+09 2.149578089086665034e-02
2.621000000000000000e+09 2.227624182978545433e-02
2.623000000000000000e+09 2.327413654715084976e-02
2.625000000000000000e+09 2.457771806928288338e-02
2.627000000000000000e+09 2.631850505990539560e-02
2.629000000000000000e+09 2.856660750511499577e-02
2.631000000000000000e+09 3.110651033153204181e-02
