Frequency    run_14

                    0.69                      0.82467455
                    0.78                      0.33068603
                    0.87                     0.037454647
                    0.96                     0.085662198
                     1.7                    0.0027031155
                     1.8                     0.013067856
                     1.9                     0.053292484
                       2                     0.099820315
                     2.1                      0.10209397
                     2.2                     0.048972924
                     2.3                     0.038246246
                     2.4                      0.03833732
                     2.5                     0.012861338
                     2.6                    0.0075235515
                     2.7                      0.01666311
