Frequency    S2,2_[31791]

                     400                   -0.0030131669
                   402.6                   -0.0032502794
                   405.2                   -0.0035422624
                   407.8                   -0.0037698062
                   410.4                   -0.0038591038
                     413                   -0.0038189398
                   415.6                   -0.0037284556
                   418.2                   -0.0036883839
                   420.8                   -0.0037640933
                   423.4                   -0.0039533656
                     426                    -0.004194377
                   428.6                   -0.0044054944
                   431.2                   -0.0045312434
                   433.8                   -0.0045698745
                   436.4                   -0.0045675353
                     439                   -0.0045885175
                   441.6                   -0.0046776564
                   444.2                   -0.0048390804
                   446.8                   -0.0050393428
                   449.4                   -0.0052322044
                     452                   -0.0053852273
                   454.6                   -0.0054954407
                   457.2                   -0.0055859022
                   459.8                   -0.0056868093
                   462.4                   -0.0058175586
                     465                   -0.0059774849
                   467.6                   -0.0061512548
                   470.2                    -0.006324303
                   472.8                   -0.0064942892
                   475.4                   -0.0066700119
                     478                   -0.0068623553
                   480.6                   -0.0070718934
                   483.2                    -0.007284344
                   485.8                   -0.0074788374
                   488.4                   -0.0076444547
                     491                   -0.0077957995
                   493.6                   -0.0079705874
                   496.2                   -0.0082084943
                   498.8                   -0.0085240777
                   501.4                    -0.008890858
                     504                   -0.0092476961
                   506.6                   -0.0095299203
                   509.2                   -0.0097124893
                   511.8                   -0.0098377416
                   514.4                    -0.010003435
                     517                    -0.010309744
                   519.6                    -0.010798455
                   522.2                    -0.011416885
                   524.8                    -0.012031315
                   527.4                    -0.012492917
                     530                    -0.012732598
                   532.6                    -0.012825526
                   535.2                    -0.012970433
                   537.8                    -0.013385357
                   540.4                    -0.014181419
                     543                    -0.015277945
                   545.6                    -0.016411374
                   548.2                    -0.017262522
                   550.8                    -0.017662424
                   553.4                    -0.017743971
                     556                    -0.017916578
                   558.6                    -0.018667993
                   561.2                    -0.020300572
                   563.8                    -0.022713716
                   566.4                    -0.025357435
                     569                    -0.027493574
                   571.6                    -0.028722622
                   574.2                    -0.029437564
                   576.8                     -0.03087794
                   579.4                    -0.034806423
                     582                    -0.042886768
                   584.6                    -0.055565317
                   587.2                    -0.070593812
                   589.8                    -0.082968839
                   592.4                    -0.088054204
                     595                    -0.084969683
                   597.6                    -0.076131939
                   600.2                    -0.064687994
                   602.8                    -0.053086267
                   605.4                    -0.043012929
                     608                    -0.035672101
                   610.6                    -0.031810114
                   613.2                    -0.031401871
                   615.8                    -0.033406178
                   618.4                    -0.036140867
                     621                    -0.038187267
                   623.6                    -0.039040368
                   626.2                    -0.039098535
                   628.8                    -0.039229733
                   631.4                    -0.040250544
                     634                      -0.0424947
                   636.6                    -0.045658396
                   639.2                    -0.049036689
                   641.8                    -0.051991675
                   644.4                     -0.05429487
                     647                    -0.056183906
                   649.6                    -0.058172922
                   652.2                     -0.06075256
                   654.8                    -0.064124253
                   657.4                    -0.068113899
                     660                    -0.072318205
                   662.6                    -0.076353212
                   665.2                    -0.080041148
                   667.8                    -0.083459053
                   670.4                    -0.086864346
                     673                     -0.09053993
                   675.6                    -0.094636654
                   678.2                    -0.099088339
                   680.8                     -0.10363799
                   683.4                     -0.10794066
                     686                     -0.11170327
                   688.6                     -0.11481191
                   691.2                     -0.11738645
                   693.8                     -0.11969388
                   696.4                      -0.1219577
                     699                     -0.12418318
                   701.6                     -0.12612443
                   704.2                     -0.12741751
                   706.8                     -0.12781453
                   709.4                     -0.12736217
                     712                     -0.12638433
                   714.6                     -0.12527876
                   717.2                     -0.12428964
                   719.8                     -0.12341093
                   722.4                     -0.12246313
                     725                     -0.12126675
                   727.6                       -0.119797
                   730.2                     -0.11821717
                   732.8                     -0.11678523
                   735.4                      -0.1157188
                     738                     -0.11511067
                   740.6                     -0.11492557
                   743.2                     -0.11505995
                   745.8                     -0.11542375
                   748.4                     -0.11599637
                     751                     -0.11683363
                   753.6                     -0.11803357
                   756.2                     -0.11969006
                   758.8                     -0.12185721
                   761.4                      -0.1245392
                     764                     -0.12770043
                   766.6                     -0.13129427
                   769.2                     -0.13529115
                   771.8                     -0.13969567
                   774.4                     -0.14454652
                     777                     -0.14990294
                   779.6                     -0.15582605
                   782.2                     -0.16236099
                   784.8                      -0.1695299
                   787.4                     -0.17733221
                     790                     -0.18575752
                   792.6                     -0.19479676
                   795.2                     -0.20445916
                   797.8                     -0.21478034
                   800.4                     -0.22582413
                     803                     -0.23767133
                   805.6                     -0.25039969
                   808.2                     -0.26406061
                   810.8                     -0.27866769
                   813.4                     -0.29420176
                     816                     -0.31064107
                   818.6                      -0.3279959
                   821.2                     -0.34633425
                   823.8                     -0.36577676
                   826.4                     -0.38645729
                     829                     -0.40847579
                   831.6                     -0.43186308
                   834.2                     -0.45658761
                   836.8                     -0.48260587
                   839.4                     -0.50992012
                     842                      -0.5386243
                   844.6                     -0.56889185
                   847.2                     -0.60092139
                   849.8                     -0.63487118
                   852.4                     -0.67081203
                     855                     -0.70874476
                   857.6                       -0.748663
                   860.2                     -0.79062694
                   862.8                     -0.83481326
                   865.4                     -0.88150205
                     868                     -0.93102629
                   870.6                     -0.98368776
                   873.2                      -1.0397214
                   875.8                      -1.0993082
                   878.4                      -1.1626225
                     881                      -1.2299221
                   883.6                      -1.3015944
                   886.2                      -1.3781755
                   888.8                      -1.4603087
                   891.4                      -1.5486635
                     894                      -1.6438794
                   896.6                      -1.7465065
                   899.2                      -1.8570337
                   901.8                      -1.9759479
                   904.4                      -2.1037988
                     907                      -2.2412386
                   909.6                      -2.3889457
                   912.2                      -2.5474212
                   914.8                      -2.7166654
                   917.4                      -2.8958264
                     920                      -3.0829436
                   922.6                      -3.2748332
                   925.2                      -3.4671275
                   927.8                       -3.654258
                   930.4                      -3.8292623
                     933                      -3.9835162
                   935.6                      -4.1068084
                   938.2                      -4.1883867
                   940.8                      -4.2191257
                   943.4                      -4.1940852
                     946                      -4.1140404
                   948.6                       -3.985111
                   951.2                      -3.8168373
                   953.8                      -3.6200212
                   956.4                      -3.4053093
                     959                      -3.1824661
                   961.6                      -2.9600425
                   964.2                      -2.7449731
                   966.8                      -2.5422228
                   969.4                      -2.3546894
                     972                      -2.1834292
                   974.6                      -2.0282159
                   977.2                      -1.8881509
                   979.8                      -1.7621519
                   982.4                      -1.6492259
                     985                      -1.5484706
                   987.6                      -1.4589644
                   990.2                      -1.3796431
                   992.8                      -1.3092867
                   995.4                      -1.2466344
                     998                      -1.1905389
                  1000.6                      -1.1401015
                  1003.2                      -1.0946898
                  1005.8                      -1.0538501
                  1008.4                      -1.0171812
                    1011                     -0.98422721
                  1013.6                      -0.9544728
                  1016.2                      -0.9273974
                  1018.8                     -0.90256071
                  1021.4                     -0.87965438
                    1024                     -0.85849721
                  1026.6                     -0.83898138
                  1029.2                     -0.82100939
                  1031.8                      -0.8044562
                  1034.4                     -0.78916572
                    1037                     -0.77498061
                  1039.6                      -0.7617691
                  1042.2                     -0.74944465
                  1044.8                     -0.73797305
                  1047.4                     -0.72735858
                    1050                     -0.71763802
                  1052.6                     -0.70886075
                  1055.2                     -0.70107528
                  1057.8                     -0.69432253
                  1060.4                     -0.68863949
                    1063                     -0.68408542
                  1065.6                     -0.68077491
                  1068.2                     -0.67891413
                  1070.8                     -0.67882307
                  1073.4                     -0.68094366
                    1076                       -0.685856
                  1078.6                      -0.6943204
                  1081.2                     -0.70740761
                  1083.8                     -0.72675698
                  1086.4                     -0.75506258
                    1089                     -0.79702523
                  1091.6                     -0.86141087
                  1094.2                     -0.96624842
                  1096.8                      -1.1545871
                  1099.4                      -1.5556193
                    1102                      -2.7194782
                  1104.6                      -5.4714356
                  1107.2                     -0.56503322
                  1109.8                    -0.018803761
                  1112.4                    -0.026164465
                    1115                    -0.071293357
                  1117.6                     -0.11001563
                  1120.2                     -0.13958323
                  1122.8                     -0.16183527
                  1125.4                     -0.17864845
                    1128                      -0.1914275
                  1130.6                     -0.20117995
                  1133.2                     -0.20863789
                  1135.8                     -0.21434407
                  1138.4                     -0.21870224
                    1141                     -0.22200958
                  1143.6                     -0.22448082
                  1146.2                     -0.22627082
                  1148.8                     -0.22749666
                  1151.4                     -0.22825527
                    1154                     -0.22863286
                  1156.6                     -0.22870693
                  1159.2                     -0.22854475
                  1161.8                     -0.22820185
                  1164.4                     -0.22771894
                    1167                     -0.22712426
                  1169.6                      -0.2264371
                  1172.2                     -0.22567429
                  1174.8                      -0.2248548
                  1177.4                     -0.22400524
                    1180                     -0.22316334
                  1182.6                     -0.22237605
                  1185.2                     -0.22169424
                  1187.8                     -0.22116459
                  1190.4                     -0.22081769
                    1193                     -0.22065827
                  1195.6                     -0.22065473
                  1198.2                     -0.22073002
                  1200.8                     -0.22076586
                  1203.4                     -0.22062892
                    1206                     -0.22021743
                  1208.6                     -0.21950321
                  1211.2                     -0.21853885
                  1213.8                     -0.21742475
                  1216.4                     -0.21626205
                    1219                     -0.21512536
                  1221.6                     -0.21405776
                  1224.2                     -0.21308128
                  1226.8                     -0.21220914
                  1229.4                     -0.21145289
                    1232                     -0.21082262
                  1234.6                     -0.21032557
                  1237.2                     -0.20996391
                  1239.8                     -0.20973932
                  1242.4                     -0.20965944
                    1245                     -0.20974503
                  1247.6                     -0.21003251
                  1250.2                     -0.21057031
                  1252.8                     -0.21141204
                  1255.4                     -0.21261005
                    1258                     -0.21421554
                  1260.6                     -0.21628772
                  1263.2                     -0.21890775
                  1265.8                     -0.22219257
                  1268.4                     -0.22629879
                    1271                     -0.23141057
                  1273.6                      -0.2377091
                  1276.2                     -0.24532338
                  1278.8                     -0.25426892
                  1281.4                     -0.26437769
                    1284                     -0.27522795
                  1286.6                     -0.28610842
                  1289.2                     -0.29605356
                  1291.8                     -0.30399734
                  1294.4                     -0.30903807
                    1297                     -0.31072097
                  1299.6                      -0.3091864
                  1302.2                     -0.30508657
                  1304.8                     -0.29932513
                  1307.4                     -0.29277473
                    1310                     -0.28609877
                  1312.6                     -0.27970319
                  1315.2                     -0.27378507
                  1317.8                     -0.26841427
                  1320.4                     -0.26359815
                    1323                     -0.25932547
                  1325.6                     -0.25557901
                  1328.2                     -0.25233434
                  1330.8                     -0.24955342
                  1333.4                     -0.24718426
                    1336                     -0.24516947
                  1338.6                     -0.24345476
                  1341.2                     -0.24199833
                  1343.8                     -0.24077294
                  1346.4                     -0.23976218
                    1349                      -0.2389541
                  1351.6                     -0.23833567
                  1354.2                      -0.2378899
                  1356.8                     -0.23759874
                  1359.4                     -0.23744633
                    1362                     -0.23742242
                  1364.6                     -0.23752132
                  1367.2                     -0.23774086
                  1369.8                     -0.23807886
                  1372.4                     -0.23853211
                    1375                     -0.23909752
                  1377.6                     -0.23977465
                  1380.2                     -0.24056748
                  1382.8                     -0.24148452
                  1385.4                     -0.24253568
                    1388                     -0.24372955
                  1390.6                     -0.24507262
                  1393.2                     -0.24657108
                  1395.8                     -0.24823688
                  1398.4                     -0.25009283
                    1401                     -0.25217588
                  1403.6                     -0.25453472
                  1406.2                     -0.25722524
                  1408.8                     -0.26030453
                  1411.4                      -0.2638307
                    1414                     -0.26786976
                  1416.6                     -0.27250872
                  1419.2                     -0.27786769
                  1421.8                     -0.28410069
                  1424.4                     -0.29138019
                    1427                     -0.29985514
                  1429.6                     -0.30958179
                  1432.2                     -0.32043571
                  1434.8                     -0.33202134
                  1437.4                     -0.34361802
                    1440                     -0.35421236
                  1442.6                     -0.36267718
                  1445.2                     -0.36807732
                  1447.8                      -0.3699839
                  1450.4                     -0.36862192
                    1453                     -0.36475743
                  1455.6                     -0.35940548
                  1458.2                     -0.35352297
                  1460.8                     -0.34782188
                  1463.4                     -0.34272008
                    1466                     -0.33838911
                  1468.6                     -0.33483732
                  1471.2                     -0.33199684
                  1473.8                     -0.32978607
                  1476.4                     -0.32813881
                    1479                     -0.32700995
                  1481.6                     -0.32636404
                  1484.2                     -0.32616057
                  1486.8                     -0.32634671
                  1489.4                     -0.32685932
                    1492                     -0.32763612
                  1494.6                     -0.32862825
                  1497.2                     -0.32980777
                  1499.8                      -0.3311666
                  1502.4                     -0.33270672
                    1505                     -0.33442945
                  1507.6                     -0.33632577
                  1510.2                     -0.33837517
                  1512.8                     -0.34055061
                  1515.4                     -0.34282857
                    1518                     -0.34519602
                  1520.6                     -0.34765357
                  1523.2                     -0.35021109
                  1525.8                     -0.35287947
                  1528.4                     -0.35566295
                    1531                     -0.35855525
                  1533.6                     -0.36154208
                  1536.2                     -0.36460739
                  1538.8                     -0.36774076
                  1541.4                     -0.37094165
                    1544                     -0.37421843
                  1546.6                     -0.37758297
                  1549.2                     -0.38104408
                  1551.8                     -0.38460288
                  1554.4                     -0.38825233
                    1557                     -0.39198074
                  1559.6                      -0.3957783
                  1562.2                     -0.39964143
                  1564.8                      -0.4035748
                  1567.4                     -0.40758884
                    1570                     -0.41169399
                  1572.6                     -0.41589642
                  1575.2                     -0.42019485
                  1577.8                     -0.42458194
                  1580.4                     -0.42904819
                    1583                     -0.43358747
                  1585.6                     -0.43820049
                  1588.2                     -0.44289468
                  1590.8                     -0.44768103
                  1593.4                     -0.45256965
                    1596                     -0.45756449
                  1598.6                     -0.46266249
                  1601.2                     -0.46785578
                  1603.8                     -0.47313622
                  1606.4                     -0.47850074
                    1609                      -0.4839538
                  1611.6                      -0.4895058
                  1614.2                     -0.49516983
                  1616.8                     -0.50095499
                  1619.4                     -0.50686307
                    1622                     -0.51288834
                  1624.6                     -0.51902252
                  1627.2                     -0.52525953
                  1629.8                     -0.53160074
                  1632.4                     -0.53805577
                    1635                     -0.54463989
                  1637.6                     -0.55136666
                  1640.2                     -0.55824337
                  1642.8                     -0.56526827
                  1645.4                     -0.57243396
                    1648                      -0.5797332
                  1650.6                     -0.58716502
                  1653.2                     -0.59473808
                  1655.8                     -0.60246857
                  1658.4                     -0.61037468
                    1661                     -0.61846968
                  1663.6                     -0.62675723
                  1666.2                     -0.63523349
                  1668.8                     -0.64389193
                  1671.4                     -0.65273004
                    1674                     -0.66175514
                  1676.6                     -0.67098455
                  1679.2                     -0.68044043
                  1681.8                     -0.69014251
                  1684.4                     -0.70010223
                    1687                     -0.71032194
                  1689.6                     -0.72079768
                  1692.2                     -0.73152733
                  1694.8                     -0.74251678
                  1697.4                     -0.75378433
                    1700                     -0.76535575
                  1702.6                     -0.77725868
                  1705.2                     -0.78951512
                  1707.8                       -0.802135
                  1710.4                     -0.81512124
                    1713                     -0.82847392
                  1715.6                     -0.84219804
                  1718.2                     -0.85631309
                  1720.8                     -0.87085067
                  1723.4                       -0.885848
                    1726                     -0.90133893
                  1728.6                     -0.91734832
                  1731.2                     -0.93388877
                  1733.8                     -0.95096505
                  1736.4                     -0.96858642
                    1739                     -0.98677637
                  1741.6                      -1.0055742
                  1744.2                      -1.0250312
                  1746.8                       -1.045201
                  1749.4                      -1.0661275
                    1752                      -1.0878385
                  1754.6                        -1.11035
                  1757.2                      -1.1336766
                  1759.8                      -1.1578439
                  1762.4                      -1.1828976
                    1765                      -1.2088954
                  1767.6                      -1.2358906
                  1770.2                      -1.2639184
                  1772.8                      -1.2929736
                  1775.4                      -1.3230047
                    1778                      -1.3539126
                  1780.6                      -1.3855636
                  1783.2                       -1.417781
                  1785.8                      -1.4503215
                  1788.4                      -1.4828517
                    1791                      -1.5149149
                  1793.6                      -1.5459238
                  1796.2                      -1.5752044
                  1798.8                      -1.6020879
                  1801.4                      -1.6260415
                    1804                       -1.646784
                  1806.6                      -1.6643615
                  1809.2                      -1.6791417
                  1811.8                      -1.6917371
                  1814.4                      -1.7028859
                    1817                      -1.7133312
                  1819.6                      -1.7237242
                  1822.2                      -1.7345657
                  1824.8                      -1.7461858
                  1827.4                      -1.7587509
                    1830                      -1.7722865
                  1832.6                      -1.7867067
                  1835.2                      -1.8018487
                  1837.8                      -1.8175052
                  1840.4                       -1.833451
                    1843                      -1.8494685
                  1845.6                       -1.865359
                  1848.2                      -1.8809531
                  1850.8                      -1.8961033
                  1853.4                      -1.9106804
                    1856                      -1.9245639
                  1858.6                        -1.93764
                  1861.2                      -1.9498045
                  1863.8                      -1.9609713
                  1866.4                        -1.97108
                    1869                      -1.9801007
                  1871.6                      -1.9880313
                  1874.2                      -1.9948858
                  1876.8                      -2.0006851
                  1879.4                      -2.0054497
                    1882                      -2.0092002
                  1884.6                      -2.0119582
                  1887.2                      -2.0137585
                  1889.8                      -2.0146575
                  1892.4                      -2.0147275
                    1895                      -2.0140499
                  1897.6                      -2.0127084
                  1900.2                      -2.0107766
                  1902.8                      -2.0083161
                  1905.4                       -2.005376
                    1908                      -2.0020068
                  1910.6                      -1.9982646
                  1913.2                      -1.9942153
                  1915.8                      -1.9899337
                  1918.4                      -1.9854899
                    1921                       -1.980945
                  1923.6                      -1.9763464
                  1926.2                      -1.9717221
                  1928.8                      -1.9670925
                  1931.4                      -1.9624783
                    1934                       -1.957911
                  1936.6                      -1.9534259
                  1939.2                      -1.9490632
                  1941.8                      -1.9448613
                  1944.4                      -1.9408426
                    1947                      -1.9370131
                  1949.6                      -1.9333695
                  1952.2                      -1.9299029
                  1954.8                      -1.9266133
                  1957.4                      -1.9235085
                    1960                      -1.9206089
                  1962.6                       -1.917936
                  1965.2                       -1.915503
                  1967.8                      -1.9133105
                  1970.4                      -1.9113428
                    1973                      -1.9095787
                  1975.6                      -1.9080024
                  1978.2                      -1.9066072
                  1980.8                      -1.9054007
                  1983.4                      -1.9043998
                    1986                      -1.9036188
                  1988.6                       -1.903061
                  1991.2                      -1.9027124
                  1993.8                      -1.9025517
                  1996.4                      -1.9025548
                    1999                      -1.9027084
                  2001.6                      -1.9030144
                  2004.2                      -1.9034871
                  2006.8                      -1.9041461
                  2009.4                      -1.9049998
                    2012                      -1.9060447
                  2014.6                      -1.9072623
                  2017.2                      -1.9086282
                  2019.8                       -1.910124
                  2022.4                      -1.9117468
                    2025                      -1.9135079
                  2027.6                       -1.915427
                  2030.2                      -1.9175217
                  2032.8                      -1.9197953
                  2035.4                      -1.9222357
                    2038                      -1.9248196
                  2040.6                      -1.9275233
                  2043.2                       -1.930335
                  2045.8                      -1.9332567
                  2048.4                      -1.9363042
                    2051                      -1.9394955
                  2053.6                      -1.9428396
                  2056.2                      -1.9463286
                  2058.8                      -1.9499356
                  2061.4                      -1.9536291
                    2064                      -1.9573813
                  2066.6                      -1.9611792
                  2069.2                      -1.9650222
                  2071.8                      -1.9689259
                  2074.4                      -1.9728986
                    2077                      -1.9769288
                  2079.6                      -1.9809868
                  2082.2                      -1.9850295
                  2084.8                        -1.98901
                  2087.4                      -1.9928957
                    2090                      -1.9966744
                  2092.6                      -2.0003513
                  2095.2                      -2.0039348
                  2097.8                      -2.0074163
                  2100.4                      -2.0107666
                    2103                      -2.0139396
                  2105.6                      -2.0168805
                  2108.2                      -2.0195532
                  2110.8                      -2.0219378
                  2113.4                      -2.0240435
                    2116                      -2.0258883
                  2118.6                      -2.0274816
                  2121.2                      -2.0288074
                  2123.8                      -2.0298354
                  2126.4                      -2.0305251
                    2129                      -2.0308458
                  2131.6                      -2.0307875
                  2134.2                      -2.0303729
                  2136.8                      -2.0296361
                  2139.4                      -2.0286071
                    2142                      -2.0272956
                  2144.6                       -2.025697
                  2147.2                      -2.0237847
                  2149.8                      -2.0215406
                  2152.4                      -2.0189655
                    2155                      -2.0160849
                  2157.6                      -2.0129392
                  2160.2                      -2.0095779
                  2162.8                      -2.0060282
                  2165.4                      -2.0023016
                    2168                      -1.9983869
                  2170.6                      -1.9942685
                  2173.2                      -1.9899478
                  2175.8                      -1.9854445
                  2178.4                      -1.9808015
                    2181                      -1.9760679
                  2183.6                      -1.9712882
                  2186.2                      -1.9664837
                  2188.8                       -1.961658
                  2191.4                      -1.9568034
                    2194                      -1.9519159
                  2196.6                      -1.9470114
                  2199.2                      -1.9421321
                  2201.8                      -1.9373382
                  2204.4                      -1.9326919
                    2207                      -1.9282419
                  2209.6                      -1.9240179
                  2212.2                       -1.920035
                  2214.8                      -1.9163079
                  2217.4                      -1.9128723
                    2220                      -1.9097983
                  2222.6                      -1.9071839
                  2225.2                      -1.9051466
                  2227.8                      -1.9038011
                  2230.4                      -1.9032403
                    2233                      -1.9035412
                  2235.6                      -1.9047658
                  2238.2                      -1.9069745
                  2240.8                      -1.9102382
                  2243.4                      -1.9146119
                    2246                      -1.9200982
                  2248.6                      -1.9265902
                  2251.2                       -1.933805
                  2253.8                      -1.9412619
                  2256.4                      -1.9482933
                    2259                      -1.9541148
                  2261.6                      -1.9579408
                  2264.2                       -1.959116
                  2266.8                      -1.9572237
                  2269.4                      -1.9521537
                    2272                      -1.9440922
                  2274.6                      -1.9334676
                  2277.2                      -1.9208511
                  2279.8                      -1.9068656
                  2282.4                         -1.8921
                    2285                       -1.877065
                  2287.6                      -1.8621542
                  2290.2                      -1.8476464
                  2292.8                      -1.8337118
                  2295.4                      -1.8204311
                    2298                      -1.8078211
                  2300.6                      -1.7958664
                  2303.2                      -1.7845344
                  2305.8                      -1.7737999
                  2308.4                      -1.7636446
                    2311                      -1.7540527
                  2313.6                      -1.7450038
                  2316.2                      -1.7364637
                  2318.8                      -1.7283865
                  2321.4                      -1.7207215
                    2324                      -1.7134225
                  2326.6                      -1.7064599
                  2329.2                      -1.6998236
                  2331.8                      -1.6935188
                  2334.4                      -1.6875547
                    2337                      -1.6819346
                  2339.6                      -1.6766497
                  2342.2                      -1.6716813
                  2344.8                      -1.6670087
                  2347.4                      -1.6626182
                    2350                      -1.6585175
                  2352.6                      -1.6547318
                  2355.2                      -1.6512982
                  2357.8                      -1.6482575
                  2360.4                      -1.6456408
                    2363                      -1.6434656
                  2365.6                      -1.6417443
                  2368.2                      -1.6404896
                  2370.8                      -1.6397304
                  2373.4                      -1.6395138
                    2376                      -1.6399074
                  2378.6                      -1.6409797
                  2381.2                      -1.6427838
                  2383.8                      -1.6453444
                  2386.4                      -1.6486454
                    2389                      -1.6526292
                  2391.6                      -1.6572036
                  2394.2                      -1.6622443
                  2396.8                      -1.6675853
                  2399.4                      -1.6730212
                    2402                      -1.6782937
                  2404.6                      -1.6830975
                  2407.2                      -1.6871184
                  2409.8                      -1.6900574
                  2412.4                      -1.6916972
                    2415                      -1.6919344
                  2417.6                      -1.6907907
                  2420.2                      -1.6884065
                  2422.8                       -1.684989
                  2425.4                      -1.6807712
                    2428                       -1.675966
                  2430.6                      -1.6707546
                  2433.2                      -1.6652822
                  2435.8                      -1.6596769
                  2438.4                      -1.6540631
                    2441                      -1.6485634
                  2443.6                      -1.6432858
                  2446.2                      -1.6383077
                  2448.8                      -1.6336633
                  2451.4                      -1.6293433
                    2454                      -1.6253152
                  2456.6                      -1.6215455
                  2459.2                      -1.6180219
                  2461.8                      -1.6147607
                  2464.4                      -1.6117956
                    2467                      -1.6091553
                  2469.6                       -1.606847
                  2472.2                      -1.6048471
                  2474.8                      -1.6031058
                  2477.4                      -1.6015748
                    2480                      -1.6002271
                  2482.6                      -1.5990667
                  2485.2                      -1.5981246
                  2487.8                      -1.5974434
                  2490.4                      -1.5970486
                    2493                      -1.5969358
                  2495.6                      -1.5970728
                  2498.2                      -1.5974157
                  2500.8                      -1.5979293
                  2503.4                      -1.5986129
                    2506                      -1.5994992
                  2508.6                      -1.6006438
                  2511.2                      -1.6020989
                  2513.8                      -1.6038885
                  2516.4                      -1.6060028
                    2519                       -1.608407
                  2521.6                      -1.6110646
                  2524.2                      -1.6139714
                  2526.8                      -1.6171618
                  2529.4                      -1.6207086
                    2532                      -1.6246948
                  2534.6                      -1.6291835
                  2537.2                       -1.634192
                  2539.8                      -1.6397018
                  2542.4                      -1.6456796
                    2545                      -1.6521086
                  2547.6                      -1.6590215
                  2550.2                       -1.666489
                  2552.8                      -1.6746038
                  2555.4                      -1.6834281
                    2558                      -1.6929616
                  2560.6                      -1.7031308
                  2563.2                      -1.7138128
                  2565.8                      -1.7248651
                  2568.4                      -1.7361654
                    2571                      -1.7476211
                  2573.6                      -1.7591442
                  2576.2                      -1.7706109
                  2578.8                      -1.7818298
                  2581.4                      -1.7925489
                    2584                       -1.802486
                  2586.6                      -1.8113993
                  2589.2                      -1.8191487
                  2591.8                      -1.8257186
                  2594.4                      -1.8312063
                    2597                      -1.8357575
                  2599.6                       -1.839521
                  2602.2                      -1.8426095
                  2604.8                      -1.8451039
                  2607.4                      -1.8470896
                    2610                      -1.8486902
                  2612.6                      -1.8500861
                  2615.2                      -1.8514955
                  2617.8                       -1.853124
                  2620.4                      -1.8551269
                    2623                      -1.8575669
                  2625.6                      -1.8604365
                  2628.2                      -1.8636921
                  2630.8                      -1.8673059
                  2633.4                       -1.871302
                    2636                      -1.8757565
                  2638.6                      -1.8807647
                  2641.2                      -1.8863908
                  2643.8                      -1.8926335
                  2646.4                      -1.8994144
                    2649                      -1.9066041
                  2651.6                      -1.9140736
                  2654.2                        -1.92173
                  2656.8                      -1.9295347
                  2659.4                      -1.9374877
                    2662                      -1.9455715
                  2664.6                      -1.9537196
                  2667.2                      -1.9617915
                  2669.8                      -1.9695819
                  2672.4                      -1.9768965
                    2675                      -1.9835954
                  2677.6                      -1.9896588
                  2680.2                      -1.9951831
                  2682.8                      -2.0003499
                  2685.4                      -2.0053553
                    2688                      -2.0103717
                  2690.6                      -2.0155142
                  2693.2                      -2.0208701
                  2695.8                      -2.0265389
                  2698.4                      -2.0326797
                    2701                      -2.0395232
                  2703.6                      -2.0473188
                  2706.2                      -2.0562935
                  2708.8                      -2.0665652
                  2711.4                      -2.0781436
                    2714                       -2.090953
                  2716.6                      -2.1048872
                  2719.2                      -2.1199232
                  2721.8                      -2.1361188
                  2724.4                      -2.1536393
                    2727                      -2.1726625
                  2729.6                      -2.1933201
                  2732.2                      -2.2156354
                  2734.8                      -2.2395404
                  2737.4                      -2.2649306
                    2740                      -2.2917622
                  2742.6                      -2.3201051
                  2745.2                        -2.35013
                  2747.8                      -2.3820771
                  2750.4                      -2.4161047
                    2753                      -2.4522371
                  2755.6                      -2.4903193
                  2758.2                      -2.5300546
                  2760.8                      -2.5710798
                  2763.4                      -2.6130505
                    2766                      -2.6556065
                  2768.6                      -2.6983625
                  2771.2                      -2.7407732
                  2773.8                       -2.782059
                  2776.4                      -2.8212695
                    2779                      -2.8573724
                  2781.6                      -2.8895176
                  2784.2                      -2.9172182
                  2786.8                      -2.9404963
                  2789.4                      -2.9598464
                    2792                      -2.9761025
                  2794.6                      -2.9902453
                  2797.2                      -3.0032192
                  2799.8                        -3.01585
                  2802.4                      -3.0287945
                    2805                      -3.0426569
                  2807.6                       -3.057983
                  2810.2                      -3.0753379
                  2812.8                      -3.0952503
                  2815.4                      -3.1181176
                    2818                      -3.1441201
                  2820.6                      -3.1732336
                  2823.2                      -3.2051997
                  2825.8                       -3.239726
                  2828.4                       -3.276641
                    2831                      -3.3159711
                  2833.6                      -3.3579247
                  2836.2                      -3.4028589
                  2838.8                       -3.450943
                  2841.4                      -3.5021724
                    2844                      -3.5562589
                  2846.6                      -3.6127805
                  2849.2                      -3.6713828
                  2851.8                      -3.7320666
                  2854.4                      -3.7950991
                    2857                      -3.8609886
                  2859.6                      -3.9301316
                  2862.2                      -4.0025621
                  2864.8                      -4.0779524
                  2867.4                       -4.155632
                    2870                      -4.2349436
                  2872.6                      -4.3156172
                  2875.2                      -4.3978444
                  2877.8                      -4.4821405
                  2880.4                      -4.5690309
                    2883                      -4.6586347
                  2885.6                      -4.7505848
                  2888.2                      -4.8441446
                  2890.8                       -4.938659
                  2893.4                      -5.0340605
                    2896                       -5.131065
                  2898.6                      -5.2310295
                  2901.2                      -5.3354676
                  2903.8                      -5.4454788
                  2906.4                      -5.5613967
                    2909                      -5.6828273
                  2911.6                       -5.809182
                  2914.2                      -5.9402969
                  2916.8                      -6.0768104
                  2919.4                      -6.2202168
                    2922                      -6.3721945
                  2924.6                      -6.5339108
                  2927.2                      -6.7055439
                  2929.8                       -6.886146
                  2932.4                      -7.0743442
                    2935                      -7.2693086
                  2937.6                       -7.471443
                  2940.2                      -7.6825697
                  2942.8                       -7.905075
                  2945.4                      -8.1408597
                    2948                      -8.3904168
                  2950.6                      -8.6524197
                  2953.2                      -8.9246258
                  2955.8                      -9.2054482
                  2958.4                      -9.4950414
                    2961                      -9.7957659
                  2963.6                        -10.1111
                  2966.2                      -10.443654
                  2968.8                      -10.793344
                  2971.4                      -11.156782
                    2974                      -11.528395
                  2976.6                       -11.90309
                  2979.2                      -12.278558
                  2981.8                      -12.655572
                  2984.4                      -13.035917
                    2987                      -13.417936
                  2989.6                      -13.793362
                  2992.2                      -14.146957
                  2994.8                      -14.460516
                  2997.4                      -14.719788
                    3000                      -14.919033
