Frequency    S2,2_[31783]

                     400                   -0.0043293161
                   402.6                   -0.0047406087
                   405.2                   -0.0053213407
                   407.8                   -0.0058301667
                   410.4                   -0.0060737356
                     413                   -0.0060131397
                   415.6                   -0.0057812624
                   418.2                   -0.0056063136
                   420.8                   -0.0056826459
                   423.4                   -0.0060649946
                     426                   -0.0066424296
                   428.6                   -0.0072040744
                   431.2                   -0.0075562155
                   433.8                   -0.0076294727
                   436.4                   -0.0075140166
                     439                   -0.0074080427
                   441.6                   -0.0075045457
                   444.2                    -0.007886808
                   446.8                   -0.0084849759
                   449.4                   -0.0091195004
                     452                   -0.0095997682
                   454.6                    -0.009831268
                   457.2                    -0.009867505
                   459.8                   -0.0098753366
                   462.4                    -0.010042127
                     465                    -0.010472202
                   467.6                    -0.011131322
                   470.2                    -0.011870263
                   472.8                    -0.012510052
                   475.4                     -0.01294201
                     478                    -0.013189859
                   480.6                    -0.013391338
                   483.2                    -0.013717666
                   485.8                    -0.014279138
                   488.4                     -0.01506622
                     491                    -0.015962114
                   493.6                    -0.016813477
                   496.2                    -0.017521195
                   498.8                    -0.018095596
                   501.4                    -0.018643443
                     504                    -0.019299258
                   506.6                    -0.020148073
                   509.2                    -0.021184017
                   511.8                    -0.022326742
                   514.4                    -0.023485339
                     517                    -0.024618663
                   519.6                    -0.025758977
                   522.2                    -0.026977315
                   524.8                    -0.028323345
                   527.4                    -0.029785677
                     530                     -0.03131219
                   532.6                    -0.032878222
                   535.2                    -0.034545454
                   537.8                    -0.036453954
                   540.4                    -0.038746904
                     543                    -0.041452225
                   545.6                    -0.044406505
                   548.2                    -0.047309439
                   550.8                    -0.049938781
                   553.4                    -0.052395268
                     556                     -0.05518091
                   558.6                    -0.059024466
                   561.2                    -0.064515544
                   563.8                    -0.071678417
                   566.4                    -0.079737711
                     569                    -0.087444079
                   571.6                    -0.094050468
                   574.2                      -0.1003842
                   576.8                     -0.10927937
                   579.4                     -0.12520484
                     582                     -0.15293949
                   584.6                     -0.19445057
                   587.2                     -0.24408813
                   589.8                     -0.28745846
                   592.4                     -0.31023318
                     595                     -0.30872806
                   597.6                     -0.28919112
                   600.2                     -0.26049205
                   602.8                     -0.23003916
                   605.4                     -0.20371658
                     608                     -0.18675707
                   610.6                     -0.18352266
                   613.2                     -0.19561158
                   615.8                     -0.21984102
                   618.4                     -0.24906825
                     621                     -0.27637019
                   623.6                     -0.29897445
                   626.2                     -0.31919337
                   628.8                     -0.34281165
                   631.4                       -0.376314
                     634                      -0.4237074
                   636.6                     -0.48441097
                   639.2                     -0.55394935
                   641.8                     -0.62745138
                   644.4                     -0.70333466
                     647                     -0.78514885
                   649.6                     -0.88091715
                   652.2                      -1.0004076
                   654.8                      -1.1513223
                   657.4                       -1.336448
                     660                      -1.5540707
                   662.6                      -1.8015175
                   665.2                      -2.0797872
                   667.8                      -2.3970182
                   670.4                       -2.769021
                     673                      -3.2161053
                   675.6                      -3.7565095
                   678.2                      -4.3990666
                   680.8                      -5.1386217
                   683.4                      -5.9552948
                     686                      -6.8165691
                   688.6                      -7.6763768
                   691.2                      -8.4662753
                   693.8                      -9.0826958
                   696.4                      -9.4004633
                     699                      -9.3363765
                   701.6                      -8.9106119
                   704.2                      -8.2259438
                   706.8                      -7.4008922
                   709.4                      -6.5332939
                     712                      -5.6958328
                   714.6                      -4.9358253
                   717.2                      -4.2735021
                   719.8                       -3.706147
                   722.4                      -3.2184257
                     725                      -2.7937203
                   727.6                      -2.4212134
                   730.2                      -2.0966135
                   732.8                      -1.8185179
                   735.4                      -1.5844486
                     738                      -1.3893393
                   740.6                      -1.2263848
                   743.2                      -1.0887715
                   745.8                     -0.97102663
                   748.4                      -0.8694534
                     751                     -0.78175446
                   753.6                     -0.70636098
                   756.2                     -0.64189607
                   758.8                     -0.58691309
                   761.4                     -0.53992313
                     764                     -0.49946744
                   766.6                       -0.464273
                   769.2                      -0.4333216
                   771.8                     -0.40587418
                   774.4                     -0.38143752
                     777                      -0.3596983
                   779.6                     -0.34043561
                   782.2                     -0.32343337
                   784.8                      -0.3084293
                   787.4                     -0.29510679
                     790                     -0.28312964
                   792.6                     -0.27219788
                   795.2                     -0.26210645
                   797.8                      -0.2527574
                   800.4                     -0.24414366
                     803                     -0.23628455
                   805.6                     -0.22917111
                   808.2                      -0.2227262
                   810.8                     -0.21681418
                   813.4                     -0.21127715
                     816                     -0.20599226
                   818.6                     -0.20090543
                   821.2                     -0.19603255
                   823.8                     -0.19142636
                   826.4                      -0.1871269
                     829                     -0.18312654
                   831.6                     -0.17936346
                   834.2                     -0.17574528
                   836.8                      -0.1721907
                   839.4                     -0.16866084
                     842                     -0.16516807
                   844.6                     -0.16175603
                   847.2                     -0.15846598
                   849.8                     -0.15530956
                   852.4                     -0.15225955
                     855                     -0.14926371
                   857.6                     -0.14627219
                   860.2                      -0.1432589
                   862.8                     -0.14022976
                   865.4                     -0.13721328
                     868                     -0.13424074
                   870.6                     -0.13132664
                   873.2                     -0.12846314
                   875.8                     -0.12562713
                   878.4                      -0.1227918
                     881                     -0.11994221
                   883.6                     -0.11707919
                   886.2                     -0.11421781
                   888.8                     -0.11137588
                   891.4                     -0.10856683
                     894                     -0.10579383
                   896.6                     -0.10305121
                   899.2                     -0.10032959
                   901.8                    -0.097620645
                   904.4                    -0.094921179
                     907                    -0.092234439
                   909.6                     -0.08956695
                   912.2                    -0.086927628
                   914.8                    -0.084323906
                   917.4                    -0.081760025
                     920                    -0.079235864
                   922.6                    -0.076746727
                   925.2                    -0.074284695
                   927.8                    -0.071842807
                   930.4                    -0.069418022
                     933                    -0.067013321
                   935.6                    -0.064635549
                   938.2                     -0.06229129
                   940.8                    -0.059981835
                   943.4                    -0.057699599
                     946                    -0.055430249
                   948.6                    -0.053157264
                   951.2                    -0.050868376
                   953.8                    -0.048558598
                   956.4                    -0.046227916
                     959                    -0.043876543
                   961.6                    -0.041497904
                   964.2                     -0.03907661
                   966.8                    -0.036591255
                   969.4                     -0.03402023
                     972                    -0.031349224
                   974.6                    -0.028574354
                   977.2                    -0.025700062
                   979.8                    -0.022736646
                   982.4                    -0.019699164
                     985                    -0.016611948
                   987.6                        -0.01352
                   990.2                    -0.010502768
                   992.8                   -0.0076881498
                   995.4                   -0.0052662133
                     998                   -0.0035067607
                  1000.6                   -0.0027891004
                  1003.2                   -0.0036488028
                  1005.8                   -0.0068411178
                  1008.4                    -0.013416341
                    1011                    -0.024804544
                  1013.6                    -0.042911444
                  1016.2                    -0.070221705
                  1018.8                     -0.10987188
                  1021.4                     -0.16558157
                    1024                     -0.24123997
                  1026.6                     -0.33990453
                  1029.2                     -0.46211242
                  1031.8                     -0.60387471
                  1034.4                      -0.7554441
                    1037                     -0.90231222
                  1039.6                       -1.028987
                  1042.2                      -1.1239616
                  1044.8                      -1.1829316
                  1047.4                      -1.2085634
                    1050                      -1.2077698
                  1052.6                      -1.1886025
                  1055.2                      -1.1581924
                  1057.8                      -1.1219175
                  1060.4                      -1.0833952
                    1063                      -1.0448568
                  1065.6                      -1.0075935
                  1068.2                     -0.97233359
                  1070.8                     -0.93948702
                  1073.4                     -0.90925962
                    1076                       -0.881695
                  1078.6                     -0.85668218
                  1081.2                     -0.83399779
                  1083.8                     -0.81337358
                  1086.4                      -0.7945703
                    1089                     -0.77742974
                  1091.6                     -0.76187201
                  1094.2                     -0.74784868
                  1096.8                     -0.73528731
                  1099.4                     -0.72406145
                    1102                      -0.7139984
                  1104.6                     -0.70492466
                  1107.2                     -0.69671374
                  1109.8                     -0.68931268
                  1112.4                     -0.68272442
                    1115                     -0.67696672
                  1117.6                     -0.67202572
                  1120.2                      -0.6678395
                  1122.8                     -0.66430821
                  1125.4                     -0.66133273
                    1128                     -0.65884963
                  1130.6                     -0.65684702
                  1133.2                     -0.65535148
                  1135.8                     -0.65439751
                  1138.4                     -0.65399566
                    1141                      -0.6541209
                  1143.6                     -0.65472032
                  1146.2                     -0.65573724
                  1148.8                     -0.65713455
                  1151.4                     -0.65890789
                    1154                     -0.66108054
                  1156.6                     -0.66368891
                  1159.2                     -0.66676328
                  1161.8                     -0.67031826
                  1164.4                      -0.6743487
                    1167                     -0.67883847
                  1169.6                      -0.6837727
                  1172.2                     -0.68915293
                  1174.8                     -0.69500931
                  1177.4                     -0.70140688
                    1180                      -0.7084421
                  1182.6                     -0.71622603
                  1185.2                     -0.72485787
                  1187.8                     -0.73439434
                  1190.4                     -0.74481687
                    1193                      -0.7560054
                  1195.6                      -0.7677209
                  1198.2                     -0.77961386
                  1200.8                     -0.79128308
                  1203.4                     -0.80240309
                    1206                     -0.81287206
                  1208.6                     -0.82287958
                  1211.2                     -0.83282684
                  1213.8                     -0.84315595
                  1216.4                     -0.85421123
                    1219                     -0.86620135
                  1221.6                     -0.87923233
                  1224.2                     -0.89336874
                  1226.8                     -0.90867344
                  1229.4                     -0.92521987
                    1232                     -0.94307789
                  1234.6                     -0.96231156
                  1237.2                     -0.98298494
                  1239.8                       -1.005196
                  1242.4                      -1.0291128
                    1245                      -1.0549907
                  1247.6                      -1.0831587
                  1250.2                      -1.1139858
                  1252.8                      -1.1478361
                  1255.4                      -1.1850477
                    1258                      -1.2259537
                  1260.6                      -1.2709495
                  1263.2                      -1.3205324
                  1265.8                      -1.3752712
                  1268.4                      -1.4356621
                    1271                      -1.5018134
                  1273.6                      -1.5729867
                  1276.2                      -1.6471008
                  1278.8                      -1.7203726
                  1281.4                      -1.7873713
                    1284                      -1.8417373
                  1286.6                      -1.8776938
                  1289.2                      -1.8918919
                  1291.8                      -1.8847481
                  1294.4                      -1.8604419
                    1297                      -1.8255612
                  1299.6                       -1.787133
                  1302.2                      -1.7509706
                  1304.8                      -1.7209038
                  1307.4                      -1.6987842
                    1310                      -1.6849578
                  1312.6                      -1.6788717
                  1315.2                      -1.6796257
                  1317.8                      -1.6863439
                  1320.4                      -1.6983284
                    1323                      -1.7150764
                  1325.6                      -1.7361944
                  1328.2                      -1.7613178
                  1330.8                      -1.7900623
                  1333.4                      -1.8220464
                    1336                       -1.856943
                  1338.6                      -1.8945263
                  1341.2                      -1.9346902
                  1343.8                      -1.9774205
                  1346.4                      -2.0227486
                    1349                      -2.0707013
                  1351.6                      -2.1212819
                  1354.2                      -2.1744898
                  1356.8                      -2.2303419
                  1359.4                      -2.2888918
                    1362                      -2.3502279
                  1364.6                      -2.4144697
                  1367.2                      -2.4817493
                  1369.8                      -2.5521987
                  1372.4                      -2.6259801
                    1375                      -2.7033052
                  1377.6                      -2.7844309
                  1380.2                      -2.8696446
                  1382.8                      -2.9592243
                  1385.4                      -3.0534193
                    1388                      -3.1524467
                  1390.6                      -3.2565559
                  1393.2                      -3.3660951
                  1395.8                      -3.4815529
                  1398.4                      -3.6035404
                    1401                      -3.7326617
                  1403.6                      -3.8693475
                  1406.2                      -4.0137516
                  1408.8                      -4.1656729
                  1411.4                      -4.3245789
                    1414                      -4.4896089
                  1416.6                      -4.6594415
                  1419.2                      -4.8317695
                  1421.8                       -5.002425
                  1424.4                      -5.1644644
                    1427                      -5.3076941
                  1429.6                       -5.419476
                  1432.2                      -5.4874572
                  1434.8                      -5.5037824
                  1437.4                      -5.4690122
                    1440                      -5.3934039
                  1442.6                      -5.2944834
                  1445.2                      -5.1922498
                  1447.8                      -5.1045052
                  1450.4                      -5.0440153
                    1453                       -5.017821
                  1455.6                       -5.027909
                  1458.2                      -5.0725024
                  1460.8                      -5.1475362
                  1463.4                      -5.2479856
                    1466                      -5.3689563
                  1468.6                      -5.5064689
                  1471.2                      -5.6577742
                  1473.8                      -5.8212109
                  1476.4                      -5.9957979
                    1479                       -6.180723
                  1481.6                      -6.3749708
                  1484.2                      -6.5772895
                  1486.8                      -6.7864008
                  1489.4                      -7.0013653
                    1492                      -7.2217795
                  1494.6                      -7.4477805
                  1497.2                      -7.6797588
                  1499.8                      -7.9179484
                  1502.4                      -8.1621547
                    1505                      -8.4116677
                  1507.6                      -8.6654791
                  1510.2                      -8.9227044
                  1512.8                      -9.1828441
                  1515.4                      -9.4458068
                    1518                      -9.7116573
                  1520.6                      -9.9802349
                  1523.2                      -10.250787
                  1525.8                      -10.521855
                  1528.4                      -10.791555
                    1531                      -11.057992
                  1533.6                      -11.319556
                  1536.2                      -11.575019
                  1538.8                      -11.823237
                  1541.4                      -12.062733
                    1544                       -12.29133
                  1546.6                      -12.506169
                  1549.2                      -12.704085
                  1551.8                      -12.882166
                  1554.4                      -13.038211
                    1557                      -13.170824
                  1559.6                      -13.279114
                  1562.2                      -13.362329
                  1564.8                      -13.419572
                  1567.4                      -13.449934
                    1570                      -13.452952
                  1572.6                      -13.429022
                  1575.2                      -13.379603
                  1577.8                      -13.307022
                  1580.4                       -13.21395
                    1583                      -13.102875
                  1585.6                      -12.975866
                  1588.2                      -12.834635
                  1590.8                       -12.68086
                  1593.4                      -12.516401
                    1596                      -12.343468
                  1598.6                      -12.164388
                  1601.2                      -11.981281
                  1603.8                      -11.795786
                  1606.4                      -11.608948
                    1609                       -11.42139
                  1611.6                      -11.233618
                  1614.2                      -11.046193
                  1616.8                       -10.85991
                  1619.4                      -10.675687
                    1622                      -10.494373
                  1624.6                      -10.316463
                  1627.2                      -10.142108
                  1629.8                      -9.9711976
                  1632.4                      -9.8035481
                    1635                      -9.6390927
                  1637.6                      -9.4780089
                  1640.2                      -9.3206338
                  1642.8                      -9.1673077
                  1645.4                      -9.0181903
                    1648                      -8.8732129
                  1650.6                      -8.7321044
                  1653.2                      -8.5945498
                  1655.8                      -8.4603436
                  1658.4                      -8.3294651
                    1661                      -8.2020572
                  1663.6                      -8.0783312
                  1666.2                      -7.9583817
                  1668.8                      -7.8421295
                  1671.4                      -7.7293568
                    1674                      -7.6197863
                  1676.6                      -7.5131889
                  1679.2                      -7.4094909
                  1681.8                      -7.3087774
                  1684.4                      -7.2111957
                    1687                       -7.116851
                  1689.6                      -7.0257327
                  1692.2                       -6.937699
                  1694.8                      -6.8525354
                  1697.4                      -6.7700346
                    1700                      -6.6901077
                  1702.6                      -6.6127976
                  1705.2                      -6.5382263
                  1707.8                      -6.4665311
                  1710.4                      -6.3977535
                    1713                      -6.3318292
                  1715.6                      -6.2686126
                  1718.2                      -6.2079343
                  1720.8                      -6.1496909
                  1723.4                      -6.0939018
                    1726                       -6.040689
                  1728.6                      -5.9902001
                  1731.2                      -5.9425406
                  1733.8                      -5.8977306
                  1736.4                      -5.8556934
                    1739                      -5.8163078
                  1741.6                      -5.7795029
                  1744.2                      -5.7453058
                  1746.8                      -5.7138563
                  1749.4                      -5.6853605
                    1752                      -5.6600283
                  1754.6                      -5.6380036
                  1757.2                      -5.6193529
                  1759.8                      -5.6041067
                  1762.4                      -5.5923227
                    1765                      -5.5841743
                  1767.6                      -5.5799792
                  1770.2                      -5.5801798
                  1772.8                      -5.5852813
                  1775.4                       -5.595792
                    1778                      -5.6121701
                  1780.6                      -5.6348398
                  1783.2                      -5.6642293
                  1785.8                      -5.7008093
                  1788.4                      -5.7450768
                    1791                      -5.7974652
                  1793.6                      -5.8581568
                  1796.2                      -5.9268687
                  1798.8                      -6.0026765
                  1801.4                      -6.0839465
                    1804                      -6.1684325
                  1806.6                      -6.2535521
                  1809.2                      -6.3367614
                  1811.8                      -6.4159537
                  1814.4                       -6.489763
                    1817                      -6.5576759
                  1819.6                      -6.6199904
                  1822.2                      -6.6776572
                  1824.8                       -6.732027
                  1827.4                      -6.7846233
                    1830                       -6.836961
                  1832.6                       -6.890424
                  1835.2                      -6.9461748
                  1837.8                      -7.0051072
                  1840.4                       -7.067853
                    1843                      -7.1347888
                  1845.6                      -7.2060921
                  1848.2                       -7.281798
                  1850.8                      -7.3618649
                  1853.4                      -7.4462313
                    1856                      -7.5348108
                  1858.6                      -7.6274798
                  1861.2                      -7.7240369
                  1863.8                      -7.8241746
                  1866.4                      -7.9274793
                    1869                      -8.0334406
                  1871.6                      -8.1414939
                  1874.2                      -8.2510919
                  1876.8                      -8.3616977
                  1879.4                      -8.4727648
                    1882                      -8.5836886
                  1884.6                      -8.6937805
                  1887.2                      -8.8022421
                  1889.8                       -8.908155
                  1892.4                       -9.010574
                    1895                      -9.1085934
                  1897.6                      -9.2013685
                  1900.2                      -9.2881433
                  1902.8                      -9.3682094
                  1905.4                      -9.4408704
                    1908                      -9.5054096
                  1910.6                      -9.5611187
                  1913.2                      -9.6073628
                  1915.8                      -9.6436613
                  1918.4                       -9.669748
                    1921                      -9.6855613
                  1923.6                      -9.6912173
                  1926.2                      -9.6869205
                  1928.8                      -9.6729165
                  1931.4                      -9.6494791
                    1934                      -9.6169505
                  1936.6                      -9.5757811
                  1939.2                      -9.5265676
                  1941.8                      -9.4700562
                  1944.4                      -9.4070599
                    1947                      -9.3383748
                  1949.6                      -9.2647338
                  1952.2                      -9.1867632
                  1954.8                      -9.1050315
                  1957.4                      -9.0200775
                    1960                      -8.9324914
                  1962.6                      -8.8429002
                  1965.2                      -8.7519427
                  1967.8                      -8.6602043
                  1970.4                      -8.5681473
                    1973                      -8.4761181
                  1975.6                       -8.384383
                  1978.2                      -8.2931385
                  1980.8                      -8.2026103
                  1983.4                      -8.1130761
                    1986                      -8.0248497
                  1988.6                      -7.9382036
                  1991.2                      -7.8533314
                  1993.8                       -7.770355
                  1996.4                      -7.6892987
                    1999                      -7.6101424
                  2001.6                      -7.5329029
                  2004.2                      -7.4576517
                  2006.8                      -7.3845131
                  2009.4                      -7.3136123
                    2012                       -7.245049
                  2014.6                      -7.1788456
                  2017.2                      -7.1149525
                  2019.8                      -7.0532866
                  2022.4                      -6.9937718
                    2025                      -6.9363892
                  2027.6                      -6.8811939
                  2030.2                      -6.8282602
                  2032.8                      -6.7776505
                  2035.4                      -6.7293862
                    2038                      -6.6834244
                  2040.6                      -6.6396647
                  2043.2                      -6.5980003
                  2045.8                      -6.5583792
                  2048.4                       -6.520798
                    2051                      -6.4853122
                  2053.6                      -6.4519794
                  2056.2                      -6.4208274
                  2058.8                       -6.391827
                  2061.4                      -6.3648815
                    2064                      -6.3398651
                  2066.6                      -6.3166754
                  2069.2                      -6.2952637
                  2071.8                      -6.2756392
                  2074.4                      -6.2578441
                    2077                      -6.2419069
                  2079.6                      -6.2277934
                  2082.2                      -6.2153947
                  2084.8                      -6.2045577
                  2087.4                      -6.1951133
                    2090                      -6.1869564
                  2092.6                      -6.1800406
                  2095.2                      -6.1743746
                  2097.8                      -6.1699729
                  2100.4                      -6.1667864
                    2103                      -6.1647111
                  2105.6                      -6.1635525
                  2108.2                      -6.1631181
                  2110.8                      -6.1632474
                  2113.4                      -6.1638633
                    2116                      -6.1649558
                  2118.6                      -6.1665476
                  2121.2                      -6.1686164
                  2123.8                      -6.1710734
                  2126.4                      -6.1737582
                    2129                      -6.1764925
                  2131.6                      -6.1791152
                  2134.2                      -6.1815614
                  2136.8                      -6.1838462
                  2139.4                      -6.1860179
                    2142                      -6.1881216
                  2144.6                      -6.1901391
                  2147.2                      -6.1919713
                  2149.8                      -6.1934916
                  2152.4                      -6.1945818
                    2155                      -6.1951993
                  2157.6                      -6.1953734
                  2160.2                      -6.1952015
                  2162.8                       -6.194782
                  2165.4                      -6.1941692
                    2168                      -6.1933333
                  2170.6                      -6.1921969
                  2173.2                       -6.190676
                  2175.8                      -6.1887273
                  2178.4                      -6.1863829
                    2181                      -6.1837541
                  2183.6                      -6.1809791
                  2186.2                      -6.1781561
                  2188.8                      -6.1753306
                  2191.4                       -6.172465
                    2194                      -6.1694933
                  2196.6                      -6.1663777
                  2199.2                       -6.163142
                  2201.8                      -6.1599151
                  2204.4                      -6.1568765
                    2207                      -6.1542063
                  2209.6                      -6.1520462
                  2212.2                      -6.1504569
                  2214.8                      -6.1494588
                  2217.4                      -6.1490981
                    2220                      -6.1494995
                  2222.6                      -6.1509217
                  2225.2                      -6.1537618
                  2227.8                      -6.1584646
                  2230.4                       -6.165501
                    2233                      -6.1753204
                  2235.6                      -6.1883372
                  2238.2                       -6.205008
                  2240.8                      -6.2258932
                  2243.4                       -6.251656
                    2246                      -6.2830323
                  2248.6                      -6.3206296
                  2251.2                      -6.3646995
                  2253.8                      -6.4149015
                  2256.4                      -6.4700987
                    2259                      -6.5283488
                  2261.6                      -6.5870365
                  2264.2                      -6.6432056
                  2266.8                      -6.6939667
                  2269.4                      -6.7369386
                    2272                      -6.7705454
                  2274.6                      -6.7941763
                  2277.2                      -6.8081119
                  2279.8                      -6.8133515
                  2282.4                      -6.8113433
                    2285                      -6.8037477
                  2287.6                      -6.7921866
                  2290.2                      -6.7781047
                  2292.8                      -6.7626764
                  2295.4                      -6.7467494
                    2298                        -6.73088
                  2300.6                      -6.7154091
                  2303.2                       -6.700505
                  2305.8                      -6.6863077
                  2308.4                       -6.672946
                    2311                      -6.6605508
                  2313.6                      -6.6492473
                  2316.2                       -6.639084
                  2318.8                      -6.6300387
                  2321.4                      -6.6220194
                    2324                      -6.6148637
                  2326.6                      -6.6084585
                  2329.2                      -6.6027436
                  2331.8                      -6.5977258
                  2334.4                      -6.5934715
                    2337                      -6.5900553
                  2339.6                      -6.5874918
                  2342.2                      -6.5857524
                  2344.8                      -6.5847407
                  2347.4                      -6.5843521
                    2350                      -6.5845521
                  2352.6                      -6.5853803
                  2355.2                      -6.5869521
                  2357.8                      -6.5894626
                  2360.4                       -6.593076
                    2363                      -6.5979305
                  2365.6                      -6.6041119
                  2368.2                      -6.6116785
                  2370.8                      -6.6207473
                  2373.4                       -6.631513
                    2376                       -6.644312
                  2378.6                      -6.6595795
                  2381.2                      -6.6777904
                  2383.8                      -6.6993826
                  2386.4                       -6.724686
                    2389                      -6.7539064
                  2391.6                      -6.7871079
                  2394.2                       -6.824237
                  2396.8                      -6.8650916
                  2399.4                       -6.909276
                    2402                      -6.9561256
                  2404.6                      -7.0046141
                  2407.2                       -7.053393
                  2409.8                      -7.1008461
                  2412.4                      -7.1453201
                    2415                      -7.1853514
                  2417.6                      -7.2198848
                  2420.2                      -7.2484019
                  2422.8                      -7.2708903
                  2425.4                      -7.2877116
                    2428                      -7.2993914
                  2430.6                      -7.3065086
                  2433.2                      -7.3095713
                  2435.8                      -7.3090425
                  2438.4                      -7.3054317
                    2441                      -7.2993126
                  2443.6                      -7.2912899
                  2446.2                      -7.2819618
                  2448.8                       -7.271771
                  2451.4                      -7.2609574
                    2454                      -7.2495634
                  2456.6                      -7.2375043
                  2459.2                      -7.2246841
                  2461.8                      -7.2111416
                  2464.4                      -7.1970049
                    2467                      -7.1825105
                  2469.6                      -7.1678373
                  2472.2                       -7.153055
                  2474.8                      -7.1380577
                  2477.4                      -7.1226257
                    2480                      -7.1065259
                  2482.6                      -7.0896277
                  2485.2                      -7.0719474
                  2487.8                       -7.053642
                  2490.4                      -7.0348872
                    2493                      -7.0158156
                  2495.6                      -6.9963952
                  2498.2                      -6.9764451
                  2500.8                      -6.9557282
                  2503.4                       -6.934046
                    2506                       -6.911346
                  2508.6                      -6.8877702
                  2511.2                      -6.8635248
                  2513.8                      -6.8388433
                  2516.4                      -6.8138241
                    2519                       -6.788399
                  2521.6                       -6.762381
                  2524.2                      -6.7355614
                  2526.8                      -6.7078645
                  2529.4                      -6.6794231
                    2532                      -6.6505038
                  2534.6                       -6.621491
                  2537.2                       -6.592685
                  2539.8                      -6.5641888
                  2542.4                      -6.5359622
                    2545                      -6.5079046
                  2547.6                      -6.4799734
                  2550.2                      -6.4523462
                  2552.8                       -6.425432
                  2555.4                      -6.3997466
                    2558                       -6.375788
                  2560.6                      -6.3538417
                  2563.2                      -6.3339468
                  2565.8                       -6.315948
                  2568.4                       -6.299612
                    2571                      -6.2847978
                  2573.6                       -6.271454
                  2576.2                       -6.259584
                  2578.8                      -6.2490572
                  2581.4                      -6.2394571
                    2584                      -6.2300304
                  2586.6                      -6.2197414
                  2589.2                      -6.2075089
                  2591.8                      -6.1924069
                  2594.4                      -6.1738429
                    2597                      -6.1515877
                  2599.6                       -6.125636
                  2602.2                      -6.0960612
                  2604.8                      -6.0628712
                  2607.4                      -6.0259795
                    2610                      -5.9853185
                  2612.6                      -5.9409978
                  2615.2                       -5.893342
                  2617.8                      -5.8429563
                  2620.4                      -5.7905573
                    2623                      -5.7367765
                  2625.6                      -5.6820699
                  2628.2                      -5.6266164
                  2630.8                      -5.5704386
                  2633.4                      -5.5135674
                    2636                      -5.4561173
                  2638.6                      -5.3984232
                  2641.2                      -5.3409496
                  2643.8                      -5.2841204
                  2646.4                        -5.22823
                    2649                      -5.1733611
                  2651.6                      -5.1193696
                  2654.2                      -5.0660532
                  2656.8                      -5.0132432
                  2659.4                      -4.9608993
                    2662                      -4.9091189
                  2664.6                      -4.8580086
                  2667.2                       -4.807563
                  2669.8                      -4.7575441
                  2672.4                       -4.707473
                    2675                      -4.6567186
                  2677.6                      -4.6046582
                  2680.2                      -4.5508453
                  2682.8                      -4.4951024
                  2685.4                      -4.4374841
                    2688                      -4.3781879
                  2690.6                      -4.3174107
                  2693.2                      -4.2552702
                  2695.8                      -4.1918042
                  2698.4                      -4.1270845
                    2701                      -4.0613345
                  2703.6                      -3.9949566
                  2706.2                      -3.9285149
                  2708.8                      -3.8625975
                  2711.4                      -3.7976475
                    2714                      -3.7338859
                  2716.6                      -3.6713128
                  2719.2                        -3.60979
                  2721.8                      -3.5492446
                  2724.4                      -3.4897353
                    2727                      -3.4314942
                  2729.6                      -3.3748524
                  2732.2                      -3.3200744
                  2734.8                      -3.2672897
                  2737.4                      -3.2164509
                    2740                      -3.1673897
                  2742.6                      -3.1199857
                  2745.2                       -3.074262
                  2747.8                      -3.0304172
                  2750.4                      -2.9888009
                    2753                      -2.9497744
                  2755.6                      -2.9135917
                  2758.2                      -2.8803457
                  2760.8                      -2.8499736
                  2763.4                       -2.822355
                    2766                      -2.7973816
                  2768.6                      -2.7750099
                  2771.2                      -2.7552031
                  2773.8                      -2.7378157
                  2776.4                      -2.7224756
                    2779                      -2.7085085
                  2781.6                      -2.6949442
                  2784.2                      -2.6806617
                  2786.8                      -2.6645785
                  2789.4                      -2.6458129
                    2792                      -2.6238242
                  2794.6                      -2.5984236
                  2797.2                      -2.5697156
                  2799.8                      -2.5379493
                  2802.4                      -2.5034717
                    2805                      -2.4666221
                  2807.6                      -2.4277746
                  2810.2                      -2.3873557
                  2812.8                      -2.3458833
                  2815.4                      -2.3039319
                    2818                      -2.2620723
                  2820.6                      -2.2207617
                  2823.2                      -2.1802593
                  2825.8                      -2.1406358
                  2828.4                      -2.1018142
                    2831                      -2.0636958
                  2833.6                       -2.026276
                  2836.2                      -1.9896618
                  2838.8                       -1.954075
                  2841.4                      -1.9197239
                    2844                       -1.886693
                  2846.6                      -1.8549164
                  2849.2                      -1.8241972
                  2851.8                      -1.7942839
                  2854.4                      -1.7650394
                    2857                      -1.7364751
                  2859.6                      -1.7087522
                  2862.2                      -1.6820813
                  2864.8                      -1.6565803
                  2867.4                      -1.6322102
                    2870                      -1.6087662
                  2872.6                      -1.5859634
                  2875.2                      -1.5635637
                  2877.8                      -1.5414795
                  2880.4                        -1.51977
                    2883                      -1.4985795
                  2885.6                      -1.4779951
                  2888.2                      -1.4579514
                  2890.8                      -1.4382284
                  2893.4                      -1.4184958
                    2896                      -1.3984774
                  2898.6                      -1.3780608
                  2901.2                      -1.3573424
                  2903.8                      -1.3365719
                  2906.4                      -1.3160169
                    2909                      -1.2958422
                  2911.6                      -1.2760379
                  2914.2                      -1.2564512
                  2916.8                      -1.2369183
                  2919.4                      -1.2173585
                    2922                      -1.1978717
                  2924.6                      -1.1786911
                  2927.2                      -1.1600741
                  2929.8                      -1.1421856
                  2932.4                      -1.1250091
                    2935                       -1.108365
                  2937.6                       -1.092008
                  2940.2                       -1.075762
                  2942.8                      -1.0596087
                  2945.4                      -1.0437002
                    2948                      -1.0282639
                  2950.6                      -1.0134823
                  2953.2                     -0.99938642
                  2955.8                     -0.98582863
                  2958.4                     -0.97256727
                    2961                     -0.95938463
                  2963.6                     -0.94620492
                  2966.2                     -0.93313006
                  2968.8                     -0.92038447
                  2971.4                     -0.90818736
                    2974                     -0.89663375
                  2976.6                     -0.88563849
                  2979.2                     -0.87497793
                  2981.8                     -0.86441446
                  2984.4                     -0.85381552
                    2987                     -0.84323092
                  2989.6                     -0.83286021
                  2992.2                     -0.82293769
                  2994.8                     -0.81360181
                  2997.4                     -0.80480694
                    3000                     -0.79634047
