Frequency    S2,2_[31789]

                     400                   -0.0032384494
                   402.6                   -0.0035095398
                   405.2                   -0.0038573836
                   407.8                   -0.0041377078
                   410.4                   -0.0042532965
                     413                   -0.0042045686
                   415.6                   -0.0040824142
                   418.2                   -0.0040130897
                   420.8                   -0.0040867176
                   423.4                   -0.0043109944
                     426                   -0.0046134112
                   428.6                   -0.0048869333
                   431.2                   -0.0050500788
                   433.8                    -0.005089389
                   436.4                   -0.0050605128
                     439                   -0.0050533787
                   441.6                   -0.0051399782
                   444.2                   -0.0053378805
                   446.8                   -0.0056056641
                   449.4                   -0.0058720864
                     452                   -0.0060764281
                   454.6                   -0.0062004204
                   457.2                   -0.0062737995
                   459.8                   -0.0063515744
                   462.4                   -0.0064822028
                     465                   -0.0066820242
                   467.6                   -0.0069310176
                   470.2                   -0.0071907687
                   472.8                   -0.0074292597
                   475.4                   -0.0076367415
                     478                   -0.0078275599
                   480.6                    -0.008025573
                   483.2                   -0.0082463435
                   485.8                   -0.0084888043
                   488.4                   -0.0087406428
                     491                   -0.0089947283
                   493.6                   -0.0092591391
                   496.2                   -0.0095533346
                   498.8                   -0.0098926222
                   501.4                    -0.010271293
                     504                    -0.010656788
                   506.6                    -0.011004775
                   509.2                    -0.011291071
                   511.8                    -0.011539391
                   514.4                    -0.011821219
                     517                    -0.012218558
                   519.6                    -0.012773402
                   522.2                    -0.013450173
                   524.8                    -0.014138173
                   527.4                     -0.01470387
                     530                    -0.015077748
                   532.6                    -0.015321463
                   535.2                     -0.01561814
                   537.8                    -0.016179103
                   540.4                    -0.017121339
                     543                    -0.018376158
                   545.6                    -0.019687154
                   548.2                    -0.020730822
                   550.8                    -0.021327496
                   553.4                    -0.021607018
                     556                     -0.02199486
                   558.6                     -0.02301226
                   561.2                    -0.024995451
                   563.8                    -0.027851403
                   566.4                    -0.030991881
                     569                    -0.033608542
                   571.6                    -0.035256684
                   574.2                    -0.036377096
                   576.8                    -0.038381326
                   579.4                    -0.043307458
                     582                    -0.053112832
                   584.6                     -0.06835438
                   587.2                    -0.086410097
                   589.8                     -0.10136154
                   592.4                     -0.10768283
                     595                     -0.10428681
                   597.6                    -0.094004809
                   600.2                    -0.080553892
                   602.8                    -0.066850867
                   605.4                    -0.054942489
                     608                    -0.046334913
                   610.6                     -0.04200158
                   613.2                    -0.041964621
                   615.8                     -0.04495609
                   618.4                    -0.048867396
                     621                    -0.051895953
                   623.6                    -0.053393609
                   626.2                    -0.053878258
                   628.8                    -0.054490943
                   631.4                    -0.056321896
                     634                    -0.059832673
                   636.6                    -0.064631366
                   639.2                    -0.069771587
                   641.8                    -0.074381268
                   644.4                    -0.078139672
                     647                    -0.081373173
                   649.6                    -0.084807307
                   652.2                    -0.089151536
                   654.8                    -0.094714922
                   657.4                     -0.10126439
                     660                     -0.10821912
                   662.6                      -0.1150085
                   665.2                     -0.12135772
                   667.8                     -0.12737873
                   670.4                     -0.13347173
                     673                     -0.14009148
                   675.6                      -0.1474925
                   678.2                     -0.15557846
                   680.8                     -0.16393191
                   683.4                     -0.17198049
                     686                     -0.17923756
                   688.6                     -0.18552311
                   691.2                     -0.19105501
                   693.8                     -0.19629337
                   696.4                     -0.20160818
                     699                     -0.20698022
                   701.6                     -0.21195202
                   704.2                     -0.21587038
                   706.8                     -0.21830242
                   709.4                     -0.21934566
                     712                     -0.21958435
                   714.6                     -0.21972019
                   717.2                     -0.22016621
                   719.8                     -0.22087859
                   722.4                     -0.22150224
                     725                     -0.22169623
                   727.6                     -0.22142309
                   730.2                     -0.22100852
                   732.8                     -0.22096153
                   735.4                     -0.22171445
                     738                     -0.22345905
                   740.6                       -0.226138
                   743.2                     -0.22956227
                   745.8                     -0.23357606
                   748.4                     -0.23817179
                     751                     -0.24350732
                   753.6                     -0.24983792
                   756.2                     -0.25742149
                   758.8                     -0.26644236
                   761.4                     -0.27698409
                     764                     -0.28904411
                   766.6                     -0.30259294
                   769.2                     -0.31763925
                   771.8                     -0.33428001
                   774.4                     -0.35271607
                     777                     -0.37323296
                   779.6                     -0.39615686
                   782.2                     -0.42179799
                   784.8                     -0.45041424
                   787.4                     -0.48219761
                     790                     -0.51731481
                   792.6                     -0.55596032
                   795.2                     -0.59844005
                   797.8                     -0.64522127
                   800.4                     -0.69693998
                     803                     -0.75434309
                   805.6                     -0.81819014
                   808.2                     -0.88915577
                   810.8                     -0.96780682
                   813.4                      -1.0546695
                     816                      -1.1504076
                   818.6                      -1.2559958
                   821.2                      -1.3728112
                   823.8                      -1.5025516
                   826.4                      -1.6469857
                     829                       -1.807705
                   831.6                       -1.985994
                   834.2                      -2.1829785
                   836.8                      -2.4000042
                   839.4                      -2.6389632
                     842                      -2.9023995
                   844.6                      -3.1931237
                   847.2                      -3.5135171
                   849.8                      -3.8648533
                   852.4                      -4.2468973
                     855                      -4.6580645
                   857.6                      -5.0956899
                   860.2                      -5.5558223
                   862.8                       -6.032063
                   865.4                      -6.5133258
                     868                      -6.9815953
                   870.6                      -7.4110051
                   873.2                      -7.7700077
                   875.8                      -8.0269385
                   878.4                      -8.1574937
                     881                      -8.1507444
                   883.6                      -8.0112106
                   886.2                      -7.7564976
                   888.8                      -7.4124753
                   891.4                      -7.0078673
                     894                      -6.5697173
                   896.6                      -6.1205433
                   899.2                      -5.6770003
                   901.8                      -5.2500233
                   904.4                      -4.8458563
                     907                      -4.4673701
                   909.6                      -4.1153873
                   912.2                      -3.7896711
                   914.8                       -3.489554
                   917.4                      -3.2141837
                     920                      -2.9625052
                   922.6                      -2.7331861
                   925.2                      -2.5245641
                   927.8                      -2.3347564
                   930.4                      -2.1618747
                     933                      -2.0042345
                   935.6                      -1.8604942
                   938.2                      -1.7296295
                   940.8                      -1.6107815
                   943.4                      -1.5031018
                     946                      -1.4056327
                   948.6                      -1.3173364
                   951.2                      -1.2371881
                   953.8                      -1.1643025
                   956.4                      -1.0980066
                     959                      -1.0378224
                   961.6                     -0.98337989
                   964.2                     -0.93430563
                   966.8                     -0.89015646
                   969.4                     -0.85040974
                     972                     -0.81451933
                   974.6                     -0.78199746
                   977.2                     -0.75246612
                   979.8                     -0.72567185
                   982.4                     -0.70144507
                     985                     -0.67962319
                   987.6                     -0.65999162
                   990.2                     -0.64225899
                   992.8                     -0.62608931
                   995.4                     -0.61116812
                     998                     -0.59725834
                  1000.6                      -0.5842209
                  1003.2                     -0.57198266
                  1005.8                     -0.56047467
                  1008.4                     -0.54957992
                    1011                     -0.53911656
                  1013.6                     -0.52887052
                  1016.2                     -0.51864199
                  1018.8                     -0.50828342
                  1021.4                     -0.49770143
                    1024                     -0.48682836
                  1026.6                     -0.47558049
                  1029.2                      -0.4638269
                  1031.8                     -0.45138167
                  1034.4                     -0.43801009
                    1037                     -0.42343961
                  1039.6                     -0.40735459
                  1042.2                     -0.38937173
                  1044.8                     -0.36899507
                  1047.4                     -0.34554209
                    1050                     -0.31804175
                  1052.6                     -0.28508232
                  1055.2                     -0.24460536
                  1057.8                     -0.19373032
                  1060.4                     -0.12927752
                    1063                    -0.053842141
                  1065.6                    -0.028656991
                  1068.2                     -0.68722158
                  1070.8                      -2.9970383
                  1073.4                      -2.1259412
                    1076                      -1.4745994
                  1078.6                      -1.1684619
                  1081.2                     -0.99985015
                  1083.8                     -0.89425178
                  1086.4                      -0.8218465
                    1089                     -0.76887515
                  1091.6                     -0.72826103
                  1094.2                     -0.69603593
                  1096.8                     -0.66978876
                  1099.4                     -0.64793409
                    1102                     -0.62935917
                  1104.6                     -0.61326477
                  1107.2                     -0.59909067
                  1109.8                     -0.58646925
                  1112.4                     -0.57516877
                    1115                     -0.56503346
                  1117.6                     -0.55592754
                  1120.2                     -0.54770875
                  1122.8                     -0.54022513
                  1125.4                     -0.53333845
                    1128                     -0.52694814
                  1130.6                     -0.52100258
                  1133.2                     -0.51548937
                  1135.8                     -0.51041156
                  1138.4                     -0.50576112
                    1141                     -0.50150738
                  1143.6                     -0.49759956
                  1146.2                     -0.49398212
                  1148.8                     -0.49061228
                  1151.4                     -0.48747136
                    1154                     -0.48456291
                  1156.6                     -0.48190255
                  1159.2                     -0.47950475
                  1161.8                     -0.47737543
                  1164.4                     -0.47550632
                    1167                     -0.47387979
                  1169.6                     -0.47247614
                  1172.2                     -0.47128453
                  1174.8                     -0.47031087
                  1177.4                     -0.46958416
                    1180                     -0.46915739
                  1182.6                     -0.46909875
                  1185.2                     -0.46947675
                  1187.8                     -0.47034174
                  1190.4                      -0.4717035
                    1193                     -0.47351353
                  1195.6                     -0.47564936
                  1198.2                     -0.47790867
                  1200.8                     -0.48003276
                  1203.4                     -0.48177446
                    1206                     -0.48299287
                  1208.6                     -0.48371669
                  1211.2                     -0.48412421
                  1213.8                      -0.4844536
                  1216.4                     -0.48491007
                    1219                     -0.48562665
                  1221.6                     -0.48667047
                  1224.2                     -0.48807347
                  1226.8                     -0.48985791
                  1229.4                     -0.49204758
                    1232                     -0.49466341
                  1234.6                     -0.49772071
                  1237.2                     -0.50122758
                  1239.8                     -0.50519924
                  1242.4                     -0.50967545
                    1245                     -0.51473421
                  1247.6                      -0.5204923
                  1250.2                     -0.52709288
                  1252.8                     -0.53468625
                  1255.4                     -0.54341713
                    1258                     -0.55343049
                  1260.6                      -0.5649017
                  1263.2                      -0.5780697
                  1265.8                     -0.59325977
                  1268.4                     -0.61087217
                    1271                     -0.63131548
                  1273.6                     -0.65488136
                  1276.2                     -0.68156832
                  1278.8                     -0.71088033
                  1281.4                     -0.74164053
                    1284                     -0.77188755
                  1286.6                     -0.79899834
                  1289.2                     -0.82012237
                  1291.8                     -0.83291763
                  1294.4                     -0.83631787
                    1297                     -0.83092775
                  1299.6                     -0.81878365
                  1302.2                     -0.80260927
                  1304.8                     -0.78500492
                  1307.4                     -0.76792037
                    1310                     -0.75251158
                  1312.6                     -0.73926326
                  1315.2                     -0.72823488
                  1317.8                     -0.71929289
                  1320.4                     -0.71225208
                    1323                     -0.70694985
                  1325.6                     -0.70324776
                  1328.2                     -0.70101169
                  1330.8                     -0.70008986
                  1333.4                     -0.70031313
                    1336                     -0.70151615
                  1338.6                     -0.70355731
                  1341.2                     -0.70633703
                  1343.8                     -0.70979629
                  1346.4                      -0.7139029
                    1349                      -0.7186327
                  1351.6                       -0.723957
                  1354.2                     -0.72983976
                  1356.8                     -0.73624594
                  1359.4                     -0.74314932
                    1362                     -0.75053824
                  1364.6                      -0.7584123
                  1367.2                     -0.76677806
                  1369.8                     -0.77564082
                  1372.4                     -0.78500758
                    1375                     -0.79489322
                  1377.6                     -0.80532579
                  1380.2                      -0.8163486
                  1382.8                     -0.82801497
                  1385.4                     -0.84037758
                    1388                     -0.85348097
                  1390.6                     -0.86736779
                  1393.2                     -0.88209227
                  1395.8                     -0.89774378
                  1398.4                     -0.91446207
                    1401                     -0.93243741
                  1403.6                     -0.95189168
                  1406.2                     -0.97305966
                  1408.8                     -0.99616891
                  1411.4                      -1.0214478
                    1414                      -1.0491581
                  1416.6                      -1.0796401
                  1419.2                      -1.1133264
                  1421.8                      -1.1506814
                  1424.4                      -1.1920568
                    1427                      -1.2374279
                  1429.6                      -1.2860396
                  1432.2                      -1.3360631
                  1434.8                      -1.3844138
                  1437.4                      -1.4269743
                    1440                        -1.45938
                  1442.6                      -1.4783074
                  1445.2                       -1.482709
                  1447.8                      -1.4742828
                  1450.4                      -1.4568557
                    1453                      -1.4350693
                  1455.6                      -1.4131061
                  1458.2                      -1.3939341
                  1460.8                      -1.3791693
                  1463.4                      -1.3693122
                    1466                      -1.3641408
                  1468.6                      -1.3630839
                  1471.2                      -1.3655177
                  1473.8                      -1.3709345
                  1476.4                      -1.3789843
                    1479                      -1.3894383
                  1481.6                      -1.4021079
                  1484.2                      -1.4167802
                  1486.8                      -1.4331969
                  1489.4                      -1.4510809
                    1492                       -1.470188
                  1494.6                      -1.4903597
                  1497.2                      -1.5115393
                  1499.8                       -1.533748
                  1502.4                      -1.5570302
                    1505                      -1.5814011
                  1507.6                      -1.6068119
                  1510.2                      -1.6331662
                  1512.8                      -1.6603525
                  1515.4                      -1.6882973
                    1518                      -1.7169893
                  1520.6                      -1.7464847
                  1523.2                        -1.77687
                  1525.8                      -1.8082122
                  1528.4                      -1.8405293
                    1531                      -1.8737835
                  1533.6                      -1.9079047
                  1536.2                      -1.9428333
                  1538.8                      -1.9785559
                  1541.4                      -2.0151195
                    1544                      -2.0526096
                  1546.6                      -2.0911136
                  1549.2                      -2.1306837
                  1551.8                      -2.1713194
                  1554.4                      -2.2129799
                    1557                      -2.2556119
                  1559.6                      -2.2991901
                  1562.2                      -2.3437415
                  1564.8                      -2.3893416
                  1567.4                      -2.4360879
                    1570                      -2.4840565
                  1572.6                      -2.5332852
                  1575.2                      -2.5837618
                  1577.8                      -2.6354417
                  1580.4                      -2.6882886
                    1583                      -2.7423094
                  1585.6                      -2.7975626
                  1588.2                      -2.8541477
                  1590.8                      -2.9121674
                  1593.4                      -2.9716996
                    1596                      -3.0327626
                  1598.6                      -3.0953286
                  1601.2                      -3.1593561
                  1603.8                      -3.2248281
                  1606.4                      -3.2917878
                    1609                      -3.3603355
                  1611.6                      -3.4305955
                  1614.2                      -3.5026873
                  1616.8                      -3.5766732
                  1619.4                       -3.652551
                    1622                      -3.7302729
                  1624.6                      -3.8098127
                  1627.2                      -3.8911945
                  1629.8                      -3.9745142
                  1632.4                       -4.059924
                    1635                      -4.1475881
                  1637.6                      -4.2376149
                  1640.2                      -4.3300392
                  1642.8                      -4.4248306
                  1645.4                      -4.5219526
                    1648                      -4.6214135
                  1650.6                      -4.7233099
                  1653.2                      -4.8278178
                  1655.8                      -4.9351418
                  1658.4                      -5.0454549
                    1661                      -5.1588474
                  1663.6                      -5.2753134
                  1666.2                       -5.394823
                  1668.8                      -5.5173809
                  1671.4                      -5.6430734
                    1674                      -5.7720905
                  1676.6                      -5.9046931
                  1679.2                      -6.0411249
                  1681.8                      -6.1815418
                  1684.4                      -6.3259988
                    1687                       -6.474489
                  1689.6                      -6.6270036
                  1692.2                      -6.7836215
                  1694.8                      -6.9445395
                  1697.4                      -7.1100749
                    1700                       -7.280549
                  1702.6                      -7.4562189
                  1705.2                      -7.6372291
                  1707.8                      -7.8235896
                  1710.4                      -8.0153054
                    1713                      -8.2124366
                  1715.6                      -8.4151655
                  1718.2                      -8.6238547
                  1720.8                      -8.8389415
                  1723.4                      -9.0608036
                    1726                      -9.2896682
                  1728.6                      -9.5256195
                  1731.2                      -9.7686378
                  1733.8                      -10.018702
                  1736.4                      -10.275955
                    1739                      -10.540762
                  1741.6                      -10.813587
                  1744.2                      -11.094867
                  1746.8                      -11.384833
                  1749.4                       -11.68342
                    1752                       -11.99026
                  1754.6                      -12.304849
                  1757.2                      -12.626684
                  1759.8                      -12.955319
                  1762.4                      -13.290288
                    1765                      -13.630718
                  1767.6                      -13.974928
                  1770.2                      -14.320164
                  1772.8                      -14.662384
                  1775.4                      -14.996319
                    1778                      -15.315695
                  1780.6                        -15.6135
                  1783.2                       -15.88209
                  1785.8                      -16.113335
                  1788.4                      -16.299241
                    1791                      -16.433078
                  1793.6                        -16.5112
                  1796.2                      -16.534864
                  1798.8                      -16.511104
                  1801.4                      -16.452046
                    1804                      -16.372765
                  1806.6                       -16.28852
                  1809.2                      -16.212396
                  1811.8                      -16.153866
                  1814.4                      -16.118344
                    1817                      -16.107592
                  1819.6                      -16.120419
                  1822.2                      -16.153476
                  1824.8                      -16.202103
                  1827.4                      -16.261001
                    1830                      -16.324732
                  1832.6                      -16.388123
                  1835.2                      -16.446599
                  1837.8                      -16.496443
                  1840.4                      -16.534869
                    1843                      -16.560089
                  1845.6                      -16.571151
                  1848.2                      -16.567767
                  1850.8                      -16.550042
                  1853.4                      -16.518263
                    1856                      -16.472841
                  1858.6                      -16.414309
                  1861.2                      -16.343393
                  1863.8                      -16.261049
                  1866.4                      -16.168416
                    1869                      -16.066756
                  1871.6                      -15.957302
                  1874.2                      -15.841056
                  1876.8                      -15.718794
                  1879.4                      -15.591112
                    1882                      -15.458531
                  1884.6                      -15.321552
                  1887.2                      -15.180748
                  1889.8                       -15.03683
                  1892.4                       -14.89048
                    1895                       -14.74226
                  1897.6                      -14.592612
                  1900.2                      -14.441794
                  1902.8                      -14.289961
                  1905.4                      -14.137215
                    1908                       -13.98375
                  1910.6                      -13.829852
                  1913.2                      -13.675889
                  1915.8                      -13.522254
                  1918.4                      -13.369246
                    1921                      -13.217062
                  1923.6                      -13.065802
                  1926.2                      -12.915461
                  1928.8                      -12.766054
                  1931.4                      -12.617664
                    1934                      -12.470495
                  1936.6                      -12.324782
                  1939.2                      -12.180771
                  1941.8                      -12.038671
                  1944.4                      -11.898563
                    1947                      -11.760423
                  1949.6                      -11.624199
                  1952.2                      -11.489843
                  1954.8                        -11.3574
                  1957.4                      -11.226976
                    1960                      -11.098756
                  1962.6                      -10.972906
                  1965.2                      -10.849516
                  1967.8                      -10.728592
                  1970.4                      -10.610036
                    1973                      -10.493737
                  1975.6                       -10.37964
                  1978.2                      -10.267751
                  1980.8                       -10.15816
                  1983.4                      -10.051004
                    1986                      -9.9463879
                  1988.6                      -9.8443384
                  1991.2                      -9.7447755
                  1993.8                      -9.6475869
                  1996.4                      -9.5526466
                    1999                      -9.4598971
                  2001.6                      -9.3693659
                  2004.2                      -9.2811458
                  2006.8                      -9.1953518
                  2009.4                       -9.112028
                    2012                      -9.0311543
                  2014.6                      -8.9526256
                  2017.2                      -8.8763072
                  2019.8                      -8.8020969
                  2022.4                      -8.7299712
                    2025                      -8.6599791
                  2027.6                      -8.5922161
                  2030.2                      -8.5267617
                  2032.8                      -8.4636248
                  2035.4                      -8.4027369
                    2038                      -8.3439734
                  2040.6                       -8.287202
                  2043.2                      -8.2323444
                  2045.8                      -8.1793937
                  2048.4                      -8.1284078
                    2051                      -8.0794627
                  2053.6                      -8.0325929
                  2056.2                      -7.9877577
                  2058.8                      -7.9448284
                  2061.4                      -7.9036497
                    2064                      -7.8640758
                  2066.6                      -7.8260292
                  2069.2                      -7.7894917
                  2071.8                      -7.7545205
                  2074.4                      -7.7211493
                    2077                      -7.6893337
                  2079.6                       -7.658948
                  2082.2                      -7.6298016
                  2084.8                      -7.6016847
                  2087.4                      -7.5744361
                    2090                      -7.5479878
                  2092.6                      -7.5223467
                  2095.2                      -7.4975439
                  2097.8                      -7.4735511
                  2100.4                      -7.4502516
                    2103                      -7.4274599
                  2105.6                      -7.4049382
                  2108.2                      -7.3825164
                  2110.8                      -7.3600889
                  2113.4                      -7.3376688
                    2116                      -7.3153155
                  2118.6                      -7.2930672
                  2121.2                      -7.2708639
                  2123.8                      -7.2485831
                  2126.4                      -7.2260518
                    2129                      -7.2031248
                  2131.6                      -7.1797292
                  2134.2                      -7.1559236
                  2136.8                      -7.1318223
                  2139.4                      -7.1075319
                    2142                      -7.0830933
                  2144.6                      -7.0584853
                  2147.2                      -7.0335949
                  2149.8                      -7.0083305
                  2152.4                      -6.9826631
                    2155                      -6.9566588
                  2157.6                      -6.9304471
                  2160.2                      -6.9042022
                  2162.8                      -6.8780265
                  2165.4                      -6.8519623
                    2168                      -6.8259595
                  2170.6                      -6.7999426
                  2173.2                      -6.7738879
                  2175.8                      -6.7478374
                  2178.4                      -6.7219227
                    2181                      -6.6963106
                  2183.6                      -6.6711596
                  2186.2                       -6.646546
                  2188.8                       -6.622479
                  2191.4                      -6.5989133
                    2194                      -6.5758091
                  2196.6                      -6.5531933
                  2199.2                      -6.5311874
                  2201.8                      -6.5099903
                  2204.4                      -6.4898168
                    2207                      -6.4708385
                  2209.6                      -6.4531602
                  2212.2                      -6.4368232
                  2214.8                      -6.4218593
                  2217.4                      -6.4083691
                    2220                      -6.3965743
                  2222.6                      -6.3868094
                  2225.2                      -6.3794962
                  2227.8                      -6.3750567
                  2230.4                      -6.3738531
                    2233                      -6.3761962
                  2235.6                      -6.3823462
                  2238.2                       -6.392574
                  2240.8                      -6.4072099
                  2243.4                       -6.426567
                    2246                      -6.4508262
                  2248.6                      -6.4798194
                  2251.2                       -6.512776
                  2253.8                      -6.5481967
                  2256.4                      -6.5838312
                    2259                      -6.6168763
                  2261.6                      -6.6443568
                  2264.2                       -6.663608
                  2266.8                      -6.6727139
                  2269.4                      -6.6708296
                    2272                      -6.6582191
                  2274.6                      -6.6361175
                  2277.2                      -6.6063908
                  2279.8                      -6.5712047
                  2282.4                      -6.5326925
                    2285                      -6.4927676
                  2287.6                      -6.4529543
                  2290.2                      -6.4143724
                  2292.8                      -6.3777426
                  2295.4                      -6.3434433
                    2298                      -6.3116004
                  2300.6                      -6.2822037
                  2303.2                      -6.2551694
                  2305.8                      -6.2304363
                  2308.4                      -6.2079695
                    2311                      -6.1877445
                  2313.6                      -6.1697187
                  2316.2                      -6.1537915
                  2318.8                      -6.1398103
                  2321.4                      -6.1275954
                    2324                      -6.1169764
                  2326.6                      -6.1078463
                  2329.2                      -6.1001755
                  2331.8                      -6.0939971
                  2334.4                      -6.0893642
                    2337                      -6.0863081
                  2339.6                       -6.084809
                  2342.2                      -6.0848043
                  2344.8                      -6.0862183
                  2347.4                      -6.0890011
                    2350                      -6.0931907
                  2352.6                      -6.0989006
                  2355.2                      -6.1062958
                  2357.8                      -6.1155634
                  2360.4                      -6.1268506
                    2363                      -6.1402499
                  2365.6                      -6.1558319
                  2368.2                      -6.1736687
                  2370.8                      -6.1939045
                  2373.4                      -6.2167637
                    2376                      -6.2425671
                  2378.6                      -6.2716473
                  2381.2                      -6.3042825
                  2383.8                      -6.3406365
                  2386.4                      -6.3807027
                    2389                      -6.4242993
                  2391.6                      -6.4710922
                  2394.2                      -6.5206032
                  2396.8                      -6.5721597
                  2399.4                      -6.6248959
                    2402                      -6.6776842
                  2404.6                      -6.7291484
                  2407.2                      -6.7778271
                  2409.8                       -6.822287
                  2412.4                      -6.8614314
                    2415                      -6.8946666
                  2417.6                      -6.9219755
                  2420.2                      -6.9439043
                  2422.8                       -6.961333
                  2425.4                      -6.9752884
                    2428                      -6.9867252
                  2430.6                      -6.9964703
                  2433.2                      -7.0051943
                  2435.8                      -7.0134987
                  2438.4                      -7.0219766
                    2441                      -7.0312213
                  2443.6                      -7.0417619
                  2446.2                      -7.0539888
                  2448.8                      -7.0680867
                  2451.4                      -7.0840328
                    2454                        -7.10169
                  2456.6                      -7.1209159
                  2459.2                      -7.1416701
                  2461.8                      -7.1640542
                  2464.4                      -7.1882587
                    2467                      -7.2144521
                  2469.6                      -7.2426968
                  2472.2                      -7.2729018
                  2474.8                      -7.3048382
                  2477.4                      -7.3382814
                    2480                      -7.3731122
                  2482.6                      -7.4093697
                  2485.2                      -7.4472363
                  2487.8                      -7.4869603
                  2490.4                      -7.5287056
                    2493                      -7.5724792
                  2495.6                      -7.6181381
                  2498.2                      -7.6654715
                  2500.8                      -7.7143076
                  2503.4                      -7.7646588
                    2506                      -7.8167248
                  2508.6                      -7.8708385
                  2511.2                       -7.927327
                  2513.8                      -7.9863669
                  2516.4                       -8.047947
                    2519                      -8.1119085
                  2521.6                      -8.1780721
                  2524.2                      -8.2464359
                  2526.8                      -8.3172265
                  2529.4                      -8.3909103
                    2532                      -8.4680376
                  2534.6                      -8.5490684
                  2537.2                      -8.6342041
                  2539.8                      -8.7234306
                  2542.4                      -8.8166321
                    2545                      -8.9137857
                  2547.6                      -9.0151773
                  2550.2                      -9.1213669
                  2552.8                      -9.2331111
                  2555.4                      -9.3510374
                    2558                      -9.4754253
                  2560.6                      -9.6060894
                  2563.2                       -9.742495
                  2565.8                      -9.8839303
                  2568.4                       -10.02977
                    2571                      -10.179579
                  2573.6                      -10.332957
                  2576.2                      -10.489254
                  2578.8                       -10.64728
                  2581.4                      -10.805257
                    2584                      -10.960954
                  2586.6                      -11.112166
                  2589.2                      -11.257244
                  2591.8                      -11.395385
                  2594.4                      -11.526692
                    2597                      -11.651764
                  2599.6                       -11.77134
                  2602.2                      -11.885935
                  2604.8                      -11.995794
                  2607.4                      -12.101141
                    2610                      -12.202487
                  2612.6                      -12.300881
                  2615.2                      -12.397813
                  2617.8                      -12.494877
                  2620.4                      -12.593402
                    2623                      -12.693965
                  2625.6                      -12.796493
                  2628.2                      -12.900404
                  2630.8                      -13.005081
                  2633.4                      -13.110288
                    2636                      -13.216259
                  2638.6                      -13.323613
                  2641.2                      -13.432917
                  2643.8                      -13.544246
                  2646.4                      -13.656962
                    2649                      -13.769775
                  2651.6                      -13.881041
                  2654.2                      -13.989243
                  2656.8                      -14.093268
                  2659.4                       -14.19249
                    2662                      -14.286439
                  2664.6                      -14.374376
                  2667.2                       -14.45486
                  2669.8                      -14.525497
                  2672.4                      -14.583332
                    2675                      -14.625246
                  2677.6                      -14.648746
                  2680.2                      -14.652395
                  2682.8                      -14.635954
                  2685.4                      -14.599943
                    2688                      -14.545244
                  2690.6                      -14.472512
                  2693.2                      -14.382071
                  2695.8                      -14.274061
                  2698.4                      -14.149007
                    2701                       -14.00826
                  2703.6                      -13.853912
                  2706.2                      -13.688662
                  2708.8                      -13.515121
                  2711.4                      -13.335223
                    2714                      -13.149997
                  2716.6                      -12.959662
                  2719.2                      -12.764033
                  2721.8                      -12.563321
                  2724.4                      -12.358354
                    2727                      -12.150678
                  2729.6                      -11.942235
                  2732.2                      -11.734655
                  2734.8                      -11.529007
                  2737.4                      -11.325615
                    2740                      -11.124241
                  2742.6                      -10.924774
                  2745.2                      -10.727619
                  2747.8                      -10.533815
                  2750.4                       -10.34506
                    2753                      -10.163151
                  2755.6                      -9.9895464
                  2758.2                      -9.8251258
                  2760.8                      -9.6701544
                  2763.4                      -9.5246122
                    2766                      -9.3885195
                  2768.6                       -9.262153
                  2771.2                      -9.1459642
                  2773.8                      -9.0402253
                  2776.4                      -8.9445325
                    2779                       -8.857475
                  2781.6                      -8.7764042
                  2784.2                      -8.6977994
                  2786.8                       -8.617788
                  2789.4                      -8.5327394
                    2792                      -8.4398926
                  2794.6                      -8.3375947
                  2797.2                      -8.2252923
                  2799.8                      -8.1030997
                  2802.4                      -7.9716909
                    2805                      -7.8317941
                  2807.6                      -7.6843525
                  2810.2                      -7.5305058
                  2812.8                      -7.3717875
                  2815.4                      -7.2100808
                    2818                      -7.0474643
                  2820.6                      -6.8857814
                  2823.2                      -6.7263527
                  2825.8                      -6.5698237
                  2828.4                      -6.4161991
                    2831                      -6.2652383
                  2833.6                      -6.1168795
                  2836.2                      -5.9713341
                  2838.8                      -5.8293183
                  2841.4                      -5.6915956
                    2844                      -5.5586686
                  2846.6                      -5.4305956
                  2849.2                      -5.3069513
                  2851.8                      -5.1869469
                  2854.4                      -5.0700313
                    2857                      -4.9560167
                  2859.6                      -4.8452382
                  2862.2                      -4.7383272
                  2864.8                      -4.6357589
                  2867.4                      -4.5376416
                    2870                      -4.4435659
                  2872.6                       -4.352747
                  2875.2                      -4.2643978
                  2877.8                      -4.1780785
                  2880.4                      -4.0937803
                    2883                      -4.0118525
                  2885.6                      -3.9326084
                  2888.2                       -3.856026
                  2890.8                      -3.7816356
                  2893.4                      -3.7085465
                    2896                      -3.6358647
                  2898.6                      -3.5630282
                  2901.2                      -3.4900242
                  2903.8                      -3.4173384
                  2906.4                      -3.3456481
                    2909                      -3.2754822
                  2911.6                      -3.2069443
                  2914.2                      -3.1397108
                  2916.8                      -3.0733224
                  2919.4                      -3.0074303
                    2922                      -2.9421246
                  2924.6                      -2.8778906
                  2927.2                      -2.8153767
                  2929.8                      -2.7551068
                  2932.4                       -2.697193
                    2935                      -2.6412999
                  2937.6                      -2.5868394
                  2940.2                      -2.5332841
                  2942.8                      -2.4804447
                  2945.4                      -2.4285609
                    2948                       -2.378128
                  2950.6                      -2.3296354
                  2953.2                      -2.2832686
                  2955.8                      -2.2387791
                  2958.4                      -2.1956353
                    2961                        -2.15327
                  2963.6                      -2.1113797
                  2966.2                      -2.0700666
                  2968.8                      -2.0297683
                  2971.4                      -1.9909956
                    2974                      -1.9540479
                  2976.6                      -1.9188319
                  2979.2                      -1.8849038
                  2981.8                      -1.8517128
                  2984.4                      -1.8188683
                    2987                       -1.786362
                  2989.6                      -1.7545434
                  2992.2                      -1.7239119
                  2994.8                       -1.694832
                  2997.4                      -1.6673026
                    3000                      -1.6409443
