        Frequency / GHz                System Tot. Efficiency [AC2]/abs,linear
----------------------------------------------------------------------
                    0.69                    0.0096042242
                    0.78                     0.035577151
                    0.87                      0.34415594
                    0.96                      0.10290968
                     1.7                     0.095445818
                     1.8                      0.14525731
                     1.9                       0.1180324
                       2                      0.12868497
                     2.1                      0.14260929
                     2.2                      0.15060151
                     2.3                      0.15955646
                     2.4                      0.17824262
                     2.5                      0.21874507
                     2.6                      0.27885444
                     2.7                       0.3566887

