        Frequency / GHz                System Tot. Efficiency [AC1]/abs,dB
----------------------------------------------------------------------
                    0.69                      -7.3652234
                    0.78                     -0.54056609
                    0.87                      -1.2423227
                    0.96                      -3.2709087
                     1.7                      -4.6034078
                     1.8                      -2.9122224
                     1.9                      -1.5740446
                       2                     -0.72571481
                     2.1                     -0.68172807
                     2.2                         -0.6929
                     2.3                     -0.21025845
                     2.4                     -0.31337769
                     2.5                      -1.6842621
                     2.6                      -3.7064724
                     2.7                      -5.5200781

