        Frequency / GHz                System Tot. Efficiency [AC1]/abs,dB
----------------------------------------------------------------------
                    0.69                      -10.145489
                    0.78                      -21.913293
                    0.87                      -20.571011
                    0.96                      -18.738861
                     1.7                      -13.131745
                     1.8                      -10.729892
                     1.9                      -12.904498
                       2                      -13.026715
                     2.1                      -15.138018
                     2.2                      -16.792991
                     2.3                      -17.577547
                     2.4                      -19.075535
                     2.5                      -22.992227
                     2.6                      -23.693561
                     2.7                      -24.558354

