        Frequency / GHz                System Tot. Efficiency [AC1]/abs,dB
----------------------------------------------------------------------
                    0.69                      -15.098564
                    0.78                      -18.621366
                    0.87                      -19.151283
                    0.96                      -18.621364
                     1.7                      -13.182755
                     1.8                      -10.705843
                     1.9                      -13.144967
                       2                      -12.901822
                     2.1                      -14.761066
                     2.2                      -16.522775
                     2.3                      -17.573025
                     2.4                      -19.055867
                     2.5                      -23.051026
                     2.6                      -23.726746
                     2.7                      -24.568708

