        Frequency / GHz                System Tot. Efficiency [AC1]/abs,linear
----------------------------------------------------------------------
                    0.69                      0.13806864
                    0.78                      0.13485622
                    0.87                      0.12763268
                    0.96                     0.074003432
                     1.7                     0.033798402
                     1.8                     0.089069158
                     1.9                       0.2096911
                       2                      0.28066213
                     2.1                      0.26511584
                     2.2                      0.23413566
                     2.3                      0.22464639
                     2.4                      0.21794227
                     2.5                      0.21842872
                     2.6                      0.20118148
                     2.7                      0.16814644

