Frequency    S2,2_[1194]

                       0                 -8.6858896e-007
                  0.0035                 -6.5574268e-014
                   0.007                 -8.8428829e-013
                  0.0105                  -3.239176e-012
                   0.014                 -5.9875092e-012
                  0.0175                  -5.480273e-012
                   0.021                  5.7859648e-013
                  0.0245                  4.0540327e-012
                   0.028                 -2.6195956e-011
                  0.0315                 -1.5569356e-010
                   0.035                 -4.8743571e-010
                  0.0385                  -1.151758e-009
                   0.042                 -2.2829151e-009
                  0.0455                 -3.9828267e-009
                   0.049                 -6.2879744e-009
                  0.0525                 -9.1564957e-009
                   0.056                 -1.2480522e-008
                  0.0595                 -1.6149555e-008
                   0.063                 -2.0153705e-008
                  0.0665                 -2.4704427e-008
                    0.07                 -3.0367418e-008
                  0.0735                 -3.8122636e-008
                   0.077                 -4.9385375e-008
                  0.0805                 -6.5870749e-008
                   0.084                 -8.9378811e-008
                  0.0875                 -1.2151148e-007
                   0.091                 -1.6332179e-007
                  0.0945                 -2.1510574e-007
                   0.098                 -2.7625604e-007
                  0.1015                 -3.4548613e-007
                   0.105                 -4.2112945e-007
                  0.1085                 -5.0190663e-007
                   0.112                 -5.8760897e-007
                  0.1155                 -6.7994382e-007
                   0.119                 -7.8300848e-007
                  0.1225                 -9.0352708e-007
                   0.126                 -1.0504368e-006
                  0.1295                 -1.2339731e-006
                   0.133                 -1.4643142e-006
                  0.1365                 -1.7500117e-006
                    0.14                 -2.0962183e-006
                  0.1435                 -2.5039604e-006
                   0.147                 -2.9696541e-006
                  0.1505                 -3.4858228e-006
                   0.154                 -4.0434243e-006
                  0.1575                 -4.6340652e-006
                   0.161                 -5.2540527e-006
                  0.1645                 -5.9070085e-006
                   0.168                 -6.6062748e-006
                  0.1715                 -7.3761244e-006
                   0.175                 -8.2501239e-006
                  0.1785                 -9.2679115e-006
                   0.182                 -1.0470875e-005
                  0.1855                 -1.1895726e-005
                   0.189                 -1.3569185e-005
                  0.1925                 -1.5502624e-005
                   0.196                 -1.7692395e-005
                  0.1995                  -2.011906e-005
                   0.203                 -2.2754692e-005
                  0.2065                 -2.5569669e-005
                    0.21                 -2.8544837e-005
                  0.2135                 -3.1682744e-005
                   0.217                 -3.5014283e-005
                  0.2205                 -3.8605781e-005
                   0.224                 -4.2557988e-005
                  0.2275                  -4.699803e-005
                   0.231                 -5.2068409e-005
                  0.2345                 -5.7910506e-005
                   0.238                 -6.4644777e-005
                  0.2415                 -7.2360419e-005
                   0.245                 -8.1101025e-005
                  0.2485                 -9.0867523e-005
                   0.252                  -0.00010162636
                  0.2555                  -0.00011333254
                   0.259                  -0.00012595302
                  0.2625                   -0.0001395042
                   0.266                  -0.00015407605
                  0.2695                  -0.00016986046
                   0.273                  -0.00018715611
                  0.2765                  -0.00020636412
                    0.28                  -0.00022796469
                  0.2835                   -0.0002524786
                   0.287                   -0.0002804286
                  0.2905                   -0.0003122883
                   0.294                  -0.00034844553
                  0.2975                  -0.00038919747
                   0.301                  -0.00043474235
                  0.3045                  -0.00048522717
                   0.308                  -0.00054078586
                  0.3115                  -0.00060164672
                   0.315                  -0.00066818145
                  0.3185                  -0.00074099399
                   0.322                   -0.0008209495
                  0.3255                  -0.00090919086
                   0.329                   -0.0010070798
                  0.3325                   -0.0011161289
                   0.336                   -0.0012378401
                  0.3395                   -0.0013735898
                   0.343                   -0.0015244504
                  0.3465                   -0.0016910851
                    0.35                    -0.001873653
                  0.3535                   -0.0020718239
                   0.357                   -0.0022848324
                  0.3605                   -0.0025116339
                   0.364                   -0.0027510814
                  0.3675                   -0.0030021832
                   0.371                   -0.0032642524
                  0.3745                   -0.0035371045
                   0.378                   -0.0038210714
                  0.3815                   -0.0041169777
                   0.385                   -0.0044259681
                  0.3885                   -0.0047492905
                   0.392                   -0.0050880294
                  0.3955                   -0.0054428453
                   0.399                   -0.0058138392
                  0.4025                   -0.0062004735
                   0.406                   -0.0066017625
                  0.4095                   -0.0070165178
                   0.413                     -0.00744383
                  0.4165                   -0.0078835217
                    0.42                   -0.0083367415
                  0.4235                   -0.0088062652
                   0.427                   -0.0092967223
                  0.4305                     -0.00981457
                   0.434                    -0.010367787
                  0.4375                    -0.010965252
                   0.441                    -0.011616011
                  0.4445                     -0.01232854
                   0.448                    -0.013109953
                  0.4515                    -0.013965579
                   0.455                    -0.014898795
                  0.4585                    -0.015911463
                   0.462                    -0.017004707
                  0.4655                    -0.018180184
                   0.469                     -0.01944161
                  0.4725                    -0.020796409
                   0.476                     -0.02225685
                  0.4795                    -0.023841263
                   0.483                    -0.025573925
                  0.4865                    -0.027484665
                    0.49                    -0.029607771
                  0.4935                    -0.031979906
                   0.497                     -0.03463823
                  0.5005                    -0.037618419
                   0.504                     -0.04095393
                  0.5075                    -0.044676002
                   0.511                    -0.048816275
                  0.5145                    -0.053410525
                   0.518                    -0.058506395
                  0.5215                    -0.064171983
                   0.525                    -0.070505866
                  0.5285                     -0.07764987
                   0.532                     -0.08580029
                  0.5355                    -0.095220682
                   0.539                     -0.10625576
                  0.5425                     -0.11934325
                   0.546                     -0.13503423
                  0.5495                     -0.15401657
                   0.553                     -0.17715183
                  0.5565                     -0.20553081
                    0.56                      -0.2405659
                  0.5635                     -0.28413859
                   0.567                     -0.33882959
                  0.5705                     -0.40828998
                   0.574                     -0.49785611
                  0.5775                     -0.61554193
                   0.581                     -0.77372188
                  0.5845                     -0.99207025
                   0.588                      -1.3028139
                  0.5915                      -1.7605084
                   0.595                      -2.4609156
                  0.5985                       -3.579183
                   0.602                      -5.4559155
                  0.6055                      -8.8512112
                   0.609                      -16.381226
                  0.6125                      -22.255656
                   0.616                      -11.098001
                  0.6195                      -7.0399568
                   0.623                      -4.8755215
                  0.6265                      -3.5720819
                    0.63                      -2.7302799
                  0.6335                      -2.1583264
                   0.637                      -1.7539591
                  0.6405                      -1.4588371
                   0.644                      -1.2378116
                  0.6475                      -1.0687215
                   0.651                     -0.93702456
                  0.6545                     -0.83280343
                   0.658                     -0.74908785
                  0.6615                     -0.68083796
                   0.665                     -0.62435658
                  0.6685                     -0.57688892
                   0.672                     -0.53637899
                  0.6755                     -0.50130344
                   0.679                     -0.47055088
                  0.6825                     -0.44332235
                   0.686                     -0.41905892
                  0.6895                     -0.39737041
                   0.693                     -0.37798403
                  0.6965                     -0.36069349
                     0.7                     -0.34532327
                  0.7035                     -0.33170212
                   0.707                     -0.31964437
                  0.7105                     -0.30895363
                   0.714                     -0.29941716
                  0.7175                     -0.29082089
                   0.721                     -0.28295993
                  0.7245                     -0.27565581
                   0.728                     -0.26876229
                  0.7315                     -0.26217954
                   0.735                     -0.25585274
                  0.7385                     -0.24977151
                   0.742                     -0.24396051
                  0.7455                     -0.23846672
                   0.749                      -0.2333449
                  0.7525                     -0.22864352
                   0.756                     -0.22439274
                  0.7595                     -0.22059641
                   0.763                     -0.21722867
                  0.7665                     -0.21423766
                    0.77                     -0.21155135
                  0.7735                     -0.20908719
                   0.777                     -0.20676545
                  0.7805                     -0.20451801
                   0.784                     -0.20230007
                  0.7875                     -0.20009261
                   0.791                     -0.19790745
                  0.7945                     -0.19578036
                   0.798                     -0.19376587
                  0.8015                     -0.19192562
                   0.805                     -0.19031834
                  0.8085                     -0.18898886
                   0.812                     -0.18796127
                  0.8155                     -0.18723373
                   0.819                     -0.18677951
                  0.8225                     -0.18655023
                   0.826                     -0.18648512
                  0.8295                      -0.1865186
                   0.833                     -0.18659285
                  0.8365                     -0.18666584
                    0.84                      -0.1867196
                  0.8435                     -0.18676218
                   0.847                     -0.18682879
                  0.8505                     -0.18697444
                   0.854                      -0.1872682
                  0.8575                      -0.1877805
                   0.861                     -0.18857497
                  0.8645                     -0.18969849
                   0.868                     -0.19117484
                  0.8715                     -0.19300307
                   0.875                     -0.19515923
                  0.8785                     -0.19760256
                   0.882                     -0.20028408
                  0.8855                     -0.20315851
                   0.889                     -0.20619638
                  0.8925                     -0.20939281
                   0.896                     -0.21277659
                  0.8995                     -0.21641235
                   0.903                     -0.22040181
                  0.9065                     -0.22487601
                    0.91                     -0.22998965
                  0.9135                     -0.23591015
                   0.917                     -0.24280942
                  0.9205                     -0.25085587
                   0.924                     -0.26021188
                  0.9275                     -0.27103646
                   0.931                     -0.28349317
                  0.9345                     -0.29776493
                   0.938                     -0.31407593
                  0.9415                     -0.33271967
                   0.945                     -0.35409409
                  0.9485                     -0.37873908
                   0.952                     -0.40738239
                  0.9555                     -0.44099504
                   0.959                     -0.48085462
                  0.9625                     -0.52862619
                   0.966                      -0.5864679
                  0.9695                     -0.65718729
                   0.973                     -0.74444792
                  0.9765                     -0.85307042
                    0.98                     -0.98945799
                  0.9835                      -1.1622371
                   0.987                       -1.383155
                  0.9905                      -1.6683882
                   0.994                      -2.0404113
                  0.9975                      -2.5307423
                   1.001                      -3.1837718
                  1.0045                      -4.0620444
                   1.008                      -5.2536383
                  1.0115                      -6.8811697
                   1.015                       -9.102803
                  1.0185                      -12.016308
                   1.022                      -14.852763
                  1.0255                      -14.641765
                   1.029                      -11.990443
                  1.0325                       -9.543954
                   1.036                      -7.7205626
                  1.0395                      -6.3836842
                   1.043                      -5.3895117
                  1.0465                      -4.6363867
                    1.05                      -4.0554483
                  1.0535                      -3.5997037
                   1.057                      -3.2364816
                  1.0605                      -2.9427543
                   1.064                      -2.7019543
                  1.0675                      -2.5020165
                   1.071                      -2.3340776
                  1.0745                      -2.1915623
                   1.078                      -2.0695591
                  1.0815                      -1.9643892
                   1.085                      -1.8732625
                  1.0885                      -1.7940657
                   1.092                      -1.7251505
                  1.0955                      -1.6651974
                   1.099                      -1.6131217
                  1.1025                      -1.5679838
                   1.106                      -1.5289438
                  1.1095                      -1.4952258
                   1.113                      -1.4661022
                  1.1165                      -1.4409004
                    1.12                      -1.4190049
                  1.1235                      -1.3998731
                   1.127                      -1.3830554
                  1.1305                      -1.3682051
                   1.134                      -1.3550856
                  1.1375                      -1.3435662
                   1.141                       -1.333607
                  1.1445                      -1.3252403
                   1.148                      -1.3185367
                  1.1515                      -1.3135738
                   1.155                      -1.3104072
                  1.1585                      -1.3090425
                   1.162                      -1.3094227
                  1.1655                      -1.3114197
                   1.169                      -1.3148445
                  1.1725                      -1.3194655
                   1.176                       -1.325035
                  1.1795                      -1.3313227
                   1.183                       -1.338149
                  1.1865                       -1.345409
                    1.19                      -1.3530902
                  1.1935                      -1.3612716
                   1.197                      -1.3701132
                  1.2005                      -1.3798281
                   1.204                      -1.3906444
                  1.2075                      -1.4027722
                   1.211                      -1.4163606
                  1.2145                      -1.4314728
                   1.218                      -1.4480712
                  1.2215                      -1.4660197
                   1.225                       -1.485101
                  1.2285                      -1.5050507
                   1.232                      -1.5256076
                  1.2355                       -1.546555
                   1.239                      -1.5677677
                  1.2425                      -1.5892446
                   1.246                      -1.6111114
                  1.2495                      -1.6336149
                   1.253                      -1.6570886
                  1.2565                      -1.6818997
                    1.26                       -1.708396
                  1.2635                      -1.7368433
                   1.267                      -1.7673843
                  1.2705                       -1.800006
                   1.274                      -1.8345438
                  1.2775                      -1.8706994
                   1.281                      -1.9080996
                  1.2845                      -1.9463621
                   1.288                      -1.9851762
                  1.2915                      -2.0243726
                   1.295                      -2.0639773
                  1.2985                      -2.1042292
                   1.302                      -2.1455577
                  1.3055                      -2.1885377
                   1.309                      -2.2337936
                  1.3125                      -2.2819201
                   1.316                      -2.3333702
                  1.3195                      -2.3883898
                   1.323                      -2.4469569
                  1.3265                       -2.508797
                    1.33                        -2.57341
                  1.3335                      -2.6401841
                   1.337                       -2.708504
                  1.3405                       -2.777902
                   1.344                      -2.8481867
                  1.3475                      -2.9195316
                   1.351                      -2.9924924
                  1.3545                      -3.0679756
                   1.358                      -3.1471056
                  1.3615                      -3.2311006
                   1.365                       -3.321073
                  1.3685                      -3.4178339
                   1.372                      -3.5217743
                  1.3755                      -3.6327956
                   1.379                      -3.7502909
                  1.3825                      -3.8732676
                   1.386                      -4.0005528
                  1.3895                      -4.1310668
                   1.393                      -4.2641436
                  1.3965                      -4.3997409
                     1.4                      -4.5386339
                  1.4035                       -4.682441
                   1.407                      -4.8334217
                  1.4105                      -4.9943054
                   1.414                      -5.1678036
                  1.4175                      -5.3563192
                   1.421                      -5.5614808
                  1.4245                      -5.7838578
                   1.428                      -6.0228107
                  1.4315                      -6.2765961
                   1.435                      -6.5426293
                  1.4385                      -6.8181933
                   1.442                      -7.1011383
                  1.4455                      -7.3907625
                   1.449                        -7.68847
                  1.4525                      -7.9979571
                   1.456                      -8.3252151
                  1.4595                      -8.6776969
                   1.463                      -9.0633799
                  1.4665                      -9.4894026
                    1.47                      -9.9603347
                  1.4735                      -10.476388
                   1.477                      -11.031386
                  1.4805                      -11.611128
                   1.484                      -12.192698
                  1.4875                      -12.746134
                   1.491                      -13.238829
                  1.4945                      -13.642685
                   1.498                      -13.940289
                  1.5015                      -14.126514
                   1.505                      -14.203391
                  1.5085                      -14.171677
                   1.512                      -14.024424
                  1.5155                      -13.747797
                   1.519                      -13.330022
                  1.5225                      -12.773778
                   1.526                      -12.103387
                  1.5295                      -11.360723
                   1.533                      -10.593397
                  1.5365                      -9.8436083
                    1.54                      -9.1417613
                  1.5435                      -8.5060906
                   1.547                       -7.944863
                  1.5505                      -7.4594787
                   1.554                       -7.047494
                  1.5575                      -6.7046519
                   1.561                      -6.4264124
                  1.5645                       -6.209025
                   1.568                      -6.0500715
                  1.5715                      -5.9490306
                   1.575                      -5.9076197
                  1.5785                       -5.930211
                   1.582                      -6.0243086
                  1.5855                      -6.2010152
                   1.589                      -6.4755155
                  1.5925                      -6.8673478
                   1.596                      -7.4004813
                  1.5995                      -8.1026437
                   1.603                      -9.0041412
                  1.6065                      -10.135935
                    1.61                      -11.525668
                  1.6135                      -13.188924
                   1.617                      -15.099321
                  1.6205                      -17.090544
                   1.624                       -18.64905
                  1.6275                      -18.977669
                   1.631                      -17.984539
                  1.6345                       -16.41161
                   1.638                      -14.806016
                  1.6415                      -13.348371
                   1.645                      -12.067836
                  1.6485                      -10.953414
                   1.652                      -9.9873045
                  1.6555                      -9.1527868
                   1.659                      -8.4348328
                  1.6625                      -7.8192091
                   1.666                        -7.29228
                  1.6695                      -6.8408198
                   1.673                       -6.452359
                  1.6765                      -6.1154011
                    1.68                      -5.8197361
                  1.6835                      -5.5567402
                   1.687                      -5.3195116
                  1.6905                      -5.1028918
                   1.694                      -4.9034145
                  1.6975                      -4.7190779
                   1.701                      -4.5490078
                  1.7045                      -4.3931688
                   1.708                      -4.2518302
                  1.7115                      -4.1253814
                   1.715                      -4.0139839
                  1.7185                       -3.917473
                   1.722                      -3.8353279
                  1.7255                       -3.766662
                   1.729                      -3.7103339
                  1.7325                      -3.6650201
                   1.736                       -3.629341
                  1.7395                      -3.6019553
                   1.743                      -3.5816566
                  1.7465                       -3.567474
                    1.75                      -3.5586942
                  1.7535                      -3.5549252
                   1.757                      -3.5560711
                  1.7605                      -3.5623125
                   1.764                      -3.5740428
                  1.7675                      -3.5917929
                   1.771                      -3.6161527
                  1.7745                      -3.6476902
                   1.778                      -3.6868742
                  1.7815                      -3.7340344
                   1.785                      -3.7893116
                  1.7885                       -3.852636
                   1.792                      -3.9237609
                  1.7955                      -4.0022647
                   1.799                      -4.0876413
                  1.8025                      -4.1793611
                   1.806                      -4.2769731
                  1.8095                      -4.3802353
                   1.813                      -4.4891792
                  1.8165                      -4.6041676
                    1.82                      -4.7259407
                  1.8235                      -4.8555334
                   1.827                       -4.994239
                  1.8305                      -5.1434454
                   1.834                       -5.304491
                  1.8375                      -5.4785626
                   1.841                      -5.6665054
                  1.8445                      -5.8687331
                   1.848                      -6.0852318
                  1.8515                      -6.3155643
                   1.855                      -6.5589917
                  1.8585                      -6.8147493
                   1.862                      -7.0822165
                  1.8655                      -7.3613167
                   1.869                      -7.6527104
                  1.8725                       -7.957869
                   1.876                      -8.2790968
                  1.8795                       -8.619243
                   1.883                      -8.9814343
                  1.8865                      -9.3683981
                    1.89                      -9.7819121
                  1.8935                      -10.222254
                   1.897                       -10.68748
                  1.9005                      -11.172825
                   1.904                      -11.670764
                  1.9075                      -12.170783
                   1.911                      -12.660281
                  1.9145                      -13.125326
                   1.918                      -13.551876
                  1.9215                      -13.926702
                   1.925                       -14.23747
                  1.9285                      -14.472305
                   1.932                      -14.619432
                  1.9355                      -14.667375
                   1.939                      -14.606998
                  1.9425                       -14.43462
                   1.946                      -14.155097
                  1.9495                      -13.782759
                   1.953                      -13.339361
                  1.9565                      -12.849973
                    1.96                      -12.338687
                  1.9635                      -11.825283
                   1.967                      -11.324033
                  1.9705                      -10.843532
                   1.974                      -10.387509
                  1.9775                        -9.95625
                   1.981                      -9.5475921
                  1.9845                      -9.1584617
                   1.988                      -8.7855613
                  1.9915                      -8.4263361
                   1.995                      -8.0793527
                  1.9985                       -7.744276
                   2.002                      -7.4219176
                  2.0055                      -7.1136251
                   2.009                      -6.8208216
                  2.0125                      -6.5448151
                   2.016                      -6.2861681
                  2.0195                      -6.0446214
                   2.023                      -5.8191666
                  2.0265                       -5.608166
                    2.03                      -5.4095331
                  2.0335                      -5.2210928
                   2.037                      -5.0408632
                  2.0405                      -4.8672447
                   2.044                      -4.6992375
                  2.0475                       -4.536468
                   2.051                      -4.3791433
                  2.0545                      -4.2277819
                   2.058                      -4.0831944
                  2.0615                      -3.9460573
                   2.065                      -3.8168081
                  2.0685                      -3.6955471
                   2.072                      -3.5819068
                  2.0755                       -3.475177
                   2.079                      -3.3743795
                  2.0825                      -3.2783865
                   2.086                      -3.1861221
                  2.0895                      -3.0966895
                   2.093                       -3.009467
                  2.0965                      -2.9241997
                     2.1                      -2.8409704
                  2.1035                      -2.7601217
                   2.107                      -2.6821565
                  2.1105                      -2.6075962
                   2.114                      -2.5368606
                  2.1175                      -2.4701769
                   2.121                      -2.4074977
                  2.1245                      -2.3485514
                   2.128                      -2.2928319
                  2.1315                       -2.239716
                   2.135                      -2.1885475
                  2.1385                      -2.1387355
                   2.142                      -2.0898393
                  2.1455                      -2.0416214
                   2.149                      -1.9940768
                  2.1525                      -1.9473945
                   2.156                      -1.9019052
                  2.1595                      -1.8579943
                   2.163                      -1.8160329
                  2.1665                       -1.776271
                    2.17                      -1.7388121
                  2.1735                      -1.7035824
                   2.177                      -1.6703374
                  2.1805                      -1.6387141
                   2.184                       -1.608287
                  2.1875                      -1.5786348
                   2.191                      -1.5494086
                  2.1945                      -1.5203839
                   2.198                      -1.4914869
                  2.2015                      -1.4628017
                   2.205                      -1.4345313
                  2.2085                      -1.4069533
                   2.212                        -1.38037
                  2.2155                      -1.3550263
                   2.219                       -1.331081
                  2.2225                      -1.3085687
                   2.226                       -1.287388
                  2.2295                      -1.2673374
                   2.233                      -1.2481363
                  2.2365                      -1.2294719
                    2.24                      -1.2110638
                  2.2435                      -1.1926981
                   2.247                      -1.1742602
                  2.2505                      -1.1557571
                   2.254                         -1.1373
                  2.2575                      -1.1190827
                   2.261                      -1.1013305
                  2.2645                      -1.0842723
                   2.268                      -1.0680809
                  2.2715                      -1.0528447
                   2.275                      -1.0385563
                  2.2785                      -1.0251142
                   2.282                       -1.012339
                  2.2855                       -1.000002
                   2.289                     -0.98787373
                  2.2925                     -0.97575894
                   2.296                     -0.96352175
                  2.2995                     -0.95111753
                   2.303                     -0.93858664
                  2.3065                     -0.92605365
                    2.31                     -0.91368676
                  2.3135                     -0.90167676
                   2.317                      -0.8901941
                  2.3205                     -0.87935559
                   2.324                     -0.86920922
                  2.3275                      -0.8597208
                   2.331                      -0.8507881
                  2.3345                      -0.8422472
                   2.338                     -0.83391756
                  2.3415                     -0.82562228
                   2.345                     -0.81722049
                  2.3485                     -0.80863397
                   2.352                     -0.79985583
                  2.3555                     -0.79094778
                   2.359                     -0.78203295
                  2.3625                      -0.7732609
                   2.366                     -0.76478759
                  2.3695                     -0.75673956
                   2.373                      -0.7491971
                  2.3765                     -0.74217518
                    2.38                     -0.73562724
                  2.3835                      -0.7294455
                   2.387                     -0.72348976
                  2.3905                     -0.71760926
                   2.394                     -0.71166656
                  2.3975                     -0.70556361
                   2.401                     -0.69926041
                  2.4045                     -0.69277318
                   2.408                     -0.68617794
                  2.4115                     -0.67958913
                   2.415                     -0.67314007
                  2.4185                     -0.66695711
                   2.422                     -0.66113682
                  2.4255                     -0.65572484
                   2.429                     -0.65071857
                  2.4325                     -0.64605598
                   2.436                     -0.64163678
                  2.4395                      -0.6373348
                   2.443                     -0.63302566
                  2.4465                     -0.62860233
                    2.45                     -0.62399937
                  2.4535                     -0.61920209
                   2.457                      -0.6142457
                  2.4605                     -0.60921029
                   2.464                     -0.60420368
                  2.4675                     -0.59934218
                   2.471                     -0.59472703
                  2.4745                     -0.59042755
                   2.478                     -0.58647097
                  2.4815                     -0.58283262
                   2.485                     -0.57944694
                  2.4885                     -0.57621744
                   2.492                     -0.57303339
                  2.4955                     -0.56978858
                   2.499                     -0.56640532
                  2.5025                       -0.562841
                   2.506                     -0.55909981
                  2.5095                     -0.55522975
                   2.513                     -0.55131221
                  2.5165                     -0.54744705
                    2.52                     -0.54373365
                  2.5235                     -0.54025327
                   2.527                      -0.5370537
                  2.5305                     -0.53414344
                   2.534                     -0.53148668
                  2.5375                     -0.52901347
                   2.541                     -0.52663289
                  2.5445                     -0.52424658
                   2.548                     -0.52176813
                  2.5515                     -0.51913969
                   2.555                     -0.51633913
                  2.5585                     -0.51338518
                   2.562                     -0.51033305
                  2.5655                     -0.50726336
                   2.569                     -0.50426725
                  2.5725                     -0.50142961
                   2.576                     -0.49881384
                  2.5795                      -0.4964503
                   2.583                     -0.49433123
                  2.5865                      -0.4924135
                    2.59                      -0.4906259
                  2.5935                     -0.48888276
                   2.597                     -0.48709765
                  2.6005                     -0.48520197
                   2.604                     -0.48315419
                  2.6075                     -0.48094807
                   2.611                     -0.47861364
                  2.6145                     -0.47621065
                   2.618                     -0.47381721
                  2.6215                     -0.47151609
                   2.625                     -0.46937868
                  2.6285                      -0.4674523
                   2.632                     -0.46575212
                  2.6355                     -0.46425992
                   2.639                     -0.46292569
                  2.6425                     -0.46167855
                   2.646                     -0.46043859
                  2.6495                     -0.45913208
                   2.653                     -0.45770392
                  2.6565                     -0.45612805
                    2.66                     -0.45441043
                  2.6635                     -0.45259005
                   2.667                     -0.45072894
                  2.6705                     -0.44890218
                   2.674                      -0.4471833
                  2.6775                      -0.4456308
                   2.681                     -0.44427935
                  2.6845                     -0.44313134
                   2.688                     -0.44215905
                  2.6915                     -0.44130838
                   2.695                      -0.4405102
                  2.6985                      -0.4396913
                   2.702                     -0.43878807
                  2.7055                     -0.43775892
                   2.709                     -0.43658981
                  2.7125                     -0.43529794
                   2.716                     -0.43392828
                  2.7195                       -0.432544
                   2.723                     -0.43121554
                  2.7265                     -0.43000818
                    2.73                     -0.42896902
                  2.7335                     -0.42812069
                   2.737                     -0.42745537
                  2.7405                     -0.42693775
                   2.744                     -0.42651149
                  2.7475                     -0.42610934
                   2.751                     -0.42566473
                  2.7545                     -0.42512474
                   2.758                      -0.4244586
                  2.7615                     -0.42366364
                   2.765                     -0.42276615
                  2.7685                     -0.42181428
                   2.772                     -0.42087221
                  2.7755                     -0.42000526
                   2.779                     -0.41927047
                  2.7825                     -0.41870495
                   2.786                     -0.41832041
                  2.7895                     -0.41810048
                   2.793                     -0.41800392
                  2.7965                     -0.41797332
                     2.8                     -0.41794397
                  2.8035                     -0.41785612
                   2.807                     -0.41766589
                  2.8105                     -0.41735323
                   2.814                      -0.4169252
                  2.8175                     -0.41641425
                   2.821                     -0.41587272
                  2.8245                      -0.4153634
                   2.828                     -0.41494715
                  2.8315                     -0.41467293
                   2.835                     -0.41456864
                  2.8385                     -0.41463628
                   2.842                     -0.41485248
                  2.8455                     -0.41517146
                   2.849                     -0.41553531
                  2.8525                       -0.415882
                   2.856                      -0.4161589
                  2.8595                     -0.41633063
                   2.863                      -0.4163865
                  2.8665                     -0.41634169
                    2.87                      -0.4162349
                  2.8735                     -0.41612098
                   2.877                     -0.41606083
                  2.8805                     -0.41611086
                   2.884                     -0.41631272
                  2.8875                     -0.41668546
                   2.891                     -0.41722323
                  2.8945                     -0.41789623
                   2.898                     -0.41865538
                  2.9015                     -0.41944206
                   2.905                     -0.42019807
                  2.9085                     -0.42087688
                   2.912                     -0.42145192
                  2.9155                     -0.42192006
                   2.919                      -0.4223043
                  2.9225                     -0.42264894
                   2.926                      -0.4230096
                  2.9295                     -0.42344675
                   2.933                     -0.42401182
                  2.9365                     -0.42473892
                    2.94                     -0.42564057
                  2.9435                     -0.42670277
                   2.947                     -0.42789025
                  2.9505                     -0.42915117
                   2.954                     -0.43042698
                  2.9575                     -0.43166306
                   2.961                     -0.43281853
                  2.9645                     -0.43387444
                   2.968                     -0.43483601
                  2.9715                     -0.43573309
                   2.975                     -0.43661375
                  2.9785                     -0.43753643
                   2.982                     -0.43855905
                  2.9855                     -0.43972945
                   2.989                     -0.44107559
                  2.9925                      -0.4426021
                   2.996                     -0.44428886
                  2.9995                     -0.44609501
                   3.003                     -0.44796624
                  3.0065                     -0.44984399
                    3.01                     -0.45167715
                  3.0135                     -0.45343057
                   3.017                     -0.45509184
                  3.0205                     -0.45667444
                   3.024                     -0.45821438
                  3.0275                     -0.45976476
                   3.031                     -0.46138566
                  3.0345                     -0.46313379
                   3.038                     -0.46505312
                  3.0415                     -0.46716622
                   3.045                     -0.46947056
                  3.0485                     -0.47193966
                   3.052                     -0.47452728
                  3.0555                     -0.47717586
                   3.059                     -0.47982748
                  3.0625                     -0.48243359
                   3.066                     -0.48496472
                  3.0695                      -0.4874156
                   3.073                     -0.48980685
                  3.0765                      -0.4921821
                    3.08                     -0.49459924
                  3.0835                     -0.49712081
                   3.087                     -0.49980351
                  3.0905                     -0.50268712
                   3.094                     -0.50578931
                  3.0975                     -0.50910127
                   3.101                     -0.51258897
                  3.1045                      -0.5162009
                   3.108                     -0.51987609
                  3.1115                     -0.52355547
                   3.115                     -0.52719387
                  3.1185                     -0.53076686
                   3.122                     -0.53427736
                  3.1255                     -0.53775415
                   3.129                      -0.5412484
                  3.1325                     -0.54482518
                   3.136                     -0.54855068
                  3.1395                     -0.55248175
                   3.143                     -0.55665595
                  3.1465                     -0.56108473
                    3.15                     -0.56575266
                  3.1535                     -0.57061864
                   3.157                     -0.57562353
                  3.1605                     -0.58070218
                   3.164                     -0.58579471
                  3.1675                     -0.59085753
                   3.171                     -0.59587337
                  3.1745                     -0.60085351
                   3.178                     -0.60583817
                  3.1815                     -0.61088818
                   3.185                     -0.61607671
                  3.1885                     -0.62147622
                   3.192                     -0.62714568
                  3.1955                     -0.63312003
                   3.199                     -0.63940498
                  3.2025                     -0.64597548
                   3.206                     -0.65278238
                  3.2095                     -0.65975788
                   3.213                     -0.66682997
                  3.2165                     -0.67393722
                    3.22                     -0.68103951
                  3.2235                     -0.68812608
                   3.227                     -0.69522159
                  3.2305                     -0.70237932
                   3.234                     -0.70967564
                  3.2375                     -0.71719501
                   3.241                     -0.72501763
                  3.2445                     -0.73320692
                   3.248                     -0.74179439
                  3.2515                     -0.75077822
                   3.255                     -0.76012273
                  3.2585                     -0.76976303
                   3.262                     -0.77962148
                  3.2655                     -0.78961843
                   3.269                     -0.79968735
                  3.2725                     -0.80979402
                   3.276                     -0.81993864
                  3.2795                     -0.83016365
                   3.283                     -0.84054254
                  3.2865                     -0.85117159
                    3.29                     -0.86215466
                  3.2935                     -0.87358163
                   3.297                     -0.88551669
                  3.3005                     -0.89799054
                   3.304                     -0.91098528
                  3.3075                     -0.92444771
                   3.311                     -0.93829147
                  3.3145                     -0.95241939
                   3.318                     -0.96674008
                  3.3215                     -0.98118626
                   3.325                     -0.99572766
                  3.3285                      -1.0103858
                   3.332                      -1.0252257
                  3.3355                      -1.0403541
                   3.339                      -1.0558948
                  3.3425                      -1.0719719
                   3.346                      -1.0886888
                  3.3495                      -1.1061046
                   3.353                      -1.1242283
                  3.3565                      -1.1430178
                    3.36                      -1.1623783
                  3.3635                      -1.1821878
                   3.367                      -1.2023129
                  3.3705                      -1.2226407
                   3.374                      -1.2430974
                  3.3775                      -1.2636693
                   3.381                      -1.2843996
                  3.3845                      -1.3053915
                   3.388                      -1.3267851
                  3.3915                      -1.3487354
                   3.395                      -1.3713728
                  3.3985                       -1.394787
                   3.402                      -1.4189984
                  3.4055                      -1.4439478
                   3.409                      -1.4695061
                  3.4125                      -1.4954921
                   3.416                      -1.5216885
                  3.4195                      -1.5478928
                   3.423                      -1.5739427
                  3.4265                      -1.5997407
                    3.43                       -1.625281
                  3.4335                      -1.6506292
                   3.437                      -1.6759031
                  3.4405                      -1.7012464
                   3.444                      -1.7267771
                  3.4475                      -1.7525522
                   3.451                      -1.7785297
                  3.4545                      -1.8045567
                   3.458                      -1.8303733
                  3.4615                      -1.8556294
                   3.465                      -1.8799379
                  3.4685                      -1.9029221
                   3.472                      -1.9242615
                  3.4755                      -1.9437387
                   3.479                      -1.9612502
                  3.4825                      -1.9768046
                   3.486                       -1.990486
                  3.4895                       -2.002402
                   3.493                      -2.0126246
                  3.4965                      -2.0211456
                     3.5                      -2.0278378
