        Frequency / GHz                System Tot. Efficiency [AC2]/abs,dB
----------------------------------------------------------------------
                    0.69                      -14.980279
                    0.78                      -5.3549103
                    0.87                      -9.0656743
                    0.96                      -12.454492
                     1.7                      -2.1462435
                     1.8                        -1.45134
                     1.9                      -1.3843597
                       2                      -1.8598512
                     2.1                      -2.3328512
                     2.2                      -2.6495618
                     2.3                      -2.5429923
                     2.4                      -2.5148497
                     2.5                      -2.1900273
                     2.6                      -2.3507927
                     2.7                      -3.2569236

