        Frequency / GHz                System Tot. Efficiency [AC2]/abs,dB
----------------------------------------------------------------------
                    0.69                      -9.8624481
                    0.78                      -11.119943
                    0.87                      -14.422351
                    0.96                      -18.832547
                     1.7                      -15.379103
                     1.8                      -17.109847
                     1.9                       -22.16667
                       2                      -11.520339
                     2.1                      -15.008671
                     2.2                      -18.230485
                     2.3                      -19.008959
                     2.4                      -24.025046
                     2.5                      -24.815267
                     2.6                      -25.440312
                     2.7                      -25.844051

