Frequency    run_2

                    0.69                      0.17602131
                    0.78                     0.026633526
                    0.87                      0.16970532
                    0.96                      0.15604395
                     1.7                      0.03247399
                     1.8                      0.06527495
                     1.9                     0.032450679
                       2                     0.011490294
                     2.1                    0.0098103083
                     2.2                     0.011683136
                     2.3                     0.011605661
                     2.4                      0.01046336
                     2.5                     0.010844209
                     2.6                     0.014355055
                     2.7                     0.022452781
