Frequency    run_11

                    0.69                      0.28644977
                    0.78                      0.13571873
                    0.87                      0.37222748
                    0.96                      0.26967289
                     1.7                     0.038286829
                     1.8                     0.077300461
                     1.9                     0.027780173
                       2                     0.001635754
                     2.1                     0.019433982
                     2.2                      0.04571969
                     2.3                     0.040733508
                     2.4                     0.015355702
                     2.5                    0.0012539447
                     2.6                    0.0032784261
                     2.7                     0.016728826
