Frequency    S2,1_[20]

                       0                      -211.54543
                  0.0035                      -211.54543
                   0.007                      -211.54543
                  0.0105                      -211.54543
                   0.014                      -207.37988
                  0.0175                        -197.682
                   0.021                      -189.75563
                  0.0245                      -183.05141
                   0.028                      -177.24143
                  0.0315                      -172.11421
                   0.035                      -167.52535
                  0.0385                      -163.37185
                   0.042                      -159.57763
                  0.0455                      -156.08491
                   0.049                      -152.84875
                  0.0525                      -149.83352
                   0.056                      -147.01045
                  0.0595                      -144.35603
                   0.063                      -141.85076
                  0.0665                      -139.47829
                    0.07                      -137.22483
                  0.0735                      -135.07858
                   0.077                      -133.02941
                  0.0805                      -131.06854
                   0.084                      -129.18833
                  0.0875                      -127.38206
                   0.091                      -125.64383
                  0.0945                      -123.96838
                   0.098                      -122.35104
                  0.1015                      -120.78762
                   0.105                      -119.27434
                  0.1085                       -117.8078
                   0.112                       -116.3849
                  0.1155                      -115.00282
                   0.119                      -113.65901
                  0.1225                      -112.35112
                   0.126                      -111.07699
                  0.1295                      -109.83466
                   0.133                      -108.62233
                  0.1365                      -107.43831
                    0.14                      -106.28109
                  0.1435                      -105.14923
                   0.147                      -104.04141
                  0.1505                      -102.95642
                   0.154                      -101.89311
                  0.1575                      -100.85041
                   0.161                      -99.827308
                  0.1645                      -98.822871
                   0.168                      -97.836205
                  0.1715                      -96.866472
                   0.175                      -95.912879
                  0.1785                      -94.974679
                   0.182                      -94.051166
                  0.1855                      -93.141676
                   0.189                      -92.245581
                  0.1925                      -91.362287
                   0.196                      -90.491234
                  0.1995                      -89.631896
                   0.203                      -88.783767
                  0.2065                      -87.946373
                    0.21                      -87.119257
                  0.2135                      -86.301985
                   0.217                      -85.494142
                  0.2205                      -84.695331
                   0.224                      -83.905165
                  0.2275                      -83.123278
                   0.231                      -82.349317
                  0.2345                      -81.582941
                   0.238                      -80.823826
                  0.2415                      -80.071661
                   0.245                      -79.326146
                  0.2485                      -78.586995
                   0.252                      -77.853935
                  0.2555                      -77.126699
                   0.259                      -76.405036
                  0.2625                      -75.688694
                   0.266                      -74.977441
                  0.2695                      -74.271039
                   0.273                      -73.569267
                  0.2765                      -72.871898
                    0.28                      -72.178723
                  0.2835                      -71.489526
                   0.287                      -70.804105
                  0.2905                      -70.122259
                   0.294                      -69.443796
                  0.2975                      -68.768525
                   0.301                      -68.096267
                  0.3045                       -67.42684
                   0.308                      -66.760072
                  0.3115                      -66.095793
                   0.315                      -65.433832
                  0.3185                      -64.774023
                   0.322                      -64.116201
                  0.3255                      -63.460195
                   0.329                       -62.80584
                  0.3325                      -62.152963
                   0.336                      -61.501398
                  0.3395                      -60.850969
                   0.343                       -60.20151
                  0.3465                      -59.552844
                    0.35                      -58.904804
                  0.3535                      -58.257215
                   0.357                      -57.609915
                  0.3605                      -56.962726
                   0.364                      -56.315487
                  0.3675                      -55.668024
                   0.371                      -55.020173
                  0.3745                      -54.371759
                   0.378                      -53.722611
                  0.3815                       -53.07255
                   0.385                        -52.4214
                  0.3885                      -51.768971
                   0.392                      -51.115083
                  0.3955                      -50.459541
                   0.399                      -49.802157
                  0.4025                      -49.142729
                   0.406                      -48.481069
                  0.4095                      -47.816979
                   0.413                      -47.150266
                  0.4165                      -46.480742
                    0.42                      -45.808218
                  0.4235                      -45.132514
                   0.427                      -44.453451
                  0.4305                      -43.770864
                   0.434                      -43.084584
                  0.4375                      -42.394463
                   0.441                      -41.700352
                  0.4445                       -41.00213
                   0.448                      -40.299671
                  0.4515                      -39.592898
                   0.455                      -38.881734
                  0.4585                      -38.166152
                   0.462                      -37.446161
                  0.4655                      -36.721823
                   0.469                      -35.993257
                  0.4725                      -35.260672
                   0.476                      -34.524355
                  0.4795                      -33.784715
                   0.483                      -33.042285
                  0.4865                      -32.297758
                    0.49                         -31.552
                  0.4935                      -30.806086
                   0.497                      -30.061312
                  0.5005                      -29.319241
                   0.504                        -28.5817
                  0.5075                      -27.850789
                   0.511                      -27.128903
                  0.5145                      -26.418699
                   0.518                       -25.72305
                  0.5215                      -25.044956
                   0.525                      -24.387487
                  0.5285                       -23.75361
                   0.532                      -23.146063
                  0.5355                       -22.56715
                   0.539                      -22.018639
                  0.5425                      -21.501585
                   0.546                      -21.016259
                  0.5495                      -20.562125
                   0.553                      -20.137871
                  0.5565                      -19.741505
                    0.56                      -19.370497
                  0.5635                      -19.021927
                   0.567                      -18.692676
                  0.5705                      -18.379567
                   0.574                      -18.079504
                  0.5775                      -17.789576
                   0.581                      -17.507129
                  0.5845                      -17.229817
                   0.588                      -16.955636
                  0.5915                      -16.682913
                   0.595                      -16.410335
                  0.5985                      -16.136909
                   0.602                      -15.861989
                  0.6055                      -15.585243
                   0.609                      -15.306642
                  0.6125                      -15.026486
                   0.616                      -14.745366
                  0.6195                      -14.464186
                   0.623                      -14.184151
                  0.6265                      -13.906775
                    0.63                      -13.633865
                  0.6335                      -13.367495
                   0.637                      -13.109999
                  0.6405                      -12.863902
                   0.644                      -12.631856
                  0.6475                      -12.416576
                   0.651                      -12.220694
                  0.6545                      -12.046661
                   0.658                      -11.896621
                  0.6615                      -11.772266
                   0.665                      -11.674758
                  0.6685                       -11.60463
                   0.672                      -11.561769
                  0.6755                      -11.545431
                   0.679                      -11.554291
                  0.6825                      -11.586533
                   0.686                      -11.639968
                  0.6895                      -11.712164
                   0.693                      -11.800558
                  0.6965                      -11.902563
                     0.7                      -12.015657
                  0.7035                      -12.137465
                   0.707                      -12.265793
                  0.7105                      -12.398643
                   0.714                      -12.534242
                  0.7175                      -12.671053
                   0.721                      -12.807752
                  0.7245                      -12.943192
                   0.728                      -13.076428
                  0.7315                      -13.206686
                   0.735                      -13.333332
                  0.7385                      -13.455856
                   0.742                      -13.573862
                  0.7455                      -13.687053
                   0.749                      -13.795234
                  0.7525                      -13.898238
                   0.756                         -13.996
                  0.7595                      -14.088481
                   0.763                      -14.175697
                  0.7665                       -14.25769
                    0.77                      -14.334532
                  0.7735                      -14.406316
                   0.777                      -14.473162
                  0.7805                      -14.535194
                   0.784                      -14.592547
                  0.7875                      -14.645371
                   0.791                      -14.693818
                  0.7945                      -14.738046
                   0.798                      -14.778213
                  0.8015                      -14.814489
                   0.805                      -14.847042
                  0.8085                      -14.876037
                   0.812                      -14.901651
                  0.8155                      -14.924066
                   0.819                      -14.943458
                  0.8225                       -14.96001
                   0.826                      -14.973907
                  0.8295                      -14.985335
                   0.833                      -14.994482
                  0.8365                      -15.001536
                    0.84                      -15.006674
                  0.8435                      -15.010084
                   0.847                      -15.011945
                  0.8505                      -15.012428
                   0.854                      -15.011696
                  0.8575                      -15.009913
                   0.861                      -15.007236
                  0.8645                      -15.003808
                   0.868                      -14.999774
                  0.8715                      -14.995271
                   0.875                      -14.990439
                  0.8785                      -14.985401
                   0.882                      -14.980289
                  0.8855                      -14.975226
                   0.889                      -14.970341
                  0.8925                      -14.965755
                   0.896                      -14.961584
                  0.8995                      -14.957946
                   0.903                      -14.954956
                  0.9065                      -14.952719
                    0.91                      -14.951338
                  0.9135                      -14.950907
                   0.917                      -14.951515
                  0.9205                      -14.953243
                   0.924                      -14.956163
                  0.9275                      -14.960343
                   0.931                      -14.965847
                  0.9345                      -14.972731
                   0.938                      -14.981047
                  0.9415                      -14.990852
                   0.945                      -15.002195
                  0.9485                      -15.015136
                   0.952                      -15.029719
                  0.9555                      -15.046005
                   0.959                      -15.064048
                  0.9625                      -15.083903
                   0.966                      -15.105621
                  0.9695                      -15.129254
                   0.973                      -15.154845
                  0.9765                      -15.182435
                    0.98                      -15.212052
                  0.9835                      -15.243721
                   0.987                      -15.277454
                  0.9905                      -15.313257
                   0.994                      -15.351123
                  0.9975                      -15.391041
                   1.001                      -15.432993
                  1.0045                      -15.476952
                   1.008                      -15.522884
                  1.0115                      -15.570761
                   1.015                      -15.620543
                  1.0185                       -15.67219
                   1.022                       -15.72566
                  1.0255                      -15.780905
                   1.029                      -15.837886
                  1.0325                      -15.896544
                   1.036                      -15.956824
                  1.0395                      -16.018672
                   1.043                      -16.082025
                  1.0465                      -16.146811
                    1.05                      -16.212958
                  1.0535                       -16.28039
                   1.057                      -16.349031
                  1.0605                      -16.418796
                   1.064                      -16.489599
                  1.0675                      -16.561367
                   1.071                      -16.634015
                  1.0745                       -16.70747
                   1.078                      -16.781657
                  1.0815                      -16.856504
                   1.085                      -16.931961
                  1.0885                      -17.007959
                   1.092                      -17.084443
                  1.0955                       -17.16137
                   1.099                      -17.238693
                  1.1025                      -17.316366
                   1.106                      -17.394349
                  1.1095                      -17.472597
                   1.113                      -17.551083
                  1.1165                      -17.629758
                    1.12                      -17.708582
                  1.1235                      -17.787525
                   1.127                       -17.86655
                  1.1305                      -17.945621
                   1.134                      -18.024705
                  1.1375                      -18.103773
                   1.141                      -18.182808
                  1.1445                      -18.261777
                   1.148                      -18.340663
                  1.1515                      -18.419461
                   1.155                      -18.498153
                  1.1585                      -18.576746
                   1.162                       -18.65523
                  1.1655                      -18.733606
                   1.169                      -18.811893
                  1.1725                      -18.890091
                   1.176                      -18.968211
                  1.1795                      -19.046279
                   1.183                      -19.124302
                  1.1865                      -19.202316
                    1.19                      -19.280332
                  1.1935                      -19.358379
                   1.197                      -19.436497
                  1.2005                      -19.514711
                   1.204                      -19.593059
                  1.2075                      -19.671593
                   1.211                      -19.750355
                  1.2145                      -19.829412
                   1.218                      -19.908812
                  1.2215                      -19.988622
                   1.225                       -20.06893
                  1.2285                      -20.149805
                   1.232                      -20.231334
                  1.2355                       -20.31362
                   1.239                      -20.396757
                  1.2425                      -20.480864
                   1.246                      -20.566044
                  1.2495                      -20.652417
                   1.253                      -20.740117
                  1.2565                      -20.829264
                    1.26                       -20.91999
                  1.2635                      -21.012443
                   1.267                      -21.106754
                  1.2705                      -21.203079
                   1.274                      -21.301555
                  1.2775                      -21.402332
                   1.281                      -21.505578
                  1.2845                      -21.611438
                   1.288                      -21.720078
                  1.2915                      -21.831673
                   1.295                      -21.946385
                  1.2985                      -22.064409
                   1.302                      -22.185908
                  1.3055                      -22.311071
                   1.309                        -22.4401
                  1.3125                       -22.57317
                   1.316                      -22.710469
                  1.3195                      -22.852198
                   1.323                      -22.998529
                  1.3265                      -23.149656
                    1.33                       -23.30573
                  1.3335                       -23.46691
                   1.337                      -23.633359
                  1.3405                      -23.805189
                   1.344                       -23.98251
                  1.3475                      -24.165433
                   1.351                      -24.354017
                  1.3545                      -24.548335
                   1.358                      -24.748389
                  1.3615                      -24.954176
                   1.365                      -25.165683
                  1.3685                      -25.382809
                   1.372                      -25.605433
                  1.3755                      -25.833397
                   1.379                      -26.066449
                  1.3825                      -26.304305
                   1.386                       -26.54655
                  1.3895                      -26.792701
                   1.393                      -27.042198
                  1.3965                      -27.294315
                     1.4                      -27.548237
                  1.4035                      -27.803042
                   1.407                      -28.057648
                  1.4105                      -28.310902
                   1.414                      -28.561485
                  1.4175                      -28.808014
                   1.421                      -29.049061
                  1.4245                      -29.283104
                   1.428                      -29.508641
                  1.4315                      -29.724216
                   1.435                      -29.928419
                  1.4385                      -30.119998
                   1.442                      -30.297822
                  1.4455                      -30.460983
                   1.449                      -30.608833
                  1.4525                      -30.740946
                   1.456                      -30.857205
                  1.4595                       -30.95776
                   1.463                      -31.043029
                  1.4665                      -31.113685
                    1.47                      -31.170611
                  1.4735                       -31.21487
                   1.477                      -31.247671
                  1.4805                      -31.270301
                   1.484                      -31.284101
                  1.4875                      -31.290419
                   1.491                      -31.290567
                  1.4945                      -31.285803
                   1.498                       -31.27729
                  1.5015                      -31.266097
                   1.505                      -31.253174
                  1.5085                      -31.239352
                   1.512                       -31.22534
                  1.5155                       -31.21173
                   1.519                      -31.199001
                  1.5225                      -31.187527
                   1.526                      -31.177587
                  1.5295                      -31.169372
                   1.533                      -31.162997
                  1.5365                      -31.158508
                    1.54                      -31.155888
                  1.5435                      -31.155065
                   1.547                      -31.155918
                  1.5505                      -31.158285
                   1.554                      -31.161952
                  1.5575                      -31.166675
                   1.561                      -31.172173
                  1.5645                       -31.17813
                   1.568                      -31.184201
                  1.5715                      -31.190015
                   1.575                      -31.195182
                  1.5785                      -31.199293
                   1.582                      -31.201928
                  1.5855                      -31.202665
                   1.589                      -31.201081
                  1.5925                      -31.196765
                   1.596                      -31.189321
                  1.5995                      -31.178373
                   1.603                      -31.163573
                  1.6065                      -31.144607
                    1.61                      -31.121193
                  1.6135                      -31.093093
                   1.617                      -31.060105
                  1.6205                      -31.022072
                   1.624                      -30.978872
                  1.6275                      -30.930431
                   1.631                      -30.876709
                  1.6345                      -30.817705
                   1.638                      -30.753458
                  1.6415                      -30.684032
                   1.645                       -30.60953
                  1.6485                      -30.530091
                   1.652                      -30.445868
                  1.6555                      -30.357049
                   1.659                      -30.263849
                  1.6625                      -30.166492
                   1.666                      -30.065237
                  1.6695                      -29.960338
                   1.673                      -29.852073
                  1.6765                      -29.740727
                    1.68                      -29.626574
                  1.6835                      -29.509896
                   1.687                      -29.390969
                  1.6905                      -29.270046
                   1.694                      -29.147393
                  1.6975                      -29.023239
                   1.701                      -28.897806
                  1.7045                      -28.771318
                   1.708                      -28.643961
                  1.7115                      -28.515928
                   1.715                      -28.387399
                  1.7185                      -28.258533
                   1.722                      -28.129508
                  1.7255                      -28.000471
                   1.729                      -27.871574
                  1.7325                      -27.742972
                   1.736                      -27.614793
                  1.7395                       -27.48717
                   1.743                       -27.36022
                  1.7465                      -27.234044
                    1.75                      -27.108744
                  1.7535                      -26.984389
                   1.757                      -26.861042
                  1.7605                      -26.738767
                   1.764                      -26.617597
                  1.7675                      -26.497571
                   1.771                      -26.378723
                  1.7745                      -26.261074
                   1.778                      -26.144672
                  1.7815                      -26.029542
                   1.785                      -25.915727
                  1.7885                      -25.803282
                   1.792                      -25.692246
                  1.7955                      -25.582674
                   1.799                      -25.474606
                  1.8025                      -25.368085
                   1.806                       -25.26315
                  1.8095                      -25.159808
                   1.813                      -25.058066
                  1.8165                      -24.957927
                    1.82                      -24.859362
                  1.8235                      -24.762345
                   1.827                      -24.666838
                  1.8305                      -24.572805
                   1.834                      -24.480222
                  1.8375                      -24.389059
                   1.841                      -24.299299
                  1.8445                      -24.210953
                   1.848                      -24.124025
                  1.8515                      -24.038543
                   1.855                      -23.954533
                  1.8585                      -23.872031
                   1.862                      -23.791074
                  1.8655                      -23.711677
                   1.869                      -23.633854
                  1.8725                      -23.557604
                   1.876                      -23.482898
                  1.8795                      -23.409701
                   1.883                      -23.337952
                  1.8865                      -23.267586
                    1.89                       -23.19854
                  1.8935                       -23.13074
                   1.897                      -23.064129
                  1.9005                      -22.998666
                   1.904                      -22.934321
                  1.9075                      -22.871092
                   1.911                      -22.808988
                  1.9145                      -22.748042
                   1.918                      -22.688302
                  1.9215                      -22.629808
                   1.925                      -22.572607
                  1.9285                      -22.516737
                   1.932                      -22.462215
                  1.9355                      -22.409042
                   1.939                      -22.357193
                  1.9425                      -22.306618
                   1.946                      -22.257265
                  1.9495                      -22.209051
                   1.953                      -22.161896
                  1.9565                      -22.115731
                    1.96                      -22.070485
                  1.9635                      -22.026118
                   1.967                      -21.982611
                  1.9705                      -21.939965
                   1.974                      -21.898219
                  1.9775                      -21.857421
                   1.981                      -21.817642
                  1.9845                      -21.778957
                   1.988                       -21.74144
                  1.9915                      -21.705157
                   1.995                      -21.670147
                  1.9985                      -21.636432
                   2.002                      -21.604011
                  2.0055                      -21.572851
                   2.009                      -21.542898
                  2.0125                      -21.514088
                   2.016                      -21.486349
                  2.0195                      -21.459608
                   2.023                      -21.433805
                  2.0265                      -21.408906
                    2.03                      -21.384893
                  2.0335                      -21.361778
                   2.037                      -21.339598
                  2.0405                      -21.318406
                   2.044                      -21.298273
                  2.0475                      -21.279271
                   2.051                      -21.261464
                  2.0545                      -21.244898
                   2.058                      -21.229602
                  2.0615                      -21.215564
                   2.065                      -21.202744
                  2.0685                      -21.191063
                   2.072                      -21.180415
                  2.0755                      -21.170661
                   2.079                      -21.161652
                  2.0825                      -21.153211
                   2.086                      -21.145162
                  2.0895                      -21.137322
                   2.093                      -21.129505
                  2.0965                       -21.12152
                     2.1                      -21.113171
                  2.1035                      -21.104249
                   2.107                       -21.09453
                  2.1105                      -21.083777
                   2.114                      -21.071725
                  2.1175                      -21.058104
                   2.121                      -21.042628
                  2.1245                      -21.025026
                   2.128                      -21.005048
                  2.1315                      -20.982487
                   2.135                      -20.957205
                  2.1385                      -20.929152
                   2.142                      -20.898382
                  2.1455                      -20.865069
                   2.149                      -20.829505
                  2.1525                      -20.792115
                   2.156                      -20.753436
                  2.1595                      -20.714115
                   2.163                      -20.674902
                  2.1665                      -20.636618
                    2.17                      -20.600163
                  2.1735                      -20.566493
                   2.177                      -20.536605
                  2.1805                      -20.511529
                   2.184                      -20.492307
                  2.1875                      -20.479981
                   2.191                       -20.47557
                  2.1945                      -20.480037
                   2.198                      -20.494266
                  2.2015                      -20.519021
                   2.205                      -20.554911
                  2.2085                      -20.602357
                   2.212                      -20.661551
                  2.2155                       -20.73244
                   2.219                      -20.814684
                  2.2225                      -20.907673
                   2.226                      -21.010491
                  2.2295                      -21.121902
                   2.233                        -21.2404
                  2.2365                      -21.364186
                    2.24                      -21.491187
                  2.2435                      -21.619117
                   2.247                       -21.74546
                  2.2505                      -21.867565
                   2.254                      -21.982706
                  2.2575                      -22.088178
                   2.261                      -22.181414
                  2.2645                      -22.260122
                   2.268                      -22.322428
                  2.2715                      -22.367018
                   2.275                      -22.393254
                  2.2785                      -22.401261
                   2.282                      -22.391939
                  2.2855                      -22.366927
                   2.289                      -22.328498
                  2.2925                      -22.279401
                   2.296                      -22.222649
                  2.2995                      -22.161335
                   2.303                      -22.098417
                  2.3065                      -22.036543
                    2.31                      -21.977934
                  2.3135                       -21.92428
                   2.317                      -21.876754
                  2.3205                      -21.835991
                   2.324                      -21.802174
                  2.3275                      -21.775116
                   2.331                      -21.754378
                  2.3345                      -21.739365
                   2.338                      -21.729449
                  2.3415                      -21.724051
                   2.345                      -21.722702
                  2.3485                      -21.725083
                   2.352                      -21.731043
                  2.3555                      -21.740579
                   2.359                      -21.753803
                  2.3625                        -21.7709
                   2.366                       -21.79207
                  2.3695                      -21.817493
                   2.373                      -21.847268
                  2.3765                      -21.881392
                    2.38                      -21.919751
                  2.3835                      -21.962113
                   2.387                      -22.008154
                  2.3905                      -22.057484
                   2.394                      -22.109685
                  2.3975                      -22.164334
                   2.401                      -22.221065
                  2.4045                      -22.279586
                   2.408                      -22.339701
                  2.4115                      -22.401307
                   2.415                      -22.464402
                  2.4185                      -22.529061
                   2.422                       -22.59541
                  2.4255                      -22.663625
                   2.429                      -22.733854
                  2.4325                      -22.806239
                   2.436                      -22.880867
                  2.4395                      -22.957777
                   2.443                      -23.036935
                  2.4465                      -23.118268
                    2.45                       -23.20165
                  2.4535                      -23.286922
                   2.457                      -23.373921
                  2.4605                      -23.462496
                   2.464                      -23.552536
                  2.4675                       -23.64395
                   2.471                      -23.736689
                  2.4745                      -23.830763
                   2.478                      -23.926189
                  2.4815                      -24.023053
                   2.485                      -24.121405
                  2.4885                       -24.22133
                   2.492                      -24.322897
                  2.4955                      -24.426157
                   2.499                      -24.531137
                  2.5025                       -24.63787
                   2.506                       -24.74636
                  2.5095                      -24.856591
                   2.513                      -24.968567
                  2.5165                       -25.08228
                    2.52                       -25.19776
                  2.5235                      -25.315017
                   2.527                      -25.434091
                  2.5305                      -25.555019
                   2.534                      -25.677829
                  2.5375                      -25.802583
                   2.541                      -25.929266
                  2.5445                      -26.057892
                   2.548                      -26.188441
                  2.5515                      -26.320877
                   2.555                      -26.455149
                  2.5585                      -26.591225
                   2.562                      -26.729071
                  2.5655                      -26.868647
                   2.569                      -27.009976
                  2.5725                      -27.153087
                   2.576                      -27.298072
                  2.5795                      -27.445019
                   2.583                      -27.594042
                  2.5865                      -27.745255
                    2.59                      -27.898731
                  2.5935                      -28.054561
                   2.597                      -28.212712
                  2.6005                      -28.373135
                   2.604                      -28.535686
                  2.6075                      -28.700157
                   2.611                      -28.866307
                  2.6145                      -29.033816
                   2.618                      -29.202369
                  2.6215                      -29.371609
                   2.625                      -29.541231
                  2.6285                       -29.71093
                   2.632                      -29.880469
                  2.6355                      -30.049604
                   2.639                      -30.218116
                  2.6425                      -30.385762
                   2.646                      -30.552241
                  2.6495                       -30.71722
                   2.653                      -30.880171
                  2.6565                       -31.04047
                    2.66                      -31.197317
                  2.6635                      -31.349739
                   2.667                      -31.496647
                  2.6705                      -31.636804
                   2.674                      -31.768912
                  2.6775                      -31.891639
                   2.681                      -32.003699
                  2.6845                      -32.103885
                   2.688                      -32.191132
                  2.6915                      -32.264504
                   2.695                      -32.323245
                  2.6985                      -32.366748
                   2.702                       -32.39456
                  2.7055                      -32.406367
                   2.709                      -32.401956
                  2.7125                       -32.38124
                   2.716                      -32.344239
                  2.7195                      -32.291105
                   2.723                      -32.222121
                  2.7265                      -32.137743
                    2.73                      -32.038589
                  2.7335                      -31.925485
                   2.737                       -31.79939
                  2.7405                      -31.661428
                   2.744                      -31.512787
                  2.7475                      -31.354753
                   2.751                      -31.188604
                  2.7545                      -31.015594
                   2.758                      -30.836924
                  2.7615                      -30.653651
                   2.765                      -30.466813
                  2.7685                      -30.277289
                   2.772                      -30.085873
                  2.7755                      -29.893285
                   2.779                      -29.700138
                  2.7825                      -29.507018
                   2.786                      -29.314443
                  2.7895                      -29.122928
                   2.793                      -28.932912
                  2.7965                      -28.744826
                     2.8                      -28.559007
                  2.8035                      -28.375803
                   2.807                      -28.195487
                  2.8105                      -28.018288
                   2.814                      -27.844387
                  2.8175                      -27.673865
                   2.821                      -27.506839
                  2.8245                      -27.343331
                   2.828                      -27.183359
                  2.8315                      -27.026932
                   2.835                      -26.874021
                  2.8385                      -26.724639
                   2.842                      -26.578786
                  2.8455                        -26.4365
                   2.849                      -26.297813
                  2.8525                      -26.162775
                   2.856                      -26.031414
                  2.8595                      -25.903777
                   2.863                      -25.779894
                  2.8665                      -25.659766
                    2.87                      -25.543374
                  2.8735                      -25.430643
                   2.877                      -25.321507
                  2.8805                      -25.215849
                   2.884                      -25.113537
                  2.8875                      -25.014432
                   2.891                      -24.918382
                  2.8945                      -24.825262
                   2.898                      -24.734953
                  2.9015                      -24.647384
                   2.905                      -24.562502
                  2.9085                      -24.480271
                   2.912                      -24.400707
                  2.9155                      -24.323838
                   2.919                      -24.249702
                  2.9225                      -24.178342
                   2.926                      -24.109799
                  2.9295                      -24.044071
                   2.933                      -23.981165
                  2.9365                       -23.92103
                    2.94                      -23.863599
                  2.9435                      -23.808771
                   2.947                      -23.756422
                  2.9505                      -23.706422
                   2.954                      -23.658632
                  2.9575                      -23.612939
                   2.961                      -23.569236
                  2.9645                      -23.527443
                   2.968                      -23.487517
                  2.9715                       -23.44945
                   2.975                      -23.413259
                  2.9785                      -23.378988
                   2.982                      -23.346692
                  2.9855                      -23.316433
                   2.989                      -23.288272
                  2.9925                      -23.262245
                   2.996                      -23.238371
                  2.9995                      -23.216636
                   3.003                      -23.196996
                  3.0065                      -23.179382
                    3.01                      -23.163694
                  3.0135                      -23.149831
                   3.017                      -23.137677
                  3.0205                      -23.127118
                   3.024                      -23.118062
                  3.0275                       -23.11043
                   3.031                      -23.104175
                  3.0345                      -23.099271
                   3.038                      -23.095724
                  3.0415                      -23.093553
                   3.045                      -23.092804
                  3.0485                      -23.093516
                   3.052                      -23.095737
                  3.0555                      -23.099504
                   3.059                      -23.104831
                  3.0625                      -23.111721
                   3.066                      -23.120155
                  3.0695                      -23.130087
                   3.073                      -23.141457
                  3.0765                      -23.154193
                    3.08                      -23.168219
                  3.0835                      -23.183454
                   3.087                      -23.199825
                  3.0905                       -23.21727
                   3.094                      -23.235739
                  3.0975                        -23.2552
                   3.101                      -23.275633
                  3.1045                      -23.297028
                   3.108                      -23.319393
                  3.1115                      -23.342737
                   3.115                       -23.36707
                  3.1185                      -23.392413
                   3.122                      -23.418764
                  3.1255                      -23.446129
                   3.129                      -23.474504
                  3.1325                      -23.503882
                   3.136                      -23.534245
                  3.1395                      -23.565575
                   3.143                      -23.597846
                  3.1465                      -23.631025
                    3.15                      -23.665089
                  3.1535                      -23.700004
                   3.157                      -23.735735
                  3.1605                      -23.772241
                   3.164                       -23.80948
                  3.1675                      -23.847419
                   3.171                      -23.886017
                  3.1745                      -23.925232
                   3.178                      -23.965036
                  3.1815                      -24.005397
                   3.185                      -24.046299
                  3.1885                      -24.087743
                   3.192                      -24.129729
                  3.1955                      -24.172278
                   3.199                       -24.21542
                  3.2025                      -24.259178
                   3.206                      -24.303598
                  3.2095                      -24.348708
                   3.213                       -24.39452
                  3.2165                      -24.441044
                    3.22                      -24.488262
                  3.2235                      -24.536138
                   3.227                      -24.584619
                  3.2305                      -24.633634
                   3.234                      -24.683101
                  3.2375                      -24.732927
                   3.241                      -24.783034
                  3.2445                      -24.833361
                   3.248                      -24.883852
                  3.2515                      -24.934494
                   3.255                      -24.985294
                  3.2585                      -25.036284
                   3.262                      -25.087534
                  3.2655                      -25.139115
                   3.269                      -25.191107
                  3.2725                       -25.24359
                   3.276                       -25.29662
                  3.2795                      -25.350237
                   3.283                      -25.404445
                  3.2865                      -25.459214
                    3.29                      -25.514478
                  3.2935                      -25.570142
                   3.297                      -25.626094
                  3.3005                      -25.682221
                   3.304                      -25.738411
                  3.3075                      -25.794565
                   3.311                      -25.850618
                  3.3145                      -25.906538
                   3.318                      -25.962339
                  3.3215                      -26.018067
                   3.325                      -26.073789
                  3.3285                      -26.129603
                   3.332                      -26.185613
                  3.3355                      -26.241917
                   3.339                      -26.298595
                  3.3425                      -26.355696
                   3.346                       -26.41323
                  3.3495                      -26.471168
                   3.353                      -26.529447
                  3.3565                      -26.587982
                    3.36                      -26.646652
                  3.3635                      -26.705346
                   3.367                      -26.763949
                  3.3705                      -26.822364
                   3.374                      -26.880537
                  3.3775                      -26.938438
                   3.381                      -26.996068
                  3.3845                      -27.053472
                   3.388                      -27.110709
                  3.3915                      -27.167872
                   3.395                      -27.225043
                  3.3985                      -27.282299
                   3.402                      -27.339706
                  3.4055                       -27.39729
                   3.409                      -27.455062
                  3.4125                      -27.513006
                   3.416                      -27.571066
                  3.4195                      -27.629177
                   3.423                      -27.687266
                  3.4265                      -27.745246
                    3.43                      -27.803051
                  3.4335                      -27.860637
                   3.437                      -27.917952
                  3.4405                      -27.974991
                   3.444                      -28.031755
                  3.4475                      -28.088268
                   3.451                      -28.144559
                  3.4545                      -28.200664
                   3.458                      -28.256612
                  3.4615                       -28.31242
                   3.465                      -28.368102
                  3.4685                      -28.423664
                   3.472                      -28.479095
                  3.4755                      -28.534379
                   3.479                      -28.589501
                  3.4825                      -28.644441
                   3.486                      -28.699195
                  3.4895                      -28.753759
                   3.493                      -28.808135
                  3.4965                      -28.862328
                     3.5                      -28.916345
