        Frequency / GHz                System Tot. Efficiency [AC2]/abs,dB
----------------------------------------------------------------------
                    0.69                      -22.195261
                    0.78                      -14.041088
                    0.87                       -3.553079
                    0.96                      -1.0854381
                     1.7                      -2.8433859
                     1.8                      -2.0749644
                     1.9                      -12.637797
                       2                      -2.3035659
                     2.1                      -1.1708972
                     2.2                     -0.84312076
                     2.3                     -0.77701709
                     2.4                       -1.334406
                     2.5                      -1.7345375
                     2.6                      -3.1437218
                     2.7                      -5.4100419

