        Frequency / GHz                System Tot. Efficiency [AC2]/abs,dB
----------------------------------------------------------------------
                    0.69                      -15.416898
                    0.78                      -1.7587376
                    0.87                      -8.3114212
                    0.96                       -10.89958
                     1.7                      -4.8440146
                     1.8                      -6.6891656
                     1.9                      -14.815692
                       2                      -4.3803701
                     2.1                      -6.1939839
                     2.2                      -7.4482769
                     2.3                      -8.4632031
                     2.4                      -9.6143807
                     2.5                      -10.078906
                     2.6                       -14.52619
                     2.7                      -16.028086

