        Frequency / MHz                System Tot. Efficiency [AC2]/abs,dB
----------------------------------------------------------------------
                     690                      -6.2519861
                     780                      -2.4248933
                     870                      -4.3153851
                     960                      -5.3942956
                    1700                        -2.10801
                    1800                       -3.102649
                    1900                      -2.7384424
                    2000                       -1.521836
                    2100                     -0.77498378
                    2200                     -0.61536204
                    2300                     -0.87750422
                    2400                      -1.5595833
                    2500                      -2.6353118
                    2600                      -3.9575047
                    2700                      -5.3174256

