        Frequency / MHz                System Tot. Efficiency [AC2]/abs,dB
----------------------------------------------------------------------
                     690                      -4.0822953
                     780                        -3.22208
                     870                       -6.051357
                     960                      -6.6616571
                    1700                      -3.7440008
                    1800                      -4.5042516
                    1900                      -3.6183231
                    2000                      -1.9587333
                    2100                      -1.3454842
                    2200                      -1.5774367
                    2300                      -2.3201421
                    2400                      -3.4762369
                    2500                      -4.9226184
                    2600                      -6.4726499
                    2700                      -7.9382562

