        Frequency / GHz                System Tot. Efficiency [AC1]/abs,dB
----------------------------------------------------------------------
                    0.69                      -4.8663141
                    0.78                      -7.0522131
                    0.87                      -7.8932329
                    0.96                      -7.3733902
                     1.7                      -7.9792177
                     1.8                      -7.6956216
                     1.9                      -6.2695633
                       2                      -5.0096435
                     2.1                      -4.0154886
                     2.2                      -3.4378608
                     2.3                      -3.8482067
                     2.4                      -5.1787984
                     2.5                      -6.6972578
                     2.6                      -7.9689178
                     2.7                      -8.9467318

