Frequency    S2,2_[1]

                       0                 -8.6858896e-007
                  0.0035                 -3.6644444e-014
                   0.007                 -6.2970584e-013
                  0.0105                 -3.5371531e-012
                   0.014                 -1.2684763e-011
                  0.0175                  -3.571001e-011
                   0.021                 -8.5929292e-011
                  0.0245                 -1.8523959e-010
                   0.028                 -3.6694878e-010
                  0.0315                 -6.7967343e-010
                   0.035                 -1.1919174e-009
                  0.0385                 -1.9954693e-009
                   0.042                 -3.2124583e-009
                  0.0455                 -4.9990447e-009
                   0.049                 -7.5532829e-009
                  0.0525                 -1.1119103e-008
                   0.056                 -1.5997601e-008
                  0.0595                  -2.254626e-008
                   0.063                 -3.1196871e-008
                  0.0665                 -4.2458284e-008
                    0.07                 -5.6929729e-008
                  0.0735                 -7.5300183e-008
                   0.077                 -9.8371571e-008
                  0.0805                 -1.2706399e-007
                   0.084                 -1.6242771e-007
                  0.0875                 -2.0563677e-007
                   0.091                  -2.580913e-007
                  0.0945                  -3.212619e-007
                   0.098                 -3.9690774e-007
                  0.1015                 -4.8692301e-007
                   0.105                 -5.9344809e-007
                  0.1085                  -7.189009e-007
                   0.112                 -8.6588253e-007
                  0.1155                 -1.0374161e-006
                   0.119                 -1.2366547e-006
                  0.1225                  -1.467211e-006
                   0.126                 -1.7329964e-006
                  0.1295                 -2.0383317e-006
                   0.133                 -2.3880112e-006
                  0.1365                 -2.7870607e-006
                    0.14                 -3.2411835e-006
                  0.1435                  -3.756514e-006
                   0.147                 -4.3396791e-006
                  0.1505                 -4.9978984e-006
                   0.154                 -5.7389505e-006
                  0.1575                 -6.5713042e-006
                   0.161                 -7.5042893e-006
                  0.1645                 -8.5473398e-006
                   0.168                 -9.7112824e-006
                  0.1715                 -1.1007789e-005
                   0.175                 -1.2448864e-005
                  0.1785                 -1.4047975e-005
                   0.182                 -1.5819128e-005
                  0.1855                 -1.7778094e-005
                   0.189                 -1.9941177e-005
                  0.1925                 -2.2326239e-005
                   0.196                  -2.495231e-005
                  0.1995                 -2.7840024e-005
                   0.203                 -3.1011764e-005
                  0.2065                 -3.4491511e-005
                    0.21                 -3.8304913e-005
                  0.2135                 -4.2479932e-005
                   0.217                 -4.7045993e-005
                  0.2205                 -5.2035745e-005
                   0.224                 -5.7484007e-005
                  0.2275                  -6.342867e-005
                   0.231                 -6.9910178e-005
                  0.2345                 -7.6971427e-005
                   0.238                 -8.4660935e-005
                  0.2415                 -9.3028782e-005
                   0.245                  -0.00010212956
                  0.2485                  -0.00011202258
                   0.252                  -0.00012277185
                  0.2555                  -0.00013444528
                   0.259                  -0.00014711757
                  0.2625                  -0.00016086784
                   0.266                  -0.00017578105
                  0.2695                  -0.00019194999
                   0.273                  -0.00020947451
                  0.2765                  -0.00022845726
                    0.28                  -0.00024901885
                  0.2835                  -0.00027127569
                   0.287                  -0.00029536468
                  0.2905                  -0.00032142953
                   0.294                  -0.00034961839
                  0.2975                  -0.00038009849
                   0.301                  -0.00041304942
                  0.3045                  -0.00044865758
                   0.308                   -0.0004871373
                  0.3115                  -0.00052870272
                   0.315                  -0.00057359731
                  0.3185                   -0.0006220796
                   0.322                  -0.00067443123
                  0.3255                   -0.0007309517
                   0.329                  -0.00079197074
                  0.3325                  -0.00085784492
                   0.336                  -0.00092895847
                  0.3395                   -0.0010057309
                   0.343                   -0.0010886069
                  0.3465                   -0.0011780941
                    0.35                   -0.0012747149
                  0.3535                   -0.0013790662
                   0.357                   -0.0014917754
                  0.3605                   -0.0016135346
                   0.364                   -0.0017451091
                  0.3675                   -0.0018873205
                   0.371                   -0.0020410661
                  0.3745                   -0.0022073383
                   0.378                   -0.0023872204
                  0.3815                   -0.0025818785
                   0.385                   -0.0027926271
                  0.3885                   -0.0030208831
                   0.392                   -0.0032681865
                  0.3955                   -0.0035362789
                   0.399                   -0.0038270191
                  0.4025                   -0.0041424934
                   0.406                   -0.0044849916
                  0.4095                   -0.0048570201
                   0.413                   -0.0052613779
                  0.4165                    -0.005701134
                    0.42                   -0.0061796963
                  0.4235                   -0.0067008299
                   0.427                   -0.0072687146
                  0.4305                   -0.0078880049
                   0.434                   -0.0085638637
                  0.4375                   -0.0093020306
                   0.441                     -0.01010892
                  0.4445                    -0.010991635
                   0.448                    -0.011958146
                  0.4515                    -0.013017353
                   0.455                    -0.014179133
                  0.4585                     -0.01545456
                   0.462                    -0.016856016
                  0.4655                     -0.01839729
                   0.469                    -0.020093716
                  0.4725                    -0.021962445
                   0.476                     -0.02402245
                  0.4795                     -0.02629479
                   0.483                     -0.02880264
                  0.4865                    -0.031571502
                    0.49                    -0.034629034
                  0.4935                    -0.038005207
                   0.497                    -0.041732036
                  0.5005                    -0.045843033
                   0.504                    -0.050372844
                  0.5075                    -0.055356249
                   0.511                     -0.06082669
                  0.5145                    -0.066814709
                   0.518                    -0.073345542
                  0.5215                    -0.080436592
                   0.525                    -0.088093956
                  0.5285                    -0.096309148
                   0.532                     -0.10505573
                  0.5355                     -0.11428671
                   0.539                     -0.12393245
                  0.5425                     -0.13390086
                   0.546                     -0.14407996
                  0.5495                     -0.15434343
                   0.553                     -0.16455724
                  0.5565                     -0.17459054
                    0.56                     -0.18432527
                  0.5635                     -0.19366722
                   0.567                     -0.20255294
                  0.5705                     -0.21095503
                   0.574                     -0.21888346
                  0.5775                     -0.22638314
                   0.581                     -0.23352962
                  0.5845                     -0.24042189
                   0.588                     -0.24717599
                  0.5915                     -0.25391795
                   0.595                     -0.26078014
                  0.5985                     -0.26789497
                   0.602                     -0.27539366
                  0.6055                     -0.28340559
                   0.609                     -0.29205541
                  0.6125                     -0.30146845
                   0.616                     -0.31176587
                  0.6195                     -0.32307229
                   0.623                     -0.33551377
                  0.6265                     -0.34922235
                    0.63                     -0.36433631
                  0.6335                     -0.38100441
                   0.637                     -0.39938923
                  0.6405                     -0.41966635
                   0.644                       -0.442032
                  0.6475                     -0.46670277
                   0.651                     -0.49392284
                  0.6545                     -0.52396325
                   0.658                     -0.55713019
                  0.6615                     -0.59377142
                   0.665                     -0.63427784
                  0.6685                     -0.67909383
                   0.672                     -0.72872488
                  0.6755                     -0.78374289
                   0.679                     -0.84480412
                  0.6825                     -0.91265173
                   0.686                     -0.98813985
                  0.6895                      -1.0722396
                   0.693                      -1.1660705
                  0.6965                      -1.2709046
                     0.7                      -1.3882078
                  0.7035                       -1.519654
                   0.707                      -1.6671745
                  0.7105                      -1.8329738
                   0.714                      -2.0195882
                  0.7175                      -2.2299336
                   0.721                      -2.4673569
                  0.7245                      -2.7356973
                   0.728                      -3.0393667
                  0.7315                      -3.3834511
                   0.735                      -3.7738383
                  0.7385                      -4.2173147
                   0.742                      -4.7218456
                  0.7455                      -5.2967803
                   0.749                      -5.9533622
                  0.7525                       -6.705206
                   0.756                      -7.5693417
                  0.7595                       -8.567658
                   0.763                      -9.7292731
                  0.7665                      -11.094215
                    0.77                      -12.719533
                  0.7735                      -14.687765
                   0.777                      -17.110299
                  0.7805                      -20.054379
                   0.784                       -22.94023
                  0.7875                      -23.221822
                   0.791                      -20.703206
                  0.7945                      -18.006778
                   0.798                      -15.817394
                  0.8015                      -14.078743
                   0.805                      -12.675513
                  0.8085                       -11.52096
                   0.812                      -10.554916
                  0.8155                       -9.735348
                   0.819                      -9.0321095
                  0.8225                      -8.4230307
                   0.826                      -7.8913802
                  0.8295                      -7.4242032
                   0.833                      -7.0112542
                  0.8365                      -6.6444259
                    0.84                      -6.3170891
                  0.8435                      -6.0238286
                   0.847                      -5.7601395
                  0.8505                      -5.5222598
                   0.854                      -5.3070324
                  0.8575                      -5.1117436
                   0.861                      -4.9340932
                  0.8645                      -4.7721238
                   0.868                      -4.6241073
                  0.8715                      -4.4885664
                   0.875                      -4.3642097
                  0.8785                      -4.2499059
                   0.882                      -4.1446474
                  0.8855                      -4.0475753
                   0.889                      -3.9578891
                  0.8925                      -3.8749084
                   0.896                      -3.7980145
                  0.8995                      -3.7266557
                   0.903                      -3.6603295
                  0.9065                      -3.5986021
                    0.91                      -3.5410636
                  0.9135                       -3.487356
                   0.917                      -3.4371408
                  0.9205                      -3.3901283
                   0.924                      -3.3460366
                  0.9275                      -3.3046271
                   0.931                      -3.2656625
                  0.9345                       -3.228938
                   0.938                      -3.1942644
                  0.9415                      -3.1614671
                   0.945                       -3.130375
                  0.9485                      -3.1008483
                   0.952                        -3.07275
                  0.9555                      -3.0459524
                   0.959                      -3.0203377
                  0.9625                      -2.9958036
                   0.966                      -2.9722508
                  0.9695                      -2.9495914
                   0.973                      -2.9277394
                  0.9765                      -2.9066226
                    0.98                      -2.8861732
                  0.9835                       -2.866333
                   0.987                      -2.8470433
                  0.9905                      -2.8282543
                   0.994                      -2.8099226
                  0.9975                      -2.7920113
                   1.001                      -2.7744843
                  1.0045                      -2.7573125
                   1.008                      -2.7404718
                  1.0115                      -2.7239388
                   1.015                      -2.7076983
                  1.0185                      -2.6917343
                   1.022                      -2.6760362
                  1.0255                       -2.660596
                   1.029                      -2.6454066
                  1.0325                      -2.6304655
                   1.036                      -2.6157714
                  1.0395                      -2.6013241
                   1.043                      -2.5871248
                  1.0465                      -2.5731771
                    1.05                      -2.5594858
                  1.0535                      -2.5460546
                   1.057                      -2.5328891
                  1.0605                      -2.5199974
                   1.064                      -2.5073862
                  1.0675                      -2.4950602
                   1.071                      -2.4830298
                  1.0745                      -2.4713012
                   1.078                      -2.4598822
                  1.0815                      -2.4487823
                   1.085                      -2.4380062
                  1.0885                      -2.4275644
                   1.092                      -2.4174645
                  1.0955                      -2.4077129
                   1.099                      -2.3983182
                  1.1025                      -2.3892882
                   1.106                      -2.3806302
                  1.1095                      -2.3723517
                   1.113                      -2.3644594
                  1.1165                      -2.3569618
                    1.12                      -2.3498663
                  1.1235                      -2.3431791
                   1.127                      -2.3369082
                  1.1305                      -2.3310599
                   1.134                      -2.3256418
                  1.1375                      -2.3206621
                   1.141                       -2.316125
                  1.1445                      -2.3120403
                   1.148                      -2.3084139
                  1.1515                      -2.3052524
                   1.155                      -2.3025636
                  1.1585                      -2.3003526
                   1.162                      -2.2986274
                  1.1655                       -2.297395
                   1.169                       -2.296661
                  1.1725                      -2.2964326
                   1.176                      -2.2967169
                  1.1795                      -2.2975192
                   1.183                       -2.298847
                  1.1865                      -2.3007058
                    1.19                      -2.3031031
                  1.1935                      -2.3060449
                   1.197                      -2.3095373
                  1.2005                      -2.3135871
                   1.204                      -2.3182009
                  1.2075                       -2.323385
                   1.211                      -2.3291462
                  1.2145                      -2.3354903
                   1.218                      -2.3424251
                  1.2215                      -2.3499569
                   1.225                      -2.3580927
                  1.2285                      -2.3668394
                   1.232                      -2.3762047
                  1.2355                      -2.3861959
                   1.239                      -2.3968207
                  1.2425                       -2.408087
                   1.246                      -2.4200023
                  1.2495                      -2.4325759
                   1.253                      -2.4458162
                  1.2565                      -2.4597316
                    1.26                      -2.4743322
                  1.2635                      -2.4896275
                   1.267                      -2.5056273
                  1.2705                      -2.5223427
                   1.274                      -2.5397837
                  1.2775                      -2.5579621
                   1.281                      -2.5768901
                  1.2845                      -2.5965795
                   1.288                      -2.6170431
                  1.2915                       -2.638295
                   1.295                      -2.6603486
                  1.2985                      -2.6832192
                   1.302                      -2.7069219
                  1.3055                       -2.731472
                   1.309                       -2.756888
                  1.3125                      -2.7831861
                   1.316                      -2.8103845
                  1.3195                      -2.8385038
                   1.323                      -2.8675631
                  1.3265                      -2.8975852
                    1.33                      -2.9285912
                  1.3335                      -2.9606037
                   1.337                        -2.99365
                  1.3405                      -3.0277536
                   1.344                      -3.0629416
                  1.3475                      -3.0992439
                   1.351                      -3.1366895
                  1.3545                      -3.1753121
                   1.358                      -3.2151423
                  1.3615                      -3.2562159
                   1.365                      -3.2985715
                  1.3685                      -3.3422458
                   1.372                      -3.3872802
                  1.3755                      -3.4337194
                   1.379                      -3.4816062
                  1.3825                      -3.5309923
                   1.386                      -3.5819259
                  1.3895                      -3.6344593
                   1.393                      -3.6886532
                  1.3965                      -3.7445627
                     1.4                       -3.802251
                  1.4035                      -3.8617867
                   1.407                      -3.9232376
                  1.4105                      -3.9866815
                   1.414                       -4.052192
                  1.4175                      -4.1198525
                   1.421                      -4.1897546
                  1.4245                      -4.2619848
                   1.428                      -4.3366428
                  1.4315                      -4.4138332
                   1.435                      -4.4936627
                  1.4385                      -4.5762536
                   1.442                      -4.6617236
                  1.4455                      -4.7501981
                   1.449                      -4.8418275
                  1.4525                      -4.9367444
                   1.456                      -5.0351121
                  1.4595                      -5.1370935
                   1.463                      -5.2428595
                  1.4665                      -5.3526051
                    1.47                      -5.4665194
                  1.4735                       -5.584811
                   1.477                      -5.7077123
                  1.4805                      -5.8354465
                   1.484                      -5.9682789
                  1.4875                      -6.1064719
                   1.491                      -6.2503127
                  1.4945                       -6.400114
                   1.498                      -6.5561928
                  1.5015                      -6.7188965
                   1.505                      -6.8886107
                  1.5085                      -7.0657095
                   1.512                      -7.2506399
                  1.5155                      -7.4438444
                   1.519                      -7.6458072
                  1.5225                      -7.8570635
                   1.526                      -8.0781541
                  1.5295                      -8.3096777
                   1.533                      -8.5522925
                  1.5365                      -8.8066572
                    1.54                      -9.0735286
                  1.5435                      -9.3536839
                   1.547                      -9.6479597
                  1.5505                      -9.9572731
                   1.554                      -10.282546
                  1.5575                       -10.62479
                   1.561                      -10.985079
                  1.5645                      -11.364469
                   1.568                      -11.764077
                  1.5715                      -12.184993
                   1.575                      -12.628203
                  1.5785                      -13.094604
                   1.582                      -13.584716
                  1.5855                      -14.098612
                   1.589                      -14.635617
                  1.5925                      -15.193752
                   1.596                      -15.769247
                  1.5995                      -16.355572
                   1.603                       -16.94234
                  1.6065                      -17.514107
                    1.61                      -18.049152
                  1.6135                      -18.519455
                   1.617                      -18.892565
                  1.6205                       -19.13641
                   1.624                      -19.226873
                  1.6275                      -19.154984
                   1.631                      -18.930024
                  1.6345                      -18.576304
                   1.638                      -18.126017
                  1.6415                      -17.611579
                   1.645                      -17.060944
                  1.6485                      -16.495786
                   1.652                      -15.931465
                  1.6555                      -15.378334
                   1.659                      -14.842907
                  1.6625                       -14.32893
                   1.666                      -13.838409
                  1.6695                      -13.372021
                   1.673                      -12.929717
                  1.6765                      -12.510998
                    1.68                      -12.114997
                  1.6835                      -11.740746
                   1.687                      -11.387199
                  1.6905                      -11.053246
                   1.694                      -10.737873
                  1.6975                      -10.440029
                   1.701                      -10.158732
                  1.7045                      -9.8930823
                   1.708                      -9.6421856
                  1.7115                      -9.4052345
                   1.715                       -9.181469
                  1.7185                      -8.9701545
                   1.722                      -8.7706497
                  1.7255                      -8.5823113
                   1.729                      -8.4045582
                  1.7325                      -8.2368667
                   1.736                      -8.0787052
                  1.7395                      -7.9296028
                   1.743                      -7.7891187
                  1.7465                      -7.6568156
                    1.75                      -7.5323166
                  1.7535                      -7.4152348
                   1.757                        -7.30522
                  1.7605                      -7.2019523
                   1.764                      -7.1051037
                  1.7675                      -7.0143791
                   1.771                      -6.9295014
                  1.7745                      -6.8501873
                   1.778                      -6.7761947
                  1.7815                      -6.7072684
                   1.785                      -6.6431734
                  1.7885                      -6.5836924
                   1.792                      -6.5286027
                  1.7955                      -6.4777012
                   1.799                      -6.4307833
                  1.8025                      -6.3876578
                   1.806                      -6.3481432
                  1.8095                      -6.3120556
                   1.813                      -6.2792219
                  1.8165                      -6.2494775
                    1.82                      -6.2226559
                  1.8235                      -6.1986017
                   1.827                      -6.1771591
                  1.8305                      -6.1581814
                   1.834                      -6.1415263
                  1.8375                      -6.1270508
                   1.841                      -6.1146202
                  1.8445                       -6.104106
                   1.848                      -6.0953782
                  1.8515                      -6.0883135
                   1.855                      -6.0827918
                  1.8585                      -6.0786979
                   1.862                      -6.0759218
                  1.8655                      -6.0743533
                   1.869                       -6.073888
                  1.8725                      -6.0744274
                   1.876                      -6.0758732
                  1.8795                      -6.0781328
                   1.883                      -6.0811168
                  1.8865                      -6.0847384
                    1.89                       -6.088916
                  1.8935                       -6.093573
                   1.897                      -6.0986301
                  1.9005                      -6.1040192
                   1.904                      -6.1096701
                  1.9075                      -6.1155177
                   1.911                       -6.121502
                  1.9145                      -6.1275591
                   1.918                      -6.1336393
                  1.9215                       -6.139687
                   1.925                      -6.1456533
                  1.9285                      -6.1514923
                   1.932                      -6.1571592
                  1.9355                      -6.1626148
                   1.939                       -6.167819
                  1.9425                      -6.1727353
                   1.946                      -6.1773361
                  1.9495                      -6.1815864
                   1.953                      -6.1854629
                  1.9565                      -6.1889369
                    1.96                      -6.1919895
                  1.9635                      -6.1946001
                   1.967                      -6.1967481
                  1.9705                       -6.198422
                   1.974                       -6.199609
                  1.9775                      -6.2002949
                   1.981                      -6.2004719
                  1.9845                      -6.2001375
                   1.988                      -6.1992826
                  1.9915                       -6.197907
                   1.995                      -6.1960066
                  1.9985                      -6.1935832
                   2.002                      -6.1906404
                  2.0055                      -6.1871815
                   2.009                       -6.183206
                  2.0125                      -6.1787254
                   2.016                      -6.1737467
                  2.0195                      -6.1682721
                   2.023                      -6.1623146
                  2.0265                      -6.1558814
                    2.03                       -6.148987
                  2.0335                      -6.1416358
                   2.037                      -6.1338421
                  2.0405                       -6.125617
                   2.044                      -6.1169737
                  2.0475                      -6.1079206
                   2.051                      -6.0984763
                  2.0545                      -6.0886461
                   2.058                      -6.0784462
                  2.0615                      -6.0678917
                   2.065                      -6.0569914
                  2.0685                      -6.0457601
                   2.072                      -6.0342122
                  2.0755                      -6.0223595
                   2.079                      -6.0102142
                  2.0825                      -5.9977909
                   2.086                      -5.9851005
                  2.0895                       -5.972161
                   2.093                      -5.9589805
                  2.0965                      -5.9455731
                     2.1                      -5.9319535
                  2.1035                      -5.9181344
                   2.107                       -5.904127
                  2.1105                      -5.8899427
                   2.114                      -5.8756004
                  2.1175                      -5.8611069
                   2.121                      -5.8464737
                  2.1245                      -5.8317176
                   2.128                      -5.8168492
                  2.1315                      -5.8018747
                   2.135                      -5.7868113
                  2.1385                      -5.7716645
                   2.142                      -5.7564512
                  2.1455                      -5.7411762
                   2.149                      -5.7258507
                  2.1525                       -5.710487
                   2.156                      -5.6950885
                  2.1595                       -5.679669
                   2.163                       -5.664237
                  2.1665                       -5.648797
                    2.17                      -5.6333542
                  2.1735                      -5.6179237
                   2.177                      -5.6025071
                  2.1805                      -5.5871123
                   2.184                      -5.5717494
                  2.1875                      -5.5564158
                   2.191                      -5.5411239
                  2.1945                      -5.5258758
                   2.198                      -5.5106814
                  2.2015                      -5.4955418
                   2.205                      -5.4804635
                  2.2085                      -5.4654496
                   2.212                      -5.4505103
                  2.2155                      -5.4356436
                   2.219                      -5.4208576
                  2.2225                      -5.4061538
                   2.226                       -5.391536
                  2.2295                      -5.3770133
                   2.233                      -5.3625837
                  2.2365                      -5.3482559
                    2.24                      -5.3340332
                  2.2435                      -5.3199125
                   2.247                         -5.3059
                  2.2505                      -5.2920032
                   2.254                      -5.2782195
                  2.2575                      -5.2645541
                   2.261                      -5.2510069
                  2.2645                      -5.2375845
                   2.268                       -5.224283
                  2.2715                      -5.2111078
                   2.275                      -5.1980631
                  2.2785                      -5.1851412
                   2.282                      -5.1723486
                  2.2855                      -5.1596892
                   2.289                      -5.1471585
                  2.2925                      -5.1347626
                   2.296                       -5.122495
                  2.2995                      -5.1103596
                   2.303                       -5.098358
                  2.3065                      -5.0864863
                    2.31                      -5.0747485
                  2.3135                      -5.0631405
                   2.317                      -5.0516661
                  2.3205                      -5.0403222
                   2.324                        -5.02911
                  2.3275                      -5.0180285
                   2.331                      -5.0070802
                  2.3345                      -4.9962614
                   2.338                       -4.985572
                  2.3415                      -4.9750146
                   2.345                      -4.9645864
                  2.3485                      -4.9542901
                   2.352                      -4.9441218
                  2.3555                      -4.9340825
                   2.359                      -4.9241737
                  2.3625                      -4.9143933
                   2.366                      -4.9047402
                  2.3695                      -4.8952166
                   2.373                      -4.8858193
                  2.3765                      -4.8765475
                    2.38                      -4.8674035
                  2.3835                      -4.8583831
                   2.387                      -4.8494886
                  2.3905                      -4.8407172
                   2.394                      -4.8320643
                  2.3975                      -4.8235338
                   2.401                      -4.8151244
                  2.4045                      -4.8068315
                   2.408                      -4.7986533
                  2.4115                      -4.7905917
                   2.415                      -4.7826413
                  2.4185                      -4.7748053
                   2.422                      -4.7670777
                  2.4255                      -4.7594587
                   2.429                      -4.7519446
                  2.4325                       -4.744537
                   2.436                      -4.7372329
                  2.4395                      -4.7300336
                   2.443                      -4.7229331
                  2.4465                      -4.7159312
                    2.45                      -4.7090265
                  2.4535                      -4.7022195
                   2.457                      -4.6955093
                  2.4605                      -4.6888943
                   2.464                      -4.6823714
                  2.4675                      -4.6759417
                   2.471                      -4.6696029
                  2.4745                      -4.6633569
                   2.478                      -4.6571997
                  2.4815                      -4.6511309
                   2.485                      -4.6451505
                  2.4885                      -4.6392576
                   2.492                      -4.6334512
                  2.4955                      -4.6277292
                   2.499                       -4.622092
                  2.5025                      -4.6165383
                   2.506                      -4.6110633
                  2.5095                      -4.6056727
                   2.513                      -4.6003596
                  2.5165                      -4.5951249
                    2.52                       -4.589967
                  2.5235                      -4.5848839
                   2.527                      -4.5798753
                  2.5305                      -4.5749384
                   2.534                      -4.5700734
                  2.5375                      -4.5652765
                   2.541                      -4.5605498
                  2.5445                      -4.5558909
                   2.548                      -4.5512954
                  2.5515                      -4.5467659
                   2.555                      -4.5423014
                  2.5585                      -4.5378975
                   2.562                      -4.5335567
                  2.5655                      -4.5292764
                   2.569                      -4.5250572
                  2.5725                      -4.5208971
                   2.576                      -4.5167967
                  2.5795                      -4.5127549
                   2.583                      -4.5087722
                  2.5865                      -4.5048482
                    2.59                       -4.500983
                  2.5935                      -4.4971728
                   2.597                      -4.4934217
                  2.6005                      -4.4897295
                   2.604                      -4.4860932
                  2.6075                      -4.4825141
                   2.611                      -4.4789921
                  2.6145                       -4.475528
                   2.618                        -4.47212
                  2.6215                      -4.4687674
                   2.625                      -4.4654701
                  2.6285                      -4.4622284
                   2.632                      -4.4590411
                  2.6355                      -4.4559092
                   2.639                      -4.4528297
                  2.6425                      -4.4498041
                   2.646                        -4.44683
                  2.6495                      -4.4439083
                   2.653                      -4.4410374
                  2.6565                      -4.4382175
                    2.66                      -4.4354475
                  2.6635                      -4.4327273
                   2.667                      -4.4300554
                  2.6705                      -4.4274336
                   2.674                      -4.4248596
                  2.6775                      -4.4223338
                   2.681                      -4.4198568
                  2.6845                      -4.4174285
                   2.688                      -4.4150479
                  2.6915                      -4.4127159
                   2.695                       -4.410432
                  2.6985                      -4.4081987
                   2.702                       -4.406013
                  2.7055                      -4.4038761
                   2.709                      -4.4017907
                  2.7125                      -4.3997552
                   2.716                      -4.3977708
                  2.7195                      -4.3958369
                   2.723                       -4.393954
                  2.7265                      -4.3921215
                    2.73                      -4.3903418
                  2.7335                      -4.3886142
                   2.737                      -4.3869377
                  2.7405                      -4.3853138
                   2.744                      -4.3837403
                  2.7475                      -4.3822184
                   2.751                      -4.3807493
                  2.7545                      -4.3793298
                   2.758                      -4.3779613
                  2.7615                      -4.3766423
                   2.765                      -4.3753752
                  2.7685                      -4.3741565
                   2.772                      -4.3729869
                  2.7755                      -4.3718667
                   2.779                      -4.3707963
                  2.7825                      -4.3697727
                   2.786                      -4.3687969
                  2.7895                      -4.3678708
                   2.793                      -4.3669923
                  2.7965                      -4.3661611
                     2.8                      -4.3653798
                  2.8035                      -4.3646464
                   2.807                       -4.363962
                  2.8105                      -4.3633261
                   2.814                      -4.3627395
                  2.8175                      -4.3622039
                   2.821                      -4.3617169
                  2.8245                      -4.3612822
                   2.828                      -4.3608996
                  2.8315                      -4.3605682
                   2.835                      -4.3602906
                  2.8385                      -4.3600655
                   2.842                      -4.3598946
                  2.8455                      -4.3597778
                   2.849                      -4.3597147
                  2.8525                      -4.3597082
                   2.856                      -4.3597557
                  2.8595                      -4.3598588
                   2.863                       -4.360018
                  2.8665                      -4.3602332
                    2.87                      -4.3605052
                  2.8735                      -4.3608319
                   2.877                       -4.361217
                  2.8805                      -4.3616572
                   2.884                      -4.3621543
                  2.8875                      -4.3627091
                   2.891                      -4.3633206
                  2.8945                      -4.3639887
                   2.898                      -4.3647162
                  2.9015                      -4.3655021
                   2.905                      -4.3663448
                  2.9085                      -4.3672493
                   2.912                      -4.3682119
                  2.9155                      -4.3692368
                   2.919                      -4.3703237
                  2.9225                      -4.3714746
                   2.926                      -4.3726888
                  2.9295                      -4.3739698
                   2.933                      -4.3753166
                  2.9365                      -4.3767332
                    2.94                      -4.3782191
                  2.9435                      -4.3797759
                   2.947                      -4.3814079
                  2.9505                      -4.3831143
                   2.954                      -4.3848975
                  2.9575                      -4.3867591
                   2.961                         -4.3887
                  2.9645                      -4.3907217
                   2.968                      -4.3928281
                  2.9715                      -4.3950169
                   2.975                      -4.3972937
                  2.9785                      -4.3996584
                   2.982                      -4.4021113
                  2.9855                      -4.4046572
                   2.989                      -4.4072923
                  2.9925                      -4.4100251
                   2.996                      -4.4128511
                  2.9995                      -4.4157715
                   3.003                      -4.4187954
                  3.0065                       -4.421917
                    3.01                      -4.4251414
                  3.0135                      -4.4284697
                   3.017                      -4.4319024
                  3.0205                      -4.4354451
                   3.024                      -4.4390954
                  3.0275                        -4.44286
                   3.031                      -4.4467382
                  3.0345                      -4.4507339
                   3.038                       -4.454849
                  3.0415                      -4.4590857
                   3.045                      -4.4634492
                  3.0485                      -4.4679382
                   3.052                      -4.4725597
                  3.0555                      -4.4773151
                   3.059                      -4.4822075
                  3.0625                      -4.4872378
                   3.066                      -4.4924121
                  3.0695                      -4.4977324
                   3.073                      -4.5032004
                  3.0765                      -4.5088222
                    3.08                      -4.5145969
                  3.0835                      -4.5205307
                   3.087                      -4.5266248
                  3.0905                      -4.5328811
                   3.094                      -4.5393061
                  3.0975                      -4.5459004
                   3.101                      -4.5526653
                  3.1045                      -4.5596058
                   3.108                      -4.5667247
                  3.1115                      -4.5740229
                   3.115                      -4.5815028
                  3.1185                      -4.5891701
                   3.122                      -4.5970254
                  3.1255                      -4.6050728
                   3.129                      -4.6133116
                  3.1325                      -4.6217496
                   3.136                       -4.630387
                  3.1395                      -4.6392279
                   3.143                      -4.6482751
                  3.1465                      -4.6575306
                    3.15                      -4.6670002
                  3.1535                      -4.6766842
                   3.157                      -4.6865888
                  3.1605                      -4.6967172
                   3.164                      -4.7070708
                  3.1675                      -4.7176541
                   3.171                      -4.7284702
                  3.1745                      -4.7395266
                   3.178                      -4.7508208
                  3.1815                      -4.7623614
                   3.185                      -4.7741468
                  3.1885                      -4.7861867
                   3.192                      -4.7984788
                  3.1955                      -4.8110287
                   3.199                      -4.8238421
                  3.2025                      -4.8369164
                   3.206                      -4.8502622
                  3.2095                      -4.8638784
                   3.213                       -4.877767
                  3.2165                      -4.8919352
                    3.22                      -4.9063813
                  3.2235                      -4.9211093
                   3.227                      -4.9361251
                  3.2305                      -4.9514291
                   3.234                      -4.9670274
                  3.2375                      -4.9829171
                   3.241                      -4.9991078
                  3.2445                      -5.0155953
                   3.248                      -5.0323892
                  3.2515                       -5.049491
                   3.255                      -5.0669058
                  3.2585                      -5.0846296
                   3.262                      -5.1026746
                  3.2655                      -5.1210395
                   3.269                      -5.1397302
                  3.2725                      -5.1587468
                   3.276                      -5.1780963
                  3.2795                      -5.1977825
                   3.283                      -5.2178092
                  3.2865                      -5.2381809
                    3.29                      -5.2589015
                  3.2935                      -5.2799733
                   3.297                      -5.3014009
                  3.3005                        -5.32319
                   3.304                      -5.3453424
                  3.3075                      -5.3678662
                   3.311                      -5.3907627
                  3.3145                      -5.4140372
                   3.318                      -5.4376932
                  3.3215                       -5.461737
                   3.325                      -5.4861709
                  3.3285                      -5.5110002
                   3.332                      -5.5362234
                  3.3355                      -5.5618523
                   3.339                      -5.5878893
                  3.3425                      -5.6143382
                   3.346                      -5.6412069
                  3.3495                      -5.6684927
                   3.353                      -5.6962026
                  3.3565                      -5.7243459
                    3.36                      -5.7529239
                  3.3635                      -5.7819428
                   3.367                      -5.8114063
                  3.3705                      -5.8413167
                   3.374                      -5.8716883
                  3.3775                      -5.9025236
                   3.381                       -5.933823
                  3.3845                      -5.9655975
                   3.388                      -5.9978472
                  3.3915                      -6.0305851
                   3.395                      -6.0638135
                  3.3985                      -6.0975406
                   3.402                      -6.1317716
                  3.4055                       -6.166512
                   3.409                      -6.2017617
                  3.4125                      -6.2375358
                   3.416                      -6.2738414
                  3.4195                      -6.3106785
                   3.423                      -6.3480534
                  3.4265                      -6.3859725
                    3.43                      -6.4244405
                  3.4335                      -6.4634687
                   3.437                      -6.5030544
                  3.4405                      -6.5432057
                   3.444                      -6.5839257
                  3.4475                      -6.6252184
                   3.451                      -6.6670923
                  3.4545                      -6.7095473
                   3.458                      -6.7525914
                  3.4615                       -6.796222
                   3.465                      -6.8404397
                  3.4685                       -6.885256
                   3.472                      -6.9306692
                  3.4755                      -6.9766825
                   3.479                      -7.0232966
                  3.4825                      -7.0705095
                   3.486                      -7.1183309
                  3.4895                      -7.1667554
                   3.493                      -7.2157862
                  3.4965                      -7.2654173
                     3.5                      -7.3156526
