Frequency    S2,2_[25]

                       0                 -8.6858896e-007
                  0.0035                 -3.6644444e-014
                   0.007                 -6.3452747e-013
                  0.0105                 -3.5381175e-012
                   0.014                 -1.2686692e-011
                  0.0175                 -3.5723511e-011
                   0.021                 -8.5969794e-011
                  0.0245                 -1.8534953e-010
                   0.028                 -3.6723615e-010
                  0.0315                 -6.8033978e-010
                   0.035                  -1.193363e-009
                  0.0385                 -1.9984038e-009
                   0.042                 -3.2180774e-009
                  0.0455                 -5.0093157e-009
                   0.049                 -7.5712927e-009
                  0.0525                 -1.1149563e-008
                   0.056                 -1.6047501e-008
                  0.0595                 -2.2625715e-008
                   0.063                 -3.1320237e-008
                  0.0665                 -4.2645528e-008
                    0.07                  -5.720818e-008
                  0.0735                  -7.570666e-008
                   0.077                 -9.8954984e-008
                  0.0805                 -1.2788856e-007
                   0.084                 -1.6357676e-007
                  0.0875                 -2.0721718e-007
                   0.091                 -2.6023944e-007
                  0.0945                  -3.241493e-007
                   0.098                 -4.0074945e-007
                  0.1015                 -4.9198587e-007
                   0.105                 -6.0006126e-007
                  0.1085                  -7.274682e-007
                   0.112                 -8.7689542e-007
                  0.1155                 -1.0514713e-006
                   0.119                 -1.2544702e-006
                  0.1225                 -1.4896489e-006
                   0.126                 -1.7610856e-006
                  0.1295                 -2.0732958e-006
                   0.133                 -2.4313004e-006
                  0.1365                 -2.8403827e-006
                    0.14                 -3.3065468e-006
                  0.1435                 -3.8362705e-006
                   0.147                 -4.4365733e-006
                  0.1505                 -5.1151229e-006
                   0.154                 -5.8802073e-006
                  0.1575                 -6.7408747e-006
                   0.161                 -7.7071165e-006
                  0.1645                 -8.7890974e-006
                   0.168                 -9.9984865e-006
                  0.1715                 -1.1347905e-005
                   0.175                  -1.285041e-005
                  0.1785                 -1.4520664e-005
                   0.182                 -1.6373999e-005
                  0.1855                 -1.8427698e-005
                   0.189                  -2.069973e-005
                  0.1925                  -2.320983e-005
                   0.196                 -2.5979113e-005
                  0.1995                 -2.9030544e-005
                   0.203                 -3.2389118e-005
                  0.2065                 -3.6081715e-005
                    0.21                 -4.0137208e-005
                  0.2135                 -4.4587165e-005
                   0.217                 -4.9464987e-005
                  0.2205                 -5.4807792e-005
                   0.224                  -6.065535e-005
                  0.2275                 -6.7051076e-005
                   0.231                 -7.4041529e-005
                  0.2345                  -8.167635e-005
                   0.238                 -9.0011688e-005
                  0.2415                 -9.9105955e-005
                   0.245                  -0.00010902302
                  0.2485                  -0.00011983253
                   0.252                  -0.00013160994
                  0.2555                  -0.00014443579
                   0.259                  -0.00015839888
                  0.2625                  -0.00017359385
                   0.266                  -0.00019012283
                  0.2695                  -0.00020809774
                   0.273                  -0.00022763956
                  0.2765                  -0.00024887393
                    0.28                  -0.00027194777
                  0.2835                  -0.00029700541
                   0.287                  -0.00032421567
                  0.2905                  -0.00035375722
                   0.294                  -0.00038581619
                  0.2975                  -0.00042060264
                   0.301                  -0.00045834339
                  0.3045                  -0.00049927633
                   0.308                  -0.00054367423
                  0.3115                  -0.00059181395
                   0.315                  -0.00064400973
                  0.3185                  -0.00070059799
                   0.322                  -0.00076194685
                  0.3255                  -0.00082845097
                   0.329                  -0.00090054626
                  0.3325                  -0.00097870699
                   0.336                   -0.0010634476
                  0.3395                   -0.0011553326
                   0.343                   -0.0012549661
                  0.3465                   -0.0013630366
                    0.35                    -0.001480263
                  0.3535                   -0.0016074655
                   0.357                   -0.0017455165
                  0.3605                   -0.0018953825
                   0.364                   -0.0020581363
                  0.3675                   -0.0022349407
                   0.371                   -0.0024270737
                  0.3745                   -0.0026359556
                   0.378                   -0.0028631475
                  0.3815                   -0.0031103469
                   0.385                   -0.0033794706
                  0.3885                   -0.0036726064
                   0.392                   -0.0039920434
                  0.3955                   -0.0043403761
                   0.399                   -0.0047204096
                  0.4025                   -0.0051353044
                   0.406                   -0.0055885589
                  0.4095                   -0.0060840384
                   0.413                   -0.0066260841
                  0.4165                   -0.0072195018
                    0.42                   -0.0078696693
                  0.4235                   -0.0085825808
                   0.427                   -0.0093649461
                  0.4305                    -0.010224298
                   0.434                    -0.011169071
                  0.4375                    -0.012208728
                   0.441                    -0.013353936
                  0.4445                    -0.014616637
                   0.448                    -0.016010345
                  0.4515                    -0.017550306
                   0.455                    -0.019253637
                  0.4585                    -0.021139724
                   0.462                     -0.02323048
                  0.4655                    -0.025550615
                   0.469                    -0.028127964
                  0.4725                    -0.030994038
                   0.476                    -0.034184222
                  0.4795                    -0.037738355
                   0.483                    -0.041701017
                  0.4865                     -0.04612209
                    0.49                    -0.051056795
                  0.4935                     -0.05656621
                   0.497                    -0.062717173
                  0.5005                    -0.069581754
                   0.504                    -0.077236929
                  0.5075                    -0.085763266
                   0.511                    -0.095242677
                  0.5145                     -0.10575591
                   0.518                     -0.11737842
                  0.5215                      -0.1301757
                   0.525                     -0.14419683
                  0.5285                     -0.15946781
                   0.532                     -0.17598439
                  0.5355                     -0.19370601
                   0.539                     -0.21255034
                  0.5425                     -0.23239187
                   0.546                     -0.25306509
                  0.5495                      -0.2743736
                   0.553                      -0.2961017
                  0.5565                     -0.31803514
                    0.56                     -0.33997974
                  0.5635                     -0.36178417
                   0.567                     -0.38335497
                  0.5705                     -0.40466933
                   0.574                     -0.42578056
                  0.5775                     -0.44681646
                   0.581                      -0.4679747
                  0.5845                     -0.48951217
                   0.588                     -0.51173658
                  0.5915                     -0.53499618
                   0.595                     -0.55967765
                  0.5985                       -0.586197
                   0.602                     -0.61500248
                  0.6055                     -0.64657991
                   0.609                      -0.6814509
                  0.6125                     -0.72019496
                   0.616                     -0.76344465
                  0.6195                     -0.81191679
                   0.623                     -0.86641868
                  0.6265                      -0.9278763
                    0.63                     -0.99735379
                  0.6335                      -1.0760877
                   0.637                      -1.1655273
                  0.6405                      -1.2673638
                   0.644                      -1.3835985
                  0.6475                      -1.5165917
                   0.651                      -1.6691515
                  0.6545                      -1.8446018
                   0.658                      -2.0469042
                  0.6615                      -2.2807911
                   0.665                      -2.5518979
                  0.6685                      -2.8669578
                   0.672                      -3.2340104
                  0.6755                      -3.6626388
                   0.679                      -4.1643115
                  0.6825                      -4.7526697
                   0.686                      -5.4440116
                  0.6895                      -6.2576396
                   0.693                      -7.2162577
                  0.6965                      -8.3453643
                     0.7                      -9.6702976
                  0.7035                      -11.204021
                   0.707                      -12.907564
                  0.7105                      -14.580869
                   0.714                      -15.701755
                  0.7175                      -15.658541
                   0.721                      -14.564543
                  0.7245                       -13.07402
                   0.728                      -11.614753
                  0.7315                      -10.326143
                   0.735                      -9.2246475
                  0.7385                      -8.2907296
                   0.742                      -7.4982217
                  0.7455                      -6.8230298
                   0.749                      -6.2447898
                  0.7525                      -5.7469575
                   0.756                      -5.3160982
                  0.7595                       -4.941348
                   0.763                      -4.6138641
                  0.7665                      -4.3264434
                    0.77                      -4.0731662
                  0.7735                      -3.8491354
                   0.777                      -3.6502742
                  0.7805                      -3.4732016
                   0.784                      -3.3150658
                  0.7875                      -3.1734594
                   0.791                       -3.046345
                  0.7945                      -2.9319921
                   0.798                      -2.8289156
                  0.8015                       -2.735845
                   0.805                      -2.6516747
                  0.8085                      -2.5754604
                   0.812                      -2.5063769
                  0.8155                       -2.443706
                   0.819                      -2.3868121
                  0.8225                      -2.3351431
                   0.826                      -2.2882165
                  0.8295                      -2.2456006
                   0.833                       -2.206907
                  0.8365                      -2.1718009
                    0.84                      -2.1399763
                  0.8435                      -2.1111634
                   0.847                      -2.0851173
                  0.8505                      -2.0616171
                   0.854                      -2.0404653
                  0.8575                      -2.0214797
                   0.861                      -2.0044959
                  0.8645                      -1.9893687
                   0.868                      -1.9759555
                  0.8715                      -1.9641321
                   0.875                      -1.9537842
                  0.8785                      -1.9448071
                   0.882                      -1.9370958
                  0.8855                      -1.9305661
                   0.889                      -1.9251266
                  0.8925                      -1.9207022
                   0.896                      -1.9172168
                  0.8995                      -1.9146012
                   0.903                      -1.9127894
                  0.9065                      -1.9117233
                    0.91                      -1.9113416
                  0.9135                      -1.9115932
                   0.917                      -1.9124245
                  0.9205                      -1.9137897
                   0.924                      -1.9156407
                  0.9275                      -1.9179379
                   0.931                      -1.9206384
                  0.9345                      -1.9237061
                   0.938                      -1.9271046
                  0.9415                       -1.930802
                   0.945                      -1.9347648
                  0.9485                      -1.9389666
                   0.952                      -1.9433798
                  0.9555                      -1.9479809
                   0.959                       -1.952747
                  0.9625                      -1.9576599
                   0.966                      -1.9627005
                  0.9695                      -1.9678545
                   0.973                       -1.973108
                  0.9765                      -1.9784509
                    0.98                      -1.9838739
                  0.9835                      -1.9893721
                   0.987                       -1.994941
                  0.9905                       -2.000578
                   0.994                       -2.006283
                  0.9975                      -2.0120596
                   1.001                      -2.0179115
                  1.0045                      -2.0238445
                   1.008                      -2.0298661
                  1.0115                      -2.0359866
                   1.015                      -2.0422173
                  1.0185                      -2.0485705
                   1.022                      -2.0550601
                  1.0255                      -2.0617011
                   1.029                      -2.0685104
                  1.0325                      -2.0755049
                   1.036                      -2.0827021
                  1.0395                      -2.0901224
                   1.043                      -2.0977855
                  1.0465                      -2.1057104
                    1.05                      -2.1139194
                  1.0535                      -2.1224323
                   1.057                      -2.1312729
                  1.0605                      -2.1404618
                   1.064                       -2.150022
                  1.0675                      -2.1599767
                   1.071                      -2.1703493
                  1.0745                      -2.1811628
                   1.078                      -2.1924421
                  1.0815                      -2.2042109
                   1.085                      -2.2164951
                  1.0885                      -2.2293192
                   1.092                      -2.2427086
                  1.0955                      -2.2566908
                   1.099                      -2.2712923
                  1.1025                      -2.2865412
                   1.106                      -2.3024654
                  1.1095                       -2.319094
                   1.113                      -2.3364582
                  1.1165                      -2.3545873
                    1.12                      -2.3735136
                  1.1235                      -2.3932709
                   1.127                      -2.4138928
                  1.1305                      -2.4354139
                   1.134                      -2.4578709
                  1.1375                       -2.481301
                   1.141                      -2.5057442
                  1.1445                      -2.5312407
                   1.148                      -2.5578306
                  1.1515                      -2.5855593
                   1.155                       -2.614471
                  1.1585                      -2.6446137
                   1.162                      -2.6760347
                  1.1655                      -2.7087837
                   1.169                      -2.7429168
                  1.1725                       -2.778485
                   1.176                      -2.8155452
                  1.1795                      -2.8541583
                   1.183                      -2.8943848
                  1.1865                      -2.9362907
                    1.19                      -2.9799408
                  1.1935                       -3.025404
                   1.197                      -3.0727573
                  1.2005                      -3.1220722
                   1.204                      -3.1734291
                  1.2075                      -3.2269121
                   1.211                       -3.282607
                  1.2145                      -3.3406071
                   1.218                      -3.4010046
                  1.2215                      -3.4638974
                   1.225                      -3.5293956
                  1.2285                      -3.5976029
                   1.232                      -3.6686336
                  1.2355                      -3.7426116
                   1.239                      -3.8196596
                  1.2425                      -3.8999155
                   1.246                      -3.9835124
                  1.2495                      -4.0705968
                   1.253                      -4.1613298
                  1.2565                      -4.2558653
                    1.26                      -4.3543735
                  1.2635                      -4.4570406
                   1.267                      -4.5640491
                  1.2705                      -4.6756077
                   1.274                      -4.7919181
                  1.2775                      -4.9132036
                   1.281                       -5.039706
                  1.2845                      -5.1716673
                   1.288                      -5.3093466
                  1.2915                      -5.4530331
                   1.295                      -5.6030122
                  1.2985                      -5.7596078
                   1.302                      -5.9231416
                  1.3055                      -6.0939645
                   1.309                      -6.2724651
                  1.3125                      -6.4590298
                   1.316                      -6.6540804
                  1.3195                       -6.858083
                   1.323                      -7.0715084
                  1.3265                      -7.2948843
                    1.33                      -7.5287534
                  1.3335                      -7.7736913
                   1.337                      -8.0303576
                  1.3405                      -8.2993862
                   1.344                      -8.5815004
                  1.3475                      -8.8774704
                   1.351                      -9.1880805
                  1.3545                      -9.5142106
                   1.358                      -9.8567153
                  1.3615                      -10.216522
                   1.365                      -10.594588
                  1.3685                      -10.991813
                   1.372                      -11.409089
                  1.3755                      -11.847214
                   1.379                      -12.306741
                  1.3825                      -12.787962
                   1.386                       -13.29058
                  1.3895                      -13.813473
                   1.393                      -14.354349
                  1.3965                      -14.908968
                     1.4                       -15.47052
                  1.4035                      -16.028642
                   1.407                      -16.568281
                  1.4105                      -17.069068
                   1.414                      -17.505288
                  1.4175                       -17.84796
                   1.421                      -18.069069
                  1.4245                      -18.147787
                   1.428                      -18.076368
                  1.4315                      -17.862577
                   1.435                      -17.527246
                  1.4385                      -17.098368
                   1.442                      -16.604962
                  1.4455                      -16.072719
                   1.449                      -15.521971
                  1.4525                       -14.96782
                   1.456                      -14.420616
                  1.4595                      -13.887178
                   1.463                       -13.37171
                  1.4665                      -12.876519
                    1.47                      -12.402746
                  1.4735                      -11.950674
                   1.477                      -11.520019
                  1.4805                      -11.110247
                   1.484                      -10.720545
                  1.4875                      -10.350058
                   1.491                      -9.9978574
                  1.4945                       -9.663004
                   1.498                      -9.3446066
                  1.5015                      -9.0417843
                   1.505                      -8.7536792
                  1.5085                      -8.4795343
                   1.512                      -8.2185679
                  1.5155                      -7.9700981
                   1.519                      -7.7334684
                  1.5225                      -7.5080523
                   1.526                      -7.2932925
                  1.5295                      -7.0886496
                   1.533                      -6.8936117
                  1.5365                      -6.7077304
                    1.54                      -6.5305537
                  1.5435                      -6.3616797
                   1.547                       -6.200726
                  1.5505                      -6.0473262
                   1.554                      -5.9011584
                  1.5575                      -5.7619022
                   1.561                      -5.6292565
                  1.5645                      -5.5029533
                   1.568                      -5.3827291
                  1.5715                      -5.2683368
                   1.575                      -5.1595527
                  1.5785                      -5.0561509
                   1.582                      -4.9579373
                  1.5855                        -4.86472
                   1.589                      -4.7763142
                  1.5925                      -4.6925557
                   1.596                      -4.6132834
                  1.5995                      -4.5383482
                   1.603                      -4.4676123
                  1.6065                      -4.4009396
                    1.61                      -4.3382114
                  1.6135                      -4.2793119
                   1.617                      -4.2241301
                  1.6205                      -4.1725703
                   1.624                      -4.1245349
                  1.6275                      -4.0799393
                   1.631                      -4.0387035
                  1.6345                      -4.0007509
                   1.638                      -3.9660169
                  1.6415                      -3.9344372
                   1.645                      -3.9059556
                  1.6485                      -3.8805227
                   1.652                      -3.8580917
                  1.6555                      -3.8386231
                   1.659                      -3.8220818
                  1.6625                      -3.8084376
                   1.666                      -3.7976656
                  1.6695                      -3.7897453
                   1.673                      -3.7846614
                  1.6765                      -3.7824014
                    1.68                      -3.7829597
                  1.6835                      -3.7863326
                   1.687                      -3.7925208
                  1.6905                      -3.8015312
                   1.694                      -3.8133701
                  1.6975                      -3.8280502
                   1.701                      -3.8455883
                  1.7045                      -3.8659998
                   1.708                      -3.8893073
                  1.7115                      -3.9155326
                   1.715                         -3.9447
                  1.7185                       -3.976839
                   1.722                      -4.0119732
                  1.7255                      -4.0501349
                   1.729                      -4.0913528
                  1.7325                      -4.1356477
                   1.736                      -4.1830544
                  1.7395                      -4.2335973
                   1.743                       -4.287295
                  1.7465                       -4.344176
                    1.75                      -4.4042493
                  1.7535                      -4.4675343
                   1.757                      -4.5340376
                  1.7605                      -4.6037499
                   1.764                      -4.6766778
                  1.7675                      -4.7528046
                   1.771                      -4.8320978
                  1.7745                      -4.9145446
                   1.778                      -5.0000815
                  1.7815                      -5.0886698
                   1.785                      -5.1802442
                  1.7885                      -5.2747147
                   1.792                      -5.3719986
                  1.7955                      -5.4719828
                   1.799                      -5.5745568
                  1.8025                      -5.6795844
                   1.806                      -5.7869048
                  1.8095                      -5.8963706
                   1.813                      -6.0077944
                  1.8165                      -6.1209733
                    1.82                      -6.2357158
                  1.8235                      -6.3517964
                   1.827                      -6.4689793
                  1.8305                      -6.5870396
                   1.834                      -6.7057011
                  1.8375                      -6.8247109
                   1.841                      -6.9438135
                  1.8445                      -7.0627233
                   1.848                      -7.1811794
                  1.8515                      -7.2988903
                   1.855                      -7.4155986
                  1.8585                       -7.531039
                   1.862                      -7.6449352
                  1.8655                       -7.757044
                   1.869                      -7.8671218
                  1.8725                      -7.9749249
                   1.876                      -8.0802538
                  1.8795                      -8.1828889
                   1.883                      -8.2826665
                  1.8865                      -8.3794104
                    1.89                      -8.4729608
                  1.8935                      -8.5632247
                   1.897                      -8.6500668
                  1.9005                      -8.7334104
                   1.904                      -8.8131987
                  1.9075                       -8.889372
                   1.911                       -8.961924
                  1.9145                       -9.030823
                   1.918                       -9.096091
                  1.9215                      -9.1577525
                   1.925                      -9.2158457
                  1.9285                      -9.2704149
                   1.932                      -9.3215269
                  1.9355                      -9.3692483
                   1.939                      -9.4136618
                  1.9425                      -9.4548466
                   1.946                      -9.4928909
                  1.9495                      -9.5278832
                   1.953                      -9.5599199
                  1.9565                      -9.5890779
                    1.96                      -9.6154518
                  1.9635                      -9.6391221
                   1.967                      -9.6601686
                  1.9705                      -9.6786671
                   1.974                      -9.6946773
                  1.9775                      -9.7082666
                   1.981                      -9.7194858
                  1.9845                      -9.7283756
                   1.988                      -9.7349794
                  1.9915                       -9.739322
                   1.995                      -9.7414308
                  1.9985                      -9.7413177
                   2.002                      -9.7389866
                  2.0055                      -9.7344376
                   2.009                      -9.7276744
                  2.0125                      -9.7186741
                   2.016                      -9.7074211
                  2.0195                      -9.6939045
                   2.023                      -9.6780905
                  2.0265                      -9.6599574
                    2.03                      -9.6394634
                  2.0335                      -9.6165966
                   2.037                       -9.591316
                  2.0405                      -9.5635931
                   2.044                      -9.5333908
                  2.0475                      -9.5007013
                   2.051                      -9.4654774
                  2.0545                      -9.4277126
                   2.058                      -9.3873871
                  2.0615                      -9.3444868
                   2.065                      -9.2989968
                  2.0685                      -9.2509285
                   2.072                      -9.2002827
                  2.0755                      -9.1470562
                   2.079                      -9.0912829
                  2.0825                       -9.032972
                   2.086                      -8.9721691
                  2.0895                      -8.9088911
                   2.093                      -8.8431987
                  2.0965                       -8.775146
                     2.1                      -8.7047772
                  2.1035                      -8.6321587
                   2.107                      -8.5573841
                  2.1105                      -8.4805037
                   2.114                      -8.4015974
                  2.1175                      -8.3207899
                   2.121                      -8.2381335
                  2.1245                      -8.1537488
                   2.128                      -8.0677331
                  2.1315                      -7.9801979
                   2.135                      -7.8912359
                  2.1385                      -7.8009794
                   2.142                      -7.7095104
                  2.1455                      -7.6169713
                   2.149                      -7.5234649
                  2.1525                      -7.4290925
                   2.156                      -7.3339947
                  2.1595                      -7.2382602
                   2.163                      -7.1420103
                  2.1665                       -7.045341
                    2.17                      -6.9483733
                  2.1735                      -6.8511954
                   2.177                      -6.7539272
                  2.1805                      -6.6566512
                   2.184                      -6.5594604
                  2.1875                      -6.4624584
                   2.191                      -6.3657116
                  2.1945                      -6.2693151
                   2.198                      -6.1733327
                  2.2015                      -6.0778601
                   2.205                      -5.9829527
                  2.2085                      -5.8886797
                   2.212                      -5.7950897
                  2.2155                      -5.7022607
                   2.219                      -5.6102462
                  2.2225                       -5.519082
                   2.226                      -5.4288181
                  2.2295                      -5.3395016
                   2.233                      -5.2511778
                  2.2365                      -5.1638706
                    2.24                      -5.0776198
                  2.2435                      -4.9924564
                   2.247                      -4.9084063
                  2.2505                      -4.8254818
                   2.254                      -4.7437201
                  2.2575                      -4.6631277
                   2.261                      -4.5837292
                  2.2645                      -4.5055271
                   2.268                      -4.4285398
                  2.2715                      -4.3527791
                   2.275                      -4.2782443
                  2.2785                      -4.2049457
                   2.282                       -4.132876
                  2.2855                      -4.0620396
                   2.289                      -3.9924391
                  2.2925                      -3.9240665
                   2.296                      -3.8569233
                  2.2995                      -3.7909988
                   2.303                      -3.7262772
                  2.3065                      -3.6627691
                    2.31                      -3.6004545
                  2.3135                      -3.5393164
                   2.317                      -3.4793504
                  2.3205                      -3.4205491
                   2.324                      -3.3628924
                  2.3275                      -3.3063694
                   2.331                      -3.2509673
                  2.3345                      -3.1966638
                   2.338                      -3.1434468
                  2.3415                      -3.0913052
                   2.345                      -3.0402229
                  2.3485                      -2.9901811
                   2.352                      -2.9411653
                  2.3555                      -2.8931562
                   2.359                      -2.8461403
                  2.3625                      -2.8000954
                   2.366                      -2.7550177
                  2.3695                      -2.7108716
                   2.373                      -2.6676525
                  2.3765                      -2.6253444
                    2.38                      -2.5839224
                  2.3835                      -2.5433793
                   2.387                      -2.5036926
                  2.3905                      -2.4648442
                   2.394                      -2.4268195
                  2.3975                      -2.3896056
                   2.401                      -2.3531771
                  2.4045                      -2.3175279
                   2.408                      -2.2826378
                  2.4115                      -2.2484893
                   2.415                      -2.2150652
                  2.4185                       -2.182351
                   2.422                      -2.1503368
                  2.4255                      -2.1189975
                   2.429                      -2.0883271
                  2.4325                      -2.0583044
                   2.436                      -2.0289173
                  2.4395                      -2.0001492
                   2.443                      -1.9719943
                  2.4465                      -1.9444286
                    2.45                      -1.9174436
                  2.4535                      -1.8910266
                   2.457                      -1.8651611
                  2.4605                      -1.8398403
                   2.464                      -1.8150467
                  2.4675                      -1.7907676
                   2.471                       -1.766998
                  2.4745                       -1.743718
                   2.478                      -1.7209252
                  2.4815                      -1.6985973
                   2.485                      -1.6767333
                  2.4885                      -1.6553195
                   2.492                      -1.6343435
                  2.4955                      -1.6137971
                   2.499                      -1.5936717
                  2.5025                       -1.573956
                   2.506                      -1.5546417
                  2.5095                       -1.535717
                   2.513                      -1.5171747
                  2.5165                       -1.499007
                    2.52                      -1.4812041
                  2.5235                       -1.463756
                   2.527                      -1.4466571
                  2.5305                      -1.4298968
                   2.534                      -1.4134701
                  2.5375                      -1.3973653
                   2.541                      -1.3815762
                  2.5445                      -1.3660979
                   2.548                      -1.3509208
                  2.5515                      -1.3360392
                   2.555                      -1.3214438
                  2.5585                       -1.307131
                   2.562                      -1.2930922
                  2.5655                      -1.2793206
                   2.569                       -1.265813
                  2.5725                      -1.2525624
                   2.576                      -1.2395611
                  2.5795                      -1.2268068
                   2.583                      -1.2142889
                  2.5865                      -1.2020079
                    2.59                      -1.1899554
                  2.5935                      -1.1781268
                   2.597                      -1.1665172
                  2.6005                       -1.155123
                   2.604                      -1.1439378
                  2.6075                      -1.1329593
                   2.611                      -1.1221822
                  2.6145                      -1.1116008
                   2.618                      -1.1012103
                  2.6215                      -1.0910109
                   2.625                      -1.0809949
                  2.6285                      -1.0711602
                   2.632                      -1.0615021
                  2.6355                      -1.0520166
                   2.639                      -1.0426996
                  2.6425                      -1.0335492
                   2.646                      -1.0245609
                  2.6495                      -1.0157296
                   2.653                      -1.0070548
                  2.6565                     -0.99853243
                    2.66                     -0.99015804
                  2.6635                     -0.98192919
                   2.667                     -0.97384403
                  2.6705                     -0.96589671
                   2.674                     -0.95808661
                  2.6775                     -0.95041164
                   2.681                     -0.94286658
                  2.6845                     -0.93545094
                   2.688                     -0.92816056
                  2.6915                     -0.92099447
                   2.695                     -0.91394936
                  2.6985                     -0.90702193
                   2.702                     -0.90021282
                  2.7055                     -0.89351615
                   2.709                     -0.88693272
                  2.7125                     -0.88045908
                   2.716                     -0.87409279
                  2.7195                     -0.86783406
                   2.723                     -0.86167865
                  2.7265                     -0.85562537
                    2.73                      -0.8496726
                  2.7335                     -0.84381756
                   2.737                     -0.83806014
                  2.7405                     -0.83239773
                   2.744                     -0.82682846
                  2.7475                      -0.8213499
                   2.751                     -0.81596192
                  2.7545                     -0.81066114
                   2.758                     -0.80544771
                  2.7615                     -0.80031807
                   2.765                     -0.79527237
                  2.7685                     -0.79030785
                   2.772                     -0.78542318
                  2.7755                     -0.78061727
                   2.779                      -0.7758891
                  2.7825                     -0.77123639
                   2.786                     -0.76665694
                  2.7895                     -0.76215113
                   2.793                     -0.75771679
                  2.7965                     -0.75335335
                     2.8                     -0.74905869
                  2.8035                     -0.74483258
                   2.807                     -0.74067257
                  2.8105                     -0.73657902
                   2.814                     -0.73254968
                  2.8175                     -0.72858383
                   2.821                     -0.72468056
                  2.8245                     -0.72083883
                   2.828                     -0.71705852
                  2.8315                     -0.71333741
                   2.835                     -0.70967556
                  2.8385                     -0.70607111
                   2.842                      -0.7025242
                  2.8455                     -0.69903374
                   2.849                     -0.69559792
                  2.8525                     -0.69221765
                   2.856                     -0.68889032
                  2.8595                     -0.68561589
                   2.863                       -0.682394
                  2.8665                     -0.67922352
                    2.87                     -0.67610355
                  2.8735                     -0.67303273
                   2.877                     -0.67001159
                  2.8805                     -0.66703844
                   2.884                      -0.6641129
                  2.8875                     -0.66123453
                   2.891                     -0.65840225
                  2.8945                     -0.65561519
                   2.898                     -0.65287275
                  2.9015                     -0.65017497
                   2.905                     -0.64752043
                  2.9085                     -0.64490962
                   2.912                     -0.64234033
                  2.9155                     -0.63981347
                   2.919                     -0.63732818
                  2.9225                     -0.63488416
                   2.926                     -0.63248026
                  2.9295                     -0.63011681
                   2.933                      -0.6277928
                  2.9365                      -0.6255085
                    2.94                     -0.62326359
                  2.9435                     -0.62105679
                   2.947                      -0.6188891
                  2.9505                     -0.61675952
                   2.954                     -0.61466753
                  2.9575                     -0.61261335
                   2.961                     -0.61059659
                  2.9645                     -0.60861638
                   2.968                     -0.60667336
                  2.9715                     -0.60476656
                   2.975                     -0.60289652
                  2.9785                     -0.60106221
                   2.982                     -0.59926355
                  2.9855                     -0.59750098
                   2.989                     -0.59577309
                  2.9925                     -0.59408117
                   2.996                     -0.59242361
                  2.9995                     -0.59080008
                   3.003                     -0.58921201
                  3.0065                     -0.58765797
                    3.01                      -0.5861378
                  3.0135                     -0.58465178
                   3.017                     -0.58319943
                  3.0205                     -0.58178118
                   3.024                     -0.58039589
                  3.0275                     -0.57904459
                   3.031                     -0.57772653
                  3.0345                     -0.57644206
                   3.038                     -0.57519082
                  3.0415                     -0.57397277
                   3.045                     -0.57278832
                  3.0485                     -0.57163696
                   3.052                     -0.57051923
                  3.0555                     -0.56943517
                   3.059                     -0.56838447
                  3.0625                     -0.56736696
                   3.066                      -0.5663832
                  3.0695                     -0.56543323
                   3.073                     -0.56451693
                  3.0765                     -0.56363466
                    3.08                     -0.56278594
                  3.0835                     -0.56197121
                   3.087                     -0.56119059
                  3.0905                     -0.56044382
                   3.094                     -0.55973154
                  3.0975                      -0.5590533
                   3.101                     -0.55840917
                  3.1045                     -0.55779945
                   3.108                     -0.55722428
                  3.1115                     -0.55668343
                   3.115                     -0.55617674
                  3.1185                     -0.55570485
                   3.122                     -0.55526733
                  3.1255                     -0.55486488
                   3.129                     -0.55449665
                  3.1325                     -0.55416351
                   3.136                     -0.55386527
                  3.1395                     -0.55360204
                   3.143                     -0.55337398
                  3.1465                     -0.55318113
                    3.15                     -0.55302389
                  3.1535                     -0.55290182
                   3.157                     -0.55281568
                  3.1605                     -0.55276556
                   3.164                     -0.55275129
                  3.1675                     -0.55277323
                   3.171                     -0.55283139
                  3.1745                     -0.55292659
                   3.178                     -0.55305802
                  3.1815                     -0.55322678
                   3.185                     -0.55343219
                  3.1885                     -0.55367531
                   3.192                     -0.55395549
                  3.1955                     -0.55427323
                   3.199                     -0.55462898
                  3.2025                     -0.55502214
                   3.206                      -0.5554538
                  3.2095                     -0.55592342
                   3.213                     -0.55643118
                  3.2165                     -0.55697764
                    3.22                     -0.55756231
                  3.2235                     -0.55818552
                   3.227                     -0.55884762
                  3.2305                     -0.55954846
                   3.234                      -0.5602885
                  3.2375                     -0.56106718
                   3.241                     -0.56188545
                  3.2445                     -0.56274245
                   3.248                     -0.56363913
                  3.2515                     -0.56457542
                   3.255                     -0.56555163
                  3.2585                     -0.56656713
                   3.262                       -0.567623
                  3.2655                     -0.56871885
                   3.269                     -0.56985515
                  3.2725                     -0.57103165
                   3.276                     -0.57224891
                  3.2795                     -0.57350707
                   3.283                     -0.57480632
                  3.2865                     -0.57614692
                    3.29                     -0.57752903
                  3.2935                     -0.57895268
                   3.297                      -0.5804181
                  3.3005                     -0.58192566
                   3.304                     -0.58347531
                  3.3075                     -0.58506763
                   3.311                     -0.58670253
                  3.3145                      -0.5883803
                   3.318                     -0.59010102
                  3.3215                     -0.59186513
                   3.325                     -0.59367254
                  3.3285                     -0.59552356
                   3.332                     -0.59741778
                  3.3355                     -0.59935609
                   3.339                     -0.60133846
                  3.3425                     -0.60336497
                   3.346                     -0.60543615
                  3.3495                     -0.60755141
                   3.353                     -0.60971112
                  3.3565                     -0.61191592
                    3.36                     -0.61416561
                  3.3635                     -0.61646046
                   3.367                     -0.61880053
                  3.3705                     -0.62118566
                   3.374                     -0.62361689
                  3.3775                     -0.62609413
                   3.381                     -0.62861702
                  3.3845                     -0.63118623
                   3.388                     -0.63380135
                  3.3915                     -0.63646324
                   3.395                     -0.63917172
                  3.3985                     -0.64192705
                   3.402                     -0.64472938
                  3.4055                     -0.64757861
                   3.409                     -0.65047436
                  3.4125                     -0.65341752
                   3.416                     -0.65640809
                  3.4195                     -0.65944568
                   3.423                     -0.66253026
                  3.4265                     -0.66566174
                    3.43                     -0.66884016
                  3.4335                     -0.67206573
                   3.437                     -0.67533759
                  3.4405                     -0.67865578
                   3.444                     -0.68201979
                  3.4475                     -0.68542952
                   3.451                     -0.68888471
                  3.4545                     -0.69238467
                   3.458                     -0.69592934
                  3.4615                     -0.69951752
                   3.465                     -0.70314849
                  3.4685                     -0.70682237
                   3.472                     -0.71053808
                  3.4755                     -0.71429491
                   3.479                     -0.71809197
                  3.4825                     -0.72192808
                   3.486                     -0.72580302
                  3.4895                     -0.72971541
                   3.493                     -0.73366409
                  3.4965                     -0.73764771
                     3.5                      -0.7416652
