Frequency    S2,1_[31790]

                     400                      -46.745085
                   402.6                      -46.744423
                   405.2                      -46.610563
                   407.8                      -46.381742
                   410.4                      -46.158295
                     413                      -46.027295
                   415.6                      -46.012498
                   418.2                      -46.064373
                   420.8                      -46.086434
                   423.4                      -45.997258
                     426                      -45.793743
                   428.6                       -45.55244
                   431.2                      -45.367958
                   433.8                      -45.291324
                   436.4                      -45.304213
                     439                      -45.329062
                   441.6                       -45.27479
                   444.2                       -45.10256
                   446.8                      -44.856986
                   449.4                      -44.628693
                     452                      -44.489334
                   454.6                      -44.450674
                   457.2                      -44.459401
                   459.8                      -44.426531
                   462.4                       -44.28651
                     465                      -44.048263
                   467.6                      -43.787209
                   470.2                      -43.587368
                   472.8                      -43.488049
                   475.4                       -43.46332
                     478                      -43.435753
                   480.6                      -43.323638
                   483.2                      -43.100948
                   485.8                      -42.818298
                   488.4                      -42.562453
                     491                      -42.396223
                   493.6                      -42.322523
                   496.2                       -42.28267
                   498.8                      -42.189287
                   501.4                      -41.985757
                     504                      -41.690951
                   506.6                      -41.384089
                   509.2                      -41.146077
                   511.8                      -41.009035
                   514.4                      -40.938436
                     517                      -40.850523
                   519.6                      -40.664361
                   522.2                      -40.362753
                   524.8                      -40.007137
                   527.4                      -39.690263
                     530                      -39.473568
                   532.6                      -39.351407
                   535.2                      -39.251504
                   537.8                      -39.074657
                   540.4                       -38.76404
                     543                      -38.352564
                   545.6                      -37.938273
                   548.2                      -37.613727
                   550.8                      -37.408561
                   553.4                      -37.269363
                     556                      -37.081903
                   558.6                       -36.74151
                   561.2                      -36.236419
                   563.8                      -35.662713
                   566.4                      -35.152286
                     569                      -34.784942
                   571.6                      -34.536118
                   574.2                      -34.269869
                   576.8                      -33.798883
                   579.4                      -33.020056
                     582                       -32.02197
                   584.6                      -31.043498
                   587.2                      -30.348939
                   589.8                      -30.129774
                   592.4                      -30.457604
                     595                      -31.300852
                   597.6                      -32.585774
                   600.2                      -34.231489
                   602.8                      -36.087804
                   605.4                      -37.712272
                     608                      -38.279663
                   610.6                      -37.562417
                   613.2                      -36.384241
                   615.8                      -35.404924
                   618.4                      -34.774057
                     621                      -34.376545
                   623.6                      -34.010372
                   626.2                      -33.516129
                   628.8                      -32.869074
                   631.4                      -32.166151
                     634                      -31.527377
                   636.6                      -31.013875
                   639.2                      -30.606718
                   641.8                      -30.232192
                   644.4                      -29.811559
                     647                      -29.310103
                   649.6                      -28.754168
                   652.2                      -28.204066
                   654.8                      -27.708893
                   657.4                      -27.277688
                     660                      -26.880069
                   662.6                      -26.470172
                   665.2                      -26.017711
                   667.8                       -25.52687
                   670.4                      -25.030279
                     673                      -24.564034
                   675.6                      -24.144072
                   678.2                      -23.759508
                   680.8                      -23.384072
                   683.4                      -22.996101
                     686                      -22.593554
                   688.6                      -22.194428
                   691.2                      -21.822803
                   693.8                      -21.492401
                   696.4                      -21.199751
                     699                      -20.929932
                   701.6                      -20.668739
                   704.2                      -20.412358
                   706.8                      -20.168579
                   709.4                      -19.949453
                     712                      -19.761823
                   714.6                      -19.603121
                   717.2                       -19.46411
                   719.8                      -19.335181
                   722.4                      -19.211568
                     725                      -19.094418
                   727.6                      -18.987828
                   730.2                      -18.894468
                   732.8                      -18.813098
                   735.4                      -18.739137
                     738                       -18.66715
                   740.6                      -18.593353
                   743.2                      -18.516784
                   745.8                      -18.438686
                   748.4                      -18.360838
                     751                      -18.283871
                   753.6                       -18.20668
                   756.2                      -18.126899
                   758.8                      -18.041979
                   761.4                      -17.950353
                     764                      -17.851972
                   766.6                      -17.748066
                   769.2                      -17.640226
                   771.8                      -17.529368
                   774.4                      -17.415144
                     777                      -17.296084
                   779.6                      -17.170389
                   782.2                      -17.036959
                   784.8                      -16.896063
                   787.4                      -16.749254
                     790                      -16.598455
                   792.6                      -16.444873
                   795.2                      -16.288282
                   797.8                      -16.127199
                   800.4                      -15.959842
                     803                      -15.785303
                   805.6                      -15.604282
                   808.2                      -15.418789
                   810.8                      -15.231027
                   813.4                      -15.042156
                     816                      -14.851666
                   818.6                      -14.657808
                   821.2                      -14.458792
                   823.8                      -14.254074
                   826.4                      -14.044869
                     829                      -13.833527
                   831.6                      -13.622233
                   834.2                      -13.411767
                   836.8                      -13.201162
                   839.4                      -12.988484
                     842                       -12.77219
                   844.6                       -12.55226
                   847.2                      -12.330335
                   849.8                      -12.108787
                   852.4                      -11.889396
                     855                      -11.672381
                   857.6                      -11.456489
                   860.2                      -11.239998
                   862.8                      -11.021981
                   865.4                      -10.803057
                     868                      -10.585116
                   870.6                      -10.370325
                   873.2                      -10.160036
                   875.8                      -9.9543369
                   878.4                      -9.7524289
                     881                       -9.553605
                   883.6                      -9.3581363
                   886.2                      -9.1675631
                   888.8                       -8.984195
                   891.4                       -8.810375
                     894                      -8.6478347
                   896.6                      -8.4976342
                   899.2                       -8.360559
                   901.8                      -8.2376843
                   904.4                      -8.1307364
                     907                      -8.0420297
                   909.6                       -7.974067
                   912.2                      -7.9291693
                   914.8                      -7.9091713
                   917.4                      -7.9153661
                     920                      -7.9485534
                   922.6                      -8.0091098
                   925.2                       -8.097053
                   927.8                        -8.21215
                   930.4                      -8.3539597
                     933                      -8.5218652
                   935.6                       -8.714942
                   938.2                      -8.9318018
                   940.8                      -9.1705628
                   943.4                      -9.4289053
                     946                       -9.704458
                   948.6                      -9.9950628
                   951.2                      -10.299024
                   953.8                      -10.615013
                   956.4                      -10.941797
                     959                      -11.278069
                   961.6                      -11.622373
                   964.2                      -11.973281
                   966.8                      -12.329626
                   969.4                      -12.690559
                     972                      -13.055536
                   974.6                        -13.4241
                   977.2                      -13.795789
                   979.8                      -14.170189
                   982.4                      -14.547023
                     985                      -14.926213
                   987.6                      -15.307767
                   990.2                       -15.69157
                   992.8                      -16.077258
                   995.4                      -16.464293
                     998                      -16.852311
                  1000.6                      -17.241374
                  1003.2                      -17.632039
                  1005.8                      -18.025008
                  1008.4                      -18.420603
                    1011                      -18.818451
                  1013.6                      -19.217616
                  1016.2                      -19.617172
                  1018.8                      -20.016876
                  1021.4                      -20.417406
                    1024                      -20.819985
                  1026.6                      -21.225589
                  1029.2                       -21.63425
                  1031.8                      -22.044973
                  1034.4                      -22.456401
                    1037                      -22.867742
                  1039.6                      -23.279439
                  1042.2                       -23.69302
                  1044.8                      -24.110249
                  1047.4                      -24.532156
                    1050                      -24.958562
                  1052.6                      -25.388584
                  1055.2                      -25.821759
                  1057.8                      -26.259147
                  1060.4                      -26.703797
                    1063                       -27.16039
                  1065.6                      -27.634792
                  1068.2                      -28.134544
                  1070.8                      -28.671778
                  1073.4                      -29.271055
                    1076                      -29.989893
                  1078.6                      -30.989647
                  1081.2                      -32.923499
                  1083.8                      -37.002485
                  1086.4                      -24.345896
                    1089                      -28.048852
                  1091.6                      -29.375155
                  1094.2                      -30.207244
                  1096.8                      -30.854724
                  1099.4                      -31.413584
                    1102                      -31.924343
                  1104.6                       -32.40716
                  1107.2                      -32.872446
                  1109.8                      -33.325285
                  1112.4                      -33.768237
                    1115                      -34.203234
                  1117.6                       -34.63256
                  1120.2                      -35.058745
                  1122.8                      -35.483903
                  1125.4                       -35.90905
                    1128                      -36.334063
                  1130.6                       -36.75837
                  1133.2                      -37.181853
                  1135.8                      -37.605378
                  1138.4                      -38.030552
                    1141                      -38.458858
                  1143.6                      -38.890816
                  1146.2                      -39.325846
                  1148.8                        -39.7629
                  1151.4                      -40.201483
                    1154                      -40.642343
                  1156.6                      -41.087269
                  1159.2                      -41.537969
                  1161.8                      -41.994881
                  1164.4                       -42.45668
                    1167                      -42.920931
                  1169.6                      -43.385477
                  1172.2                      -43.849529
                  1174.8                      -44.313541
                  1177.4                      -44.777551
                    1180                       -45.23882
                  1182.6                      -45.690374
                  1185.2                      -46.121768
                  1187.8                      -46.522353
                  1190.4                      -46.886107
                    1193                       -47.21607
                  1195.6                      -47.526533
                  1198.2                      -47.841777
                  1200.8                      -48.191114
                  1203.4                      -48.601122
                    1206                       -49.08706
                  1208.6                      -49.647385
                  1211.2                      -50.264263
                  1213.8                      -50.909237
                  1216.4                      -51.550401
                    1219                      -52.157336
                  1221.6                      -52.702793
                  1224.2                      -53.162364
                  1226.8                      -53.514301
                  1229.4                      -53.740976
                    1232                      -53.832031
                  1234.6                      -53.786967
                  1237.2                        -53.6156
                  1239.8                      -53.335708
                  1242.4                      -52.968651
                    1245                      -52.535163
                  1247.6                      -52.052652
                  1250.2                      -51.534176
                  1252.8                      -50.989187
                  1255.4                      -50.424619
                    1258                      -49.845656
                  1260.6                      -49.255884
                  1263.2                      -48.657135
                  1265.8                      -48.049548
                  1268.4                      -47.432203
                    1271                      -46.804586
                  1273.6                      -46.168565
                  1276.2                      -45.529853
                  1278.8                      -44.898884
                  1281.4                       -44.29045
                    1284                      -43.722732
                  1286.6                      -43.215177
                  1289.2                      -42.785789
                  1291.8                      -42.447725
                  1294.4                      -42.206168
                    1297                       -42.05648
                  1299.6                      -41.984669
                  1302.2                      -41.970515
                  1304.8                       -41.99198
                  1307.4                      -42.029415
                    1310                      -42.068079
                  1312.6                      -42.098839
                  1315.2                      -42.117029
                  1317.8                      -42.120712
                  1320.4                      -42.109283
                    1323                      -42.082552
                  1325.6                      -42.040645
                  1328.2                      -41.984192
                  1330.8                      -41.914456
                  1333.4                      -41.833235
                    1336                      -41.742416
                  1338.6                      -41.643593
                  1341.2                      -41.537838
                  1343.8                      -41.425803
                  1346.4                      -41.308019
                    1349                       -41.18512
                  1351.6                      -41.057935
                  1354.2                      -40.927357
                  1356.8                      -40.794086
                  1359.4                      -40.658511
                    1362                      -40.520748
                  1364.6                      -40.380895
                  1367.2                      -40.239219
                  1369.8                      -40.096228
                  1372.4                      -39.952514
                    1375                      -39.808524
                  1377.6                      -39.664381
                  1380.2                       -39.51996
                  1382.8                      -39.375126
                  1385.4                       -39.23007
                    1388                      -39.085401
                  1390.6                      -38.942011
                  1393.2                      -38.800783
                  1395.8                      -38.662271
                  1398.4                      -38.526722
                    1401                      -38.394352
                  1403.6                      -38.265852
                  1406.2                      -38.142787
                  1408.8                      -38.027669
                  1411.4                      -37.923724
                    1414                      -37.834537
                  1416.6                      -37.764032
                  1419.2                      -37.716918
                  1421.8                      -37.699614
                  1424.4                      -37.721322
                    1427                      -37.794604
                  1429.6                      -37.934675
                  1432.2                      -38.156893
                  1434.8                      -38.471324
                  1437.4                      -38.873635
                    1440                        -39.3319
                  1442.6                      -39.774719
                  1445.2                      -40.095431
                  1447.8                      -40.191257
                  1450.4                      -40.023695
                    1453                      -39.640379
                  1455.6                      -39.133726
                  1458.2                      -38.586874
                  1460.8                      -38.051156
                  1463.4                      -37.549763
                    1466                      -37.088966
                  1468.6                      -36.667249
                  1471.2                      -36.280665
                  1473.8                      -35.925068
                  1476.4                      -35.596443
                    1479                      -35.290741
                  1481.6                      -35.003881
                  1484.2                      -34.732007
                  1486.8                      -34.471969
                  1489.4                      -34.221623
                    1492                      -33.979796
                  1494.6                      -33.745821
                  1497.2                      -33.518998
                  1499.8                      -33.298266
                  1502.4                      -33.082227
                    1505                       -32.86952
                  1507.6                      -32.659237
                  1510.2                      -32.451083
                  1512.8                      -32.245254
                  1515.4                      -32.042023
                    1518                      -31.841358
                  1520.6                      -31.642746
                  1523.2                      -31.445373
                  1525.8                      -31.248513
                  1528.4                      -31.051829
                    1531                      -30.855473
                  1533.6                       -30.65988
                  1536.2                      -30.465417
                  1538.8                       -30.27209
                  1541.4                      -30.079504
                    1544                      -29.887077
                  1546.6                      -29.694362
                  1549.2                      -29.501269
                  1551.8                      -29.308073
                  1554.4                      -29.115188
                    1557                      -28.922892
                  1559.6                      -28.731153
                  1562.2                      -28.539643
                  1564.8                      -28.347956
                  1567.4                      -28.155842
                    1570                      -27.963359
                  1572.6                      -27.770776
                  1575.2                      -27.578409
                  1577.8                      -27.386423
                  1580.4                      -27.194748
                    1583                      -27.003136
                  1585.6                      -26.811358
                  1588.2                      -26.619333
                  1590.8                      -26.427185
                  1593.4                      -26.235132
                    1596                      -26.043371
                  1598.6                      -25.851957
                  1601.2                      -25.660811
                  1603.8                        -25.4698
                  1606.4                      -25.278853
                    1609                      -25.088022
                  1611.6                      -24.897461
                  1614.2                       -24.70731
                  1616.8                      -24.517638
                  1619.4                      -24.328426
                    1622                      -24.139627
                  1624.6                      -23.951217
                  1627.2                      -23.763271
                  1629.8                      -23.575943
                  1632.4                      -23.389375
                    1635                      -23.203621
                  1637.6                      -23.018654
                  1640.2                      -22.834411
                  1642.8                      -22.650885
                  1645.4                      -22.468171
                    1648                      -22.286468
                  1650.6                      -22.105975
                  1653.2                      -21.926807
                  1655.8                       -21.74895
                  1658.4                      -21.572296
                    1661                      -21.396769
                  1663.6                      -21.222428
                  1666.2                      -21.049462
                  1668.8                      -20.878142
                  1671.4                      -20.708696
                    1674                      -20.541208
                  1676.6                      -20.375595
                  1679.2                      -20.211712
                  1681.8                      -20.049502
                  1684.4                      -19.889072
                    1687                      -19.730683
                  1689.6                      -19.574654
                  1692.2                      -19.421214
                  1694.8                      -19.270419
                  1697.4                      -19.122152
                    1700                      -18.976272
                  1702.6                      -18.832752
                  1705.2                      -18.691744
                  1707.8                      -18.553575
                  1710.4                      -18.418588
                    1713                      -18.287021
                  1715.6                      -18.158944
                  1718.2                      -18.034265
                  1720.8                       -17.91289
                  1723.4                      -17.794862
                    1726                      -17.680433
                  1728.6                      -17.570006
                  1731.2                      -17.464018
                  1733.8                      -17.362818
                  1736.4                      -17.266595
                    1739                      -17.175431
                  1741.6                       -17.08945
                  1744.2                      -17.008948
                  1746.8                      -16.934468
                  1749.4                      -16.866771
                    1752                      -16.806728
                  1754.6                      -16.755207
                  1757.2                      -16.713039
                  1759.8                      -16.681087
                  1762.4                      -16.660412
                    1765                      -16.652456
                  1767.6                      -16.659152
                  1770.2                      -16.682972
                  1772.8                      -16.726846
                  1775.4                      -16.794107
                    1778                      -16.888433
                  1780.6                      -17.013988
                  1783.2                      -17.175541
                  1785.8                      -17.378521
                  1788.4                      -17.628939
                    1791                      -17.932887
                  1793.6                      -18.295374
                  1796.2                      -18.718695
                  1798.8                      -19.200121
                  1801.4                      -19.729277
                    1804                      -20.285351
                  1806.6                      -20.835594
                  1809.2                      -21.336752
                  1811.8                      -21.741874
                  1814.4                      -22.012775
                    1817                       -22.13304
                  1819.6                      -22.113573
                  1822.2                      -21.986277
                  1824.8                      -21.790917
                  1827.4                      -21.563646
                    1830                      -21.331462
                  1832.6                      -21.111676
                  1835.2                      -20.914079
                  1837.8                      -20.743615
                  1840.4                       -20.60236
                    1843                      -20.490784
                  1845.6                      -20.408399
                  1848.2                      -20.353952
                  1850.8                       -20.32564
                  1853.4                      -20.321387
                    1856                      -20.339191
                  1858.6                      -20.377412
                  1861.2                      -20.434886
                  1863.8                      -20.510804
                  1866.4                      -20.604486
                    1869                      -20.715124
                  1871.6                      -20.841682
                  1874.2                       -20.98307
                  1876.8                      -21.138345
                  1879.4                      -21.306908
                    1882                      -21.488527
                  1884.6                      -21.683225
                  1887.2                      -21.890974
                  1889.8                      -22.111421
                  1892.4                      -22.343915
                    1895                      -22.587701
                  1897.6                      -22.842136
                  1900.2                      -23.106942
                  1902.8                      -23.382157
                  1905.4                      -23.667948
                    1908                      -23.964188
                  1910.6                      -24.270264
                  1913.2                       -24.58509
                  1915.8                      -24.907346
                  1918.4                        -25.2359
                    1921                      -25.569903
                  1923.6                      -25.908595
                  1926.2                      -26.251028
                  1928.8                      -26.595462
                  1931.4                      -26.939156
                    1934                      -27.278512
                  1936.6                      -27.609685
                  1939.2                      -27.928977
                  1941.8                      -28.232836
                  1944.4                      -28.517631
                    1947                      -28.779037
                  1949.6                      -29.011859
                  1952.2                      -29.210442
                  1954.8                      -29.369778
                  1957.4                      -29.486498
                    1960                      -29.559286
                  1962.6                      -29.588469
                  1965.2                      -29.575237
                  1967.8                      -29.521159
                  1970.4                       -29.42828
                    1973                      -29.299691
                  1975.6                      -29.139879
                  1978.2                       -28.95432
                  1980.8                      -28.748599
                  1983.4                      -28.527581
                    1986                      -28.294932
                  1988.6                      -28.053342
                  1991.2                      -27.805121
                  1993.8                      -27.552832
                  1996.4                      -27.299138
                    1999                      -27.046541
                  2001.6                      -26.796918
                  2004.2                      -26.551224
                  2006.8                      -26.309744
                  2009.4                      -26.072496
                    2012                      -25.839749
                  2014.6                       -25.61217
                  2017.2                      -25.390621
                  2019.8                       -25.17578
                  2022.4                      -24.967798
                    2025                      -24.766351
                  2027.6                      -24.570905
                  2030.2                      -24.381057
                  2032.8                      -24.196802
                  2035.4                       -24.01852
                    2038                      -23.846676
                  2040.6                      -23.681454
                  2043.2                      -23.522593
                  2045.8                      -23.369587
                  2048.4                      -23.221885
                    2051                      -23.079246
                  2053.6                      -22.941796
                  2056.2                      -22.809901
                  2058.8                      -22.683912
                  2061.4                      -22.563807
                    2064                      -22.449215
                  2066.6                      -22.339628
                  2069.2                      -22.234655
                  2071.8                      -22.134202
                  2074.4                      -22.038493
                    2077                      -21.947893
                  2079.6                      -21.862569
                  2082.2                      -21.782335
                  2084.8                      -21.706774
                  2087.4                      -21.635369
                    2090                      -21.567842
                  2092.6                      -21.504194
                  2095.2                      -21.444652
                  2097.8                      -21.389441
                  2100.4                      -21.338527
                    2103                      -21.291572
                  2105.6                      -21.248047
                  2108.2                      -21.207486
                  2110.8                      -21.169684
                  2113.4                      -21.134693
                    2116                      -21.102681
                  2118.6                      -21.073698
                  2121.2                      -21.047527
                  2123.8                      -21.023696
                  2126.4                      -21.001674
                    2129                      -20.981117
                  2131.6                      -20.961946
                  2134.2                       -20.94428
                  2136.8                       -20.92825
                  2139.4                      -20.913777
                    2142                      -20.900528
                  2144.6                      -20.888032
                  2147.2                      -20.875892
                  2149.8                       -20.86398
                  2152.4                      -20.852414
                    2155                      -20.841417
                  2157.6                      -20.831095
                  2160.2                      -20.821282
                  2162.8                      -20.811619
                  2165.4                      -20.801729
                    2168                      -20.791458
                  2170.6                      -20.780932
                  2173.2                      -20.770466
                  2175.8                      -20.760345
                  2178.4                      -20.750607
                    2181                      -20.741032
                  2183.6                      -20.731281
                  2186.2                       -20.72115
                  2188.8                      -20.710731
                  2191.4                      -20.700389
                    2194                      -20.690575
                  2196.6                      -20.681569
                  2199.2                      -20.673335
                  2201.8                       -20.66562
                  2204.4                      -20.658174
                    2207                      -20.651013
                  2209.6                      -20.644506
                  2212.2                      -20.639236
                  2214.8                      -20.635736
                  2217.4                      -20.634262
                    2220                      -20.634738
                  2222.6                      -20.636942
                  2225.2                      -20.640785
                  2227.8                      -20.646496
                  2230.4                      -20.654609
                    2233                      -20.665682
                  2235.6                      -20.679972
                  2238.2                      -20.697174
                  2240.8                      -20.716415
                  2243.4                       -20.73641
                    2246                      -20.755633
                  2248.6                      -20.772379
                  2251.2                      -20.784586
                  2253.8                      -20.789642
                  2256.4                      -20.784398
                    2259                      -20.765604
                  2261.6                       -20.73075
                  2264.2                      -20.678977
                  2266.8                      -20.611616
                  2269.4                      -20.531972
                    2272                      -20.444482
                  2274.6                      -20.353659
                  2277.2                      -20.263219
                  2279.8                      -20.175715
                  2282.4                      -20.092706
                    2285                      -20.015129
                  2287.6                      -19.943586
                  2290.2                      -19.878455
                  2292.8                      -19.819841
                  2295.4                      -19.767415
                    2298                       -19.72046
                  2300.6                      -19.678056
                  2303.2                      -19.639364
                  2305.8                      -19.603906
                  2308.4                      -19.571564
                    2311                       -19.54242
                  2313.6                      -19.516488
                  2316.2                      -19.493502
                  2318.8                      -19.472959
                  2321.4                      -19.454315
                    2324                      -19.437218
                  2326.6                      -19.421682
                  2329.2                      -19.407983
                  2331.8                      -19.396401
                  2334.4                      -19.386985
                    2337                       -19.37946
                  2339.6                      -19.373335
                  2342.2                       -19.36819
                  2344.8                      -19.363866
                  2347.4                      -19.360497
                    2350                      -19.358287
                  2352.6                       -19.35722
                  2355.2                      -19.356845
                  2357.8                      -19.356304
                  2360.4                      -19.354542
                    2363                      -19.350581
                  2365.6                      -19.343609
                  2368.2                       -19.33281
                  2370.8                      -19.317014
                  2373.4                      -19.294375
                    2376                      -19.262291
                  2378.6                      -19.217639
                  2381.2                      -19.157228
                  2383.8                       -19.07818
                  2386.4                      -18.978126
                    2389                      -18.855247
                  2391.6                      -18.708256
                  2394.2                      -18.536702
                  2396.8                       -18.34159
                  2399.4                      -18.125832
                    2402                      -17.894587
                  2404.6                      -17.654803
                  2407.2                      -17.414082
                  2409.8                      -17.179838
                  2412.4                      -16.958141
                    2415                      -16.753381
                  2417.6                      -16.568337
                  2420.2                      -16.404317
                  2422.8                      -16.261619
                  2425.4                      -16.139687
                    2428                      -16.037195
                  2430.6                      -15.952259
                  2433.2                      -15.882519
                  2435.8                      -15.825408
                  2438.4                      -15.778553
                    2441                          -15.74
                  2443.6                      -15.708329
                  2446.2                      -15.682565
                  2448.8                      -15.661916
                  2451.4                      -15.645553
                    2454                      -15.632511
                  2456.6                       -15.62179
                  2459.2                      -15.612572
                  2461.8                       -15.60441
                  2464.4                      -15.597233
                    2467                      -15.591194
                  2469.6                      -15.586392
                  2472.2                        -15.5827
                  2474.8                      -15.579729
                  2477.4                       -15.57703
                    2480                      -15.574318
                  2482.6                      -15.571637
                  2485.2                      -15.569298
                  2487.8                      -15.567678
                  2490.4                      -15.566963
                    2493                      -15.567044
                  2495.6                      -15.567603
                  2498.2                      -15.568342
                  2500.8                      -15.569214
                  2503.4                      -15.570477
                    2506                      -15.572546
                  2508.6                      -15.575751
                  2511.2                      -15.580132
                  2513.8                      -15.585437
                  2516.4                      -15.591319
                    2519                      -15.597602
                  2521.6                      -15.604408
                  2524.2                      -15.612101
                  2526.8                      -15.621029
                  2529.4                      -15.631247
                    2532                      -15.642448
                  2534.6                      -15.654063
                  2537.2                      -15.665575
                  2539.8                      -15.676742
                  2542.4                      -15.687592
                    2545                      -15.698185
                  2547.6                      -15.708256
                  2550.2                      -15.716988
                  2552.8                      -15.723086
                  2555.4                      -15.725102
                    2558                      -15.721791
                  2560.6                        -15.7123
                  2563.2                      -15.696005
                  2565.8                       -15.67219
                  2568.4                      -15.639766
                    2571                      -15.597346
                  2573.6                       -15.54369
                  2576.2                      -15.478304
                  2578.8                      -15.401819
                  2581.4                      -15.315916
                    2584                      -15.222858
                  2586.6                      -15.124894
                  2589.2                      -15.023926
                  2591.8                       -14.92148
                  2594.4                      -14.819035
                    2597                      -14.718341
                  2599.6                      -14.621355
                  2602.2                       -14.52998
                  2604.8                        -14.4456
                  2607.4                      -14.368681
                    2610                      -14.298856
                  2612.6                       -14.23528
                  2615.2                      -14.177128
                  2617.8                      -14.124086
                  2620.4                      -14.076348
                    2623                      -14.034312
                  2625.6                      -13.998145
                  2628.2                      -13.967432
                  2630.8                      -13.941261
                  2633.4                      -13.918643
                    2636                      -13.898972
                  2638.6                      -13.882391
                  2641.2                      -13.869671
                  2643.8                      -13.861777
                  2646.4                      -13.859381
                    2649                      -13.862607
                  2651.6                      -13.871166
                  2654.2                      -13.884843
                  2656.8                       -13.90396
                  2659.4                      -13.929564
                    2662                      -13.963175
                  2664.6                      -14.006245
                  2667.2                      -14.059619
                  2669.8                       -14.12327
                  2672.4                      -14.196516
                    2675                      -14.278384
                  2677.6                      -14.368069
                  2680.2                      -14.464964
                  2682.8                       -14.56833
                  2685.4                      -14.676896
                    2688                      -14.788527
                  2690.6                      -14.900336
                  2693.2                      -15.009322
                  2695.8                      -15.113127
                  2698.4                      -15.210525
                    2701                      -15.301343
                  2703.6                      -15.385949
                  2706.2                      -15.464622
                  2708.8                      -15.537169
                  2711.4                      -15.603206
                    2714                      -15.662658
                  2716.6                      -15.716247
                  2719.2                      -15.765515
                  2721.8                      -15.812243
                  2724.4                      -15.857783
                    2727                      -15.902653
                  2729.6                      -15.946642
                  2732.2                      -15.989464
                  2734.8                      -16.031404
                  2737.4                      -16.073508
                    2740                      -16.117241
                  2742.6                      -16.163699
                  2745.2                      -16.213047
                  2747.8                      -16.264552
                  2750.4                      -16.317103
                    2753                      -16.370022
                  2755.6                      -16.423504
                  2758.2                      -16.478285
                  2760.8                      -16.534837
                  2763.4                      -16.592528
                    2766                      -16.649324
                  2768.6                      -16.702422
                  2771.2                      -16.749252
                  2773.8                      -16.788383
                  2776.4                      -16.819688
                    2779                      -16.843714
                  2781.6                      -16.860768
                  2784.2                      -16.870467
                  2786.8                      -16.872119
                  2789.4                       -16.86565
                    2792                      -16.852506
                  2794.6                      -16.835788
                  2797.2                      -16.819436
                  2799.8                      -16.806846
                  2802.4                      -16.799851
                    2805                      -16.798436
                  2807.6                      -16.801544
                  2810.2                      -16.808303
                  2812.8                      -16.819042
                  2815.4                       -16.83536
                    2818                      -16.859218
                  2820.6                      -16.891694
                  2823.2                      -16.932191
                  2825.8                      -16.978667
                  2828.4                      -17.028761
                    2831                      -17.081212
                  2833.6                      -17.136535
                  2836.2                      -17.196612
                  2838.8                       -17.26332
                  2841.4                      -17.337176
                    2844                      -17.416821
                  2846.6                      -17.499705
                  2849.2                      -17.583537
                  2851.8                      -17.667672
                  2854.4                      -17.753251
                    2857                      -17.842231
                  2859.6                       -17.93574
                  2862.2                      -18.032858
                  2864.8                      -18.130731
                  2867.4                      -18.225756
                    2870                      -18.315251
                  2872.6                      -18.398446
                  2875.2                      -18.475995
                  2877.8                      -18.548568
                  2880.4                      -18.615416
                    2883                      -18.674016
                  2885.6                      -18.721165
                  2888.2                      -18.754803
                  2890.8                      -18.775466
                  2893.4                      -18.786258
                    2896                      -18.791534
                  2898.6                      -18.795101
                  2901.2                      -18.799118
                  2903.8                      -18.804243
                  2906.4                      -18.810768
                    2909                      -18.819851
                  2911.6                      -18.833891
                  2914.2                      -18.855785
                  2916.8                      -18.887594
                  2919.4                      -18.929476
                    2922                      -18.979702
                  2924.6                      -19.035714
                  2927.2                      -19.095682
                  2929.8                      -19.159437
                  2932.4                      -19.228279
                    2935                      -19.303701
                  2937.6                      -19.385944
                  2940.2                      -19.473422
                  2942.8                      -19.563338
                  2945.4                      -19.653271
                    2948                      -19.742594
                  2950.6                      -19.832681
                  2953.2                       -19.92582
                  2955.8                      -20.023465
                  2958.4                      -20.124943
                    2961                      -20.227663
                  2963.6                      -20.328646
                  2966.2                      -20.426408
                  2968.8                      -20.522008
                  2971.4                      -20.618352
                    2974                      -20.718246
                  2976.6                      -20.822494
                  2979.2                      -20.929244
                  2981.8                      -21.035156
                  2984.4                      -21.137687
                    2987                      -21.236936
                  2989.6                      -21.335916
                  2992.2                      -21.438849
                  2994.8                      -21.548639
                  2997.4                      -21.665219
                    3000                      -21.785743
