Frequency    S2,1_[31779]

                     400                      -44.708039
                   402.6                      -44.664049
                   405.2                      -44.502244
                   407.8                      -44.248094
                   410.4                       -43.98763
                     413                      -43.802041
                   415.6                      -43.718872
                   418.2                      -43.699496
                   420.8                      -43.660619
                   423.4                      -43.527266
                     426                      -43.289218
                   428.6                      -43.008132
                   431.2                      -42.767942
                   433.8                       -42.61862
                   436.4                      -42.549476
                     439                      -42.495881
                   441.6                      -42.377792
                   444.2                      -42.156134
                   446.8                      -41.863207
                   449.4                      -41.575747
                     452                      -41.359261
                   454.6                      -41.228922
                   457.2                       -41.14233
                   459.8                      -41.023776
                   462.4                      -40.813969
                     465                      -40.514719
                   467.6                      -40.186812
                   470.2                      -39.903486
                   472.8                       -39.70263
                   475.4                      -39.565903
                     478                      -39.429169
                   480.6                      -39.221924
                   483.2                      -38.917685
                   485.8                      -38.554488
                   488.4                      -38.204902
                     491                      -37.925181
                   493.6                      -37.721595
                   496.2                      -37.546992
                   498.8                      -37.328117
                   501.4                      -37.014778
                     504                      -36.617963
                   506.6                      -36.201145
                   509.2                      -35.833501
                   511.8                      -35.545413
                   514.4                      -35.310723
                     517                      -35.060715
                   519.6                      -34.727139
                   522.2                      -34.291922
                   524.8                      -33.801739
                   527.4                      -33.332725
                     530                      -32.938353
                   532.6                      -32.616649
                   535.2                      -32.309342
                   537.8                      -31.935092
                   540.4                      -31.445387
                     543                      -30.863003
                   545.6                      -30.265579
                   548.2                      -29.729985
                   550.8                      -29.282483
                   553.4                      -28.880019
                     556                      -28.429754
                   558.6                      -27.847138
                   561.2                      -27.121094
                   563.8                      -26.327161
                   566.4                      -25.572973
                     569                      -24.924696
                   571.6                      -24.360082
                   574.2                      -23.765166
                   576.8                      -22.990487
                   579.4                       -21.96254
                     582                      -20.769812
                   584.6                      -19.634817
                   587.2                      -18.803076
                   589.8                      -18.434975
                   592.4                      -18.558951
                     595                      -19.106072
                   597.6                      -19.969799
                   600.2                      -21.007842
                   602.8                      -21.951557
                   605.4                       -22.33062
                     608                      -21.817977
                   610.6                      -20.746203
                   613.2                      -19.713783
                   615.8                      -19.029671
                   618.4                      -18.700765
                     621                      -18.588185
                   623.6                      -18.532942
                   626.2                      -18.441029
                   628.8                      -18.316384
                   631.4                       -18.22517
                     634                      -18.226819
                   636.6                      -18.330161
                   639.2                      -18.492732
                   641.8                      -18.649104
                   644.4                      -18.748449
                     647                      -18.781465
                   649.6                      -18.779671
                   652.2                      -18.787896
                   654.8                      -18.832136
                   657.4                      -18.904724
                     660                      -18.972908
                   662.6                      -19.002205
                   665.2                      -18.979233
                   667.8                      -18.919702
                   670.4                      -18.856402
                     673                      -18.816389
                   675.6                       -18.80419
                   678.2                      -18.801919
                   680.8                      -18.784247
                   683.4                      -18.737287
                     686                      -18.668708
                   688.6                       -18.60268
                   691.2                      -18.563418
                   693.8                      -18.559798
                   696.4                      -18.582123
                     699                      -18.612043
                   701.6                      -18.637281
                   704.2                      -18.660664
                   706.8                      -18.697751
                   709.4                      -18.765347
                     712                      -18.869847
                   714.6                      -19.004203
                   717.2                      -19.154363
                   719.8                      -19.309172
                   722.4                      -19.466727
                     725                      -19.633479
                   727.6                      -19.817654
                   730.2                      -20.022308
                   732.8                      -20.242988
                   735.4                      -20.470742
                     738                      -20.697492
                   740.6                      -20.919939
                   743.2                      -21.139942
                   745.8                      -21.361656
                   748.4                       -21.58776
                     751                      -21.817324
                   753.6                      -22.046431
                   756.2                      -22.270542
                   758.8                      -22.486926
                   761.4                      -22.695696
                     764                      -22.899091
                   766.6                      -23.099589
                   769.2                      -23.298207
                   771.8                      -23.493985
                   774.4                      -23.684729
                     777                      -23.868421
                   779.6                      -24.044384
                   782.2                      -24.213567
                   784.8                      -24.377856
                   787.4                      -24.538896
                     790                        -24.6972
                   792.6                      -24.852007
                   795.2                      -25.001914
                   797.8                      -25.145889
                   800.4                      -25.283972
                     803                      -25.417344
                   805.6                      -25.547689
                   808.2                       -25.67626
                   810.8                      -25.803255
                   813.4                       -25.92786
                     816                      -26.048919
                   818.6                      -26.165813
                   821.2                      -26.279005
                   823.8                      -26.389919
                   826.4                       -26.50018
                     829                      -26.610722
                   831.6                      -26.721352
                   834.2                      -26.831006
                   836.8                      -26.938585
                   839.4                      -27.043835
                     842                      -27.147689
                   844.6                      -27.251849
                   847.2                      -27.357835
                   849.8                      -27.466139
                   852.4                      -27.576038
                     855                      -27.686196
                   857.6                      -27.795692
                   860.2                      -27.904807
                   862.8                      -28.015041
                   865.4                      -28.128293
                     868                      -28.245789
                   870.6                      -28.367414
                   873.2                      -28.491934
                   875.8                      -28.617992
                   878.4                      -28.745195
                     881                      -28.874632
                   883.6                      -29.008384
                   886.2                      -29.148406
                   888.8                      -29.295454
                   891.4                      -29.448858
                     894                      -29.607238
                   896.6                      -29.769783
                   899.2                       -29.93718
                   901.8                      -30.111642
                   904.4                      -30.295935
                     907                      -30.492069
                   909.6                      -30.700584
                   912.2                      -30.920859
                   914.8                      -31.152334
                   917.4                       -31.39586
                     920                      -31.654294
                   922.6                      -31.931942
                   925.2                      -32.233251
                   927.8                      -32.561649
                   930.4                      -32.919354
                     933                      -33.308462
                   935.6                      -33.732728
                   938.2                      -34.199118
                   940.8                       -34.71836
                   943.4                      -35.304395
                     946                       -35.97361
                   948.6                      -36.745124
                   951.2                      -37.643564
                   953.8                      -38.705184
                   956.4                      -39.989068
                     959                      -41.597474
                   961.6                      -43.720452
                   964.2                      -46.762961
                   966.8                      -51.857055
                   969.4                       -62.74419
                     972                      -52.977403
                   974.6                      -46.533554
                   977.2                      -42.624089
                   979.8                      -39.764605
                   982.4                      -37.472328
                     985                      -35.535839
                   987.6                      -33.846503
                   990.2                      -32.341263
                   992.8                      -30.978448
                   995.4                      -29.727211
                     998                      -28.563914
                  1000.6                      -27.471842
                  1003.2                      -26.441597
                  1005.8                      -25.470291
                  1008.4                      -24.559349
                    1011                      -23.711878
                  1013.6                      -22.931232
                  1016.2                      -22.221446
                  1018.8                      -21.589076
                  1021.4                      -21.044485
                    1024                      -20.600945
                  1026.6                      -20.271189
                  1029.2                      -20.063028
                  1031.8                      -19.976477
                  1034.4                      -20.003875
                    1037                      -20.132415
                  1039.6                      -20.347391
                  1042.2                      -20.634409
                  1044.8                      -20.980129
                  1047.4                       -21.37204
                    1050                      -21.798099
                  1052.6                      -22.247058
                  1055.2                      -22.709329
                  1057.8                      -23.177966
                  1060.4                      -23.648997
                    1063                       -24.12073
                  1065.6                      -24.592418
                  1068.2                      -25.062968
                  1070.8                      -25.530416
                  1073.4                      -25.992442
                    1076                      -26.447308
                  1078.6                       -26.89469
                  1081.2                      -27.335599
                  1083.8                      -27.771534
                  1086.4                      -28.203458
                    1089                      -28.631169
                  1091.6                      -29.053597
                  1094.2                      -29.469741
                  1096.8                      -29.879494
                  1099.4                      -30.283874
                    1102                      -30.684441
                  1104.6                      -31.082415
                  1107.2                      -31.478019
                  1109.8                      -31.870549
                  1112.4                      -32.259162
                    1115                      -32.643692
                  1117.6                      -33.025008
                  1120.2                      -33.404573
                  1122.8                      -33.783637
                  1125.4                      -34.162541
                    1128                      -34.540699
                  1130.6                      -34.917285
                  1133.2                      -35.292083
                  1135.8                      -35.665939
                  1138.4                      -36.040432
                    1141                      -36.416972
                  1143.6                      -36.795982
                  1146.2                      -37.176791
                  1148.8                      -37.558304
                  1151.4                      -37.940037
                    1154                      -38.322775
                  1156.6                      -38.708324
                  1159.2                       -39.09839
                  1161.8                      -39.493408
                  1164.4                      -39.892078
                    1167                      -40.292033
                  1169.6                      -40.691208
                  1172.2                      -41.088895
                  1174.8                      -41.485577
                  1177.4                      -41.881295
                    1180                      -42.273391
                  1182.6                      -42.655159
                  1185.2                      -43.016675
                  1187.8                      -43.348019
                  1190.4                      -43.643929
                    1193                      -43.908025
                  1195.6                      -44.154798
                  1198.2                      -44.408196
                  1200.8                      -44.696624
                  1203.4                      -45.045274
                    1206                       -45.46787
                  1208.6                      -45.961663
                  1211.2                       -46.50837
                  1213.8                      -47.079914
                  1216.4                      -47.645271
                    1219                       -48.17501
                  1221.6                      -48.642665
                  1224.2                      -49.024296
                  1226.8                      -49.298325
                  1229.4                       -49.44704
                    1232                      -49.459821
                  1234.6                      -49.335786
                  1237.2                      -49.084313
                  1239.8                      -48.722782
                  1242.4                       -48.27228
                    1245                      -47.753507
                  1247.6                      -47.184143
                  1250.2                      -46.577834
                  1252.8                      -45.944863
                  1255.4                      -45.293128
                    1258                      -44.628801
                  1260.6                      -43.956497
                  1263.2                      -43.279324
                  1265.8                       -42.59931
                  1268.4                      -41.918397
                    1271                      -41.240122
                  1273.6                      -40.571506
                  1276.2                      -39.923897
                  1278.8                      -39.312702
                  1281.4                      -38.755399
                    1284                       -38.26878
                  1286.6                      -37.865542
                  1289.2                      -37.551591
                  1291.8                       -37.32454
                  1294.4                      -37.174063
                    1297                      -37.083787
                  1299.6                       -37.03417
                  1302.2                       -37.00581
                  1304.8                      -36.982078
                  1307.4                      -36.950824
                    1310                      -36.904731
                  1312.6                      -36.840689
                  1315.2                      -36.758283
                  1317.8                      -36.658314
                  1320.4                      -36.541874
                    1323                      -36.409949
                  1325.6                      -36.263611
                  1328.2                      -36.104298
                  1330.8                      -35.933886
                  1333.4                      -35.754496
                    1336                      -35.568078
                  1338.6                      -35.376084
                  1341.2                      -35.179389
                  1343.8                      -34.978508
                  1346.4                      -34.773934
                    1349                      -34.566349
                  1351.6                      -34.356649
                  1354.2                      -34.145732
                  1356.8                      -33.934261
                  1359.4                      -33.722565
                    1362                      -33.510743
                  1364.6                      -33.298897
                  1367.2                      -33.087341
                  1369.8                      -32.876628
                  1372.4                      -32.667375
                    1375                      -32.460051
                  1377.6                       -32.25486
                  1380.2                      -32.051854
                  1382.8                      -31.851182
                  1385.4                      -31.653355
                    1388                      -31.459278
                  1390.6                      -31.270069
                  1393.2                      -31.086786
                  1395.8                      -30.910253
                  1398.4                      -30.741201
                    1401                      -30.580678
                  1403.6                      -30.430521
                  1406.2                      -30.293638
                  1408.8                      -30.173916
                  1411.4                      -30.075923
                    1414                       -30.00465
                  1416.6                      -29.965733
                  1419.2                      -29.966152
                  1421.8                      -30.015146
                  1424.4                      -30.124841
                    1427                      -30.309819
                  1429.6                      -30.584963
                  1432.2                      -30.961507
                  1434.8                      -31.440806
                  1437.4                      -32.005854
                    1440                      -32.610445
                  1442.6                      -33.170969
                  1445.2                      -33.573293
                  1447.8                      -33.711225
                  1450.4                      -33.544861
                    1453                      -33.123701
                  1455.6                      -32.547761
                  1458.2                      -31.911882
                  1460.8                      -31.279134
                  1463.4                      -30.681628
                    1466                      -30.131031
                  1468.6                       -29.62827
                  1471.2                      -29.170029
                  1473.8                      -28.752041
                  1476.4                      -28.370063
                    1479                      -28.019974
                  1481.6                      -27.697669
                  1484.2                      -27.399078
                  1486.8                      -27.120489
                  1489.4                      -26.858864
                    1492                      -26.612016
                  1494.6                      -26.378412
                  1497.2                      -26.156822
                  1499.8                      -25.946011
                  1502.4                      -25.744601
                    1505                      -25.551238
                  1507.6                      -25.364817
                  1510.2                      -25.184615
                  1512.8                      -25.010259
                  1515.4                      -24.841523
                    1518                      -24.678071
                  1520.6                      -24.519342
                  1523.2                      -24.364635
                  1525.8                      -24.213336
                  1528.4                      -24.065075
                    1531                      -23.919781
                  1533.6                      -23.777533
                  1536.2                      -23.638343
                  1538.8                      -23.501989
                  1541.4                      -23.368034
                    1544                       -23.23599
                  1546.6                      -23.105529
                  1549.2                      -22.976591
                  1551.8                      -22.849337
                  1554.4                      -22.723946
                    1557                      -22.600429
                  1559.6                      -22.478556
                  1562.2                      -22.357931
                  1564.8                      -22.238199
                  1567.4                      -22.119217
                    1570                      -22.001099
                  1572.6                      -21.884078
                  1575.2                      -21.768328
                  1577.8                      -21.653811
                  1580.4                      -21.540275
                    1583                      -21.427383
                  1585.6                      -21.314914
                  1588.2                      -21.202867
                  1590.8                      -21.091446
                  1593.4                      -20.980895
                    1596                      -20.871337
                  1598.6                      -20.762678
                  1601.2                      -20.654677
                  1603.8                      -20.547086
                  1606.4                      -20.439811
                    1609                      -20.332964
                  1611.6                      -20.226785
                  1614.2                      -20.121485
                  1616.8                      -20.017118
                  1619.4                      -19.913563
                    1622                       -19.81062
                  1624.6                      -19.708146
                  1627.2                      -19.606162
                  1629.8                      -19.504857
                  1632.4                      -19.404465
                    1635                      -19.305138
                  1637.6                      -19.206871
                  1640.2                      -19.109538
                  1642.8                      -19.013003
                  1645.4                      -18.917229
                    1648                      -18.822339
                  1650.6                      -18.728546
                  1653.2                      -18.636049
                  1655.8                      -18.544933
                  1658.4                      -18.455146
                    1661                       -18.36658
                  1663.6                      -18.279177
                  1666.2                      -18.192993
                  1668.8                      -18.108206
                  1671.4                      -18.025023
                    1674                      -17.943586
                  1676.6                      -17.863914
                  1679.2                      -17.785927
                  1681.8                      -17.709552
                  1684.4                      -17.634798
                    1687                      -17.561792
                  1689.6                      -17.490728
                  1692.2                      -17.421784
                  1694.8                      -17.355036
                  1697.4                      -17.290452
                    1700                      -17.227952
                  1702.6                      -17.167504
                  1705.2                      -17.109176
                  1707.8                      -17.053141
                  1710.4                        -16.9996
                    1713                      -16.948696
                  1715.6                      -16.900473
                  1718.2                       -16.85489
                  1720.8                      -16.811905
                  1723.4                      -16.771554
                    1726                      -16.733995
                  1728.6                      -16.699471
                  1731.2                      -16.668236
                  1733.8                      -16.640486
                  1736.4                      -16.616336
                    1739                      -16.595862
                  1741.6                      -16.579196
                  1744.2                      -16.566592
                  1746.8                      -16.558464
                  1749.4                      -16.555353
                    1752                      -16.557855
                  1754.6                      -16.566574
                  1757.2                      -16.582127
                  1759.8                      -16.605208
                  1762.4                      -16.636718
                    1765                      -16.677855
                  1767.6                       -16.73017
                  1770.2                      -16.795599
                  1772.8                      -16.876405
                  1775.4                      -16.975163
                    1778                       -17.09475
                  1780.6                      -17.238486
                  1783.2                      -17.410199
                  1785.8                      -17.614215
                  1788.4                      -17.855243
                    1791                       -18.13791
                  1793.6                      -18.465769
                  1796.2                      -18.839935
                  1798.8                      -19.257168
                  1801.4                      -19.707763
                    1804                      -20.173457
                  1806.6                       -20.62673
                  1809.2                      -21.032748
                  1811.8                      -21.355411
                  1814.4                      -21.566922
                    1817                      -21.656695
                  1819.6                      -21.634472
                  1822.2                      -21.525333
                  1824.8                      -21.360266
                  1827.4                      -21.167809
                    1830                      -20.969724
                  1832.6                      -20.780288
                  1835.2                      -20.607779
                  1837.8                      -20.456512
                  1840.4                      -20.328422
                    1843                      -20.224126
                  1845.6                      -20.143436
                  1848.2                      -20.085518
                  1850.8                       -20.04903
                  1853.4                      -20.032344
                    1856                      -20.033847
                  1858.6                       -20.05222
                  1861.2                       -20.08657
                  1863.8                      -20.136357
                  1866.4                      -20.201196
                    1869                      -20.280626
                  1871.6                       -20.37399
                  1874.2                       -20.48055
                  1876.8                      -20.599657
                  1879.4                      -20.730942
                    1882                      -20.874356
                  1884.6                       -21.03011
                  1887.2                      -21.198416
                  1889.8                      -21.379243
                  1892.4                      -21.572314
                    1895                      -21.777238
                  1897.6                      -21.993688
                  1900.2                      -22.221639
                  1902.8                      -22.461358
                  1905.4                      -22.713285
                    1908                      -22.977689
                  1910.6                      -23.254507
                  1913.2                      -23.543316
                  1915.8                      -23.843518
                  1918.4                      -24.154694
                    1921                      -24.476715
                  1923.6                      -24.809645
                  1926.2                      -25.153569
                  1928.8                      -25.508099
                  1931.4                      -25.872134
                    1934                      -26.243886
                  1936.6                      -26.621326
                  1939.2                       -27.00246
                  1941.8                      -27.385305
                  1944.4                      -27.767708
                    1947                      -28.146672
                  1949.6                      -28.517805
                  1952.2                      -28.875253
                  1954.8                      -29.212254
                  1957.4                      -29.522009
                    1960                      -29.798291
                  1962.6                      -30.035583
                  1965.2                      -30.228742
                  1967.8                      -30.372783
                  1970.4                      -30.463371
                    1973                      -30.497955
                  1975.6                      -30.476951
                  1978.2                      -30.403975
                  1980.8                      -30.284868
                  1983.4                      -30.126273
                    1986                      -29.934378
                  1988.6                      -29.714655
                  1991.2                      -29.472226
                  1993.8                      -29.212517
                  1996.4                      -28.941046
                    1999                      -28.663011
                  2001.6                      -28.382587
                  2004.2                      -28.102492
                  2006.8                      -27.824271
                  2009.4                      -27.548828
                    2012                       -27.27713
                  2014.6                      -27.010466
                  2017.2                      -26.750259
                  2019.8                      -26.497639
                  2022.4                      -26.253043
                    2025                      -26.016277
                  2027.6                      -25.786816
                  2030.2                      -25.564222
                  2032.8                       -25.34847
                  2035.4                      -25.139951
                    2038                      -24.939153
                  2040.6                      -24.746256
                  2043.2                      -24.560952
                  2045.8                       -24.38265
                  2048.4                      -24.210696
                    2051                      -24.044763
                  2053.6                      -23.884909
                  2056.2                      -23.731453
                  2058.8                      -23.584694
                  2061.4                      -23.444552
                    2064                      -23.310579
                  2066.6                      -23.182196
                  2069.2                      -23.058944
                  2071.8                      -22.940689
                  2074.4                      -22.827616
                    2077                      -22.720048
                  2079.6                      -22.618098
                  2082.2                      -22.521518
                  2084.8                      -22.429827
                  2087.4                      -22.342465
                    2090                      -22.259134
                  2092.6                      -22.179831
                  2095.2                      -22.104777
                  2097.8                      -22.034174
                  2100.4                      -21.967941
                    2103                      -21.905687
                  2105.6                      -21.846837
                  2108.2                      -21.790913
                  2110.8                      -21.737719
                  2113.4                      -21.687339
                    2116                      -21.639961
                  2118.6                      -21.595632
                  2121.2                      -21.554094
                  2123.8                      -21.514837
                  2126.4                      -21.477298
                    2129                      -21.441135
                  2131.6                      -21.406303
                  2134.2                      -21.372971
                  2136.8                      -21.341309
                  2139.4                       -21.31124
                    2142                      -21.282402
                  2144.6                      -21.254292
                  2147.2                      -21.226484
                  2149.8                      -21.198862
                  2152.4                      -21.171586
                    2155                      -21.144935
                  2157.6                      -21.119053
                  2160.2                      -21.093789
                  2162.8                       -21.06876
                  2165.4                      -21.043557
                    2168                      -21.018006
                  2170.6                      -20.992243
                  2173.2                      -20.966627
                  2175.8                      -20.941494
                  2178.4                      -20.916928
                    2181                      -20.892721
                  2183.6                      -20.868523
                  2186.2                      -20.844106
                  2188.8                      -20.819553
                  2191.4                      -20.795241
                    2194                       -20.77166
                  2196.6                      -20.749137
                  2199.2                      -20.727683
                  2201.8                       -20.70707
                  2204.4                      -20.687055
                    2207                       -20.66765
                  2209.6                      -20.649227
                  2212.2                      -20.632385
                  2214.8                      -20.617694
                  2217.4                      -20.605451
                    2220                      -20.595632
                  2222.6                      -20.588049
                  2225.2                      -20.582628
                  2227.8                      -20.579605
                  2230.4                      -20.579491
                    2233                      -20.582814
                  2235.6                      -20.589784
                  2238.2                      -20.600018
                  2240.8                      -20.612536
                  2243.4                      -20.625876
                    2246                      -20.638247
                  2248.6                      -20.647585
                  2251.2                      -20.651362
                  2253.8                      -20.646437
                  2256.4                      -20.629139
                    2259                      -20.595792
                  2261.6                      -20.543666
                  2264.2                      -20.471956
                  2266.8                      -20.382344
                  2269.4                       -20.27873
                    2272                      -20.166283
                  2274.6                      -20.050262
                  2277.2                      -19.935045
                  2279.8                      -19.823696
                  2282.4                      -19.718123
                    2285                      -19.619466
                  2287.6                      -19.528402
                  2290.2                      -19.445291
                  2292.8                      -19.370149
                  2295.4                      -19.302518
                    2298                      -19.241528
                  2300.6                      -19.186122
                  2303.2                      -19.135356
                  2305.8                      -19.088672
                  2308.4                      -19.045908
                    2311                      -19.007101
                  2313.6                      -18.972212
                  2316.2                      -18.940913
                  2318.8                      -18.912629
                  2321.4                      -18.886752
                    2324                      -18.862907
                  2326.6                      -18.841105
                  2329.2                      -18.821644
                  2331.8                      -18.804831
                  2334.4                      -18.790723
                    2337                      -18.779024
                  2339.6                      -18.769216
                  2342.2                      -18.760841
                  2344.8                      -18.753735
                  2347.4                      -18.748048
                    2350                      -18.744015
                  2352.6                      -18.741657
                  2355.2                      -18.740538
                  2357.8                       -18.73978
                  2360.4                       -18.73829
                    2363                      -18.735028
                  2365.6                      -18.729134
                  2368.2                      -18.719744
                  2370.8                      -18.705641
                  2373.4                      -18.684916
                    2376                      -18.654869
                  2378.6                      -18.612231
                  2381.2                      -18.553629
                  2383.8                      -18.475976
                  2386.4                      -18.376692
                    2389                      -18.253758
                  2391.6                      -18.105724
                  2394.2                      -17.932021
                  2396.8                      -17.733585
                  2399.4                      -17.513322
                    2402                      -17.276424
                  2404.6                      -17.029909
                  2407.2                      -16.781498
                  2409.8                      -16.538769
                  2412.4                      -16.308034
                    2415                       -16.09399
                  2417.6                      -15.899765
                  2420.2                      -15.727017
                  2422.8                      -15.576339
                  2425.4                      -15.447393
                    2428                       -15.33898
                  2430.6                       -15.24928
                  2433.2                      -15.175966
                  2435.8                      -15.116496
                  2438.4                      -15.068521
                    2441                      -15.030101
                  2443.6                      -14.999802
                  2446.2                      -14.976583
                  2448.8                      -14.959559
                  2451.4                      -14.947785
                    2454                      -14.940203
                  2456.6                      -14.935761
                  2459.2                      -14.933641
                  2461.8                      -14.933409
                  2464.4                      -14.935015
                    2467                      -14.938589
                  2469.6                      -14.944178
                  2472.2                      -14.951581
                  2474.8                      -14.960334
                  2477.4                      -14.969962
                    2480                      -14.980205
                  2482.6                      -14.991158
                  2485.2                      -15.003189
                  2487.8                      -15.016705
                  2490.4                      -15.031878
                    2493                      -15.048536
                  2495.6                      -15.066301
                  2498.2                      -15.084849
                  2500.8                      -15.104145
                  2503.4                       -15.12452
                    2506                      -15.146475
                  2508.6                      -15.170391
                  2511.2                       -15.19633
                  2513.8                      -15.223987
                  2516.4                      -15.252949
                    2519                      -15.282992
                  2521.6                      -15.314233
                  2524.2                      -15.347106
                  2526.8                      -15.382045
                  2529.4                       -15.41918
                    2532                      -15.458234
                  2534.6                      -15.498576
                  2537.2                      -15.539575
                  2539.8                      -15.580888
                  2542.4                      -15.622474
                    2545                      -15.664377
                  2547.6                      -15.706371
                  2550.2                      -15.747646
                  2552.8                      -15.786835
                  2555.4                      -15.822318
                    2558                      -15.852575
                  2560.6                      -15.876456
                  2563.2                      -15.893072
                  2565.8                      -15.901504
                  2568.4                      -15.900532
                    2571                      -15.888655
                  2573.6                      -15.864503
                  2576.2                      -15.827398
                  2578.8                      -15.777787
                  2581.4                      -15.717231
                    2584                      -15.648006
                  2586.6                       -15.57257
                  2589.2                      -15.493188
                  2591.8                      -15.411851
                  2594.4                      -15.330498
                    2597                      -15.251244
                  2599.6                      -15.176319
                  2602.2                      -15.107809
                  2604.8                      -15.047265
                  2607.4                      -14.995356
                    2610                      -14.951946
                  2612.6                      -14.916406
                  2615.2                      -14.888071
                  2617.8                      -14.866638
                  2620.4                      -14.852189
                    2623                       -14.84493
                  2625.6                      -14.844817
                  2628.2                      -14.851311
                  2630.8                      -14.863459
                  2633.4                       -14.88028
                    2636                      -14.901193
                  2638.6                      -14.926273
                  2641.2                       -14.95611
                  2643.8                      -14.991424
                  2646.4                      -15.032625
                    2649                      -15.079626
                  2651.6                      -15.132058
                  2654.2                      -15.189706
                  2656.8                      -15.252941
                  2659.4                      -15.322836
                    2662                      -15.400846
                  2664.6                       -15.48831
                  2667.2                      -15.585965
                  2669.8                      -15.693768
                  2672.4                      -15.811199
                    2675                      -15.937617
                  2677.6                      -16.072672
                  2680.2                      -16.216219
                  2682.8                      -16.367884
                  2685.4                      -16.526607
                    2688                      -16.690332
                  2690.6                      -16.856182
                  2693.2                      -17.021171
                  2695.8                      -17.183018
                  2698.4                      -17.340589
                    2701                      -17.493731
                  2703.6                      -17.642699
                  2706.2                      -17.787475
                  2708.8                      -17.927426
                  2711.4                      -18.061727
                    2714                      -18.189963
                  2716.6                      -18.312685
                  2719.2                      -18.431449
                  2721.8                      -18.548057
                  2724.4                      -18.663824
                    2727                       -18.77905
                  2729.6                       -18.89315
                  2732.2                      -19.005434
                  2734.8                      -19.115853
                  2737.4                      -19.225285
                    2740                      -19.335195
                  2742.6                      -19.446689
                  2745.2                      -19.559831
                  2747.8                        -19.6736
                  2750.4                       -19.78637
                    2753                      -19.896865
                  2755.6                      -20.004744
                  2758.2                      -20.110372
                  2760.8                      -20.214045
                  2763.4                      -20.315065
                    2766                      -20.411352
                  2768.6                      -20.500011
                  2771.2                      -20.578386
                  2773.8                      -20.645117
                  2776.4                      -20.700465
                    2779                       -20.74579
                  2781.6                      -20.782643
                  2784.2                      -20.812139
                  2786.8                      -20.835089
                  2789.4                      -20.852719
                    2792                      -20.867377
                  2794.6                      -20.882638
                  2797.2                      -20.902533
                  2799.8                      -20.930339
                  2802.4                        -20.9676
                    2805                      -21.013984
                  2807.6                      -21.068029
                  2810.2                      -21.128352
                  2812.8                      -21.194606
                  2815.4                      -21.267599
                    2818                      -21.348458
                  2820.6                       -21.43755
                  2823.2                      -21.533822
                  2825.8                      -21.635041
                  2828.4                       -21.73886
                    2831                       -21.84407
                  2833.6                       -21.95109
                  2836.2                      -22.061529
                  2838.8                      -22.176828
                  2841.4                       -22.29709
                    2844                      -22.420766
                  2846.6                      -22.545369
                  2849.2                      -22.668897
                  2851.8                      -22.791053
                  2854.4                      -22.913123
                    2857                      -23.036939
                  2859.6                      -23.163266
                  2862.2                      -23.290786
                  2864.8                      -23.416451
                  2867.4                      -23.536793
                    2870                      -23.649553
                  2872.6                      -23.754474
                  2875.2                      -23.852569
                  2877.8                      -23.944555
                  2880.4                      -24.029461
                    2883                      -24.104472
                  2885.6                      -24.166288
                  2888.2                      -24.213122
                  2890.8                      -24.246071
                  2893.4                       -24.26891
                    2896                      -24.286431
                  2898.6                      -24.302461
                  2901.2                      -24.318762
                  2903.8                      -24.335397
                  2906.4                      -24.352186
                    2909                      -24.370145
                  2911.6                      -24.391895
                  2914.2                      -24.420725
                  2916.8                      -24.458951
                  2919.4                      -24.506663
                    2922                      -24.561692
                  2924.6                      -24.620887
                  2927.2                       -24.68197
                  2929.8                      -24.744702
                  2932.4                      -24.810731
                    2935                       -24.88212
                  2937.6                      -24.959598
                  2940.2                      -25.041712
                  2942.8                      -25.125408
                  2945.4                      -25.207754
                    2948                      -25.287673
                  2950.6                      -25.366439
                  2953.2                      -25.446657
                  2955.8                      -25.530371
                  2958.4                      -25.617463
                    2961                      -25.705576
                  2963.6                      -25.791531
                  2966.2                       -25.87334
                  2968.8                       -25.95155
                  2971.4                      -26.028864
                    2974                      -26.108331
                  2976.6                      -26.191324
                  2979.2                       -26.27661
                  2981.8                      -26.361184
                  2984.4                      -26.442394
                    2987                      -26.519887
                  2989.6                      -26.596143
                  2992.2                      -26.675127
                  2994.8                      -26.759945
                  2997.4                       -26.85112
                    3000                      -26.946508
