        Frequency / GHz                System Tot. Efficiency [AC1]/abs,dB
----------------------------------------------------------------------
                    0.69                      -22.940611
                    0.78                      -18.047677
                    0.87                      -14.129809
                    0.96                      -17.900277
                     1.7                      -11.035443
                     1.8                      -10.846869
                     1.9                      -14.354017
                       2                      -11.667221
                     2.1                      -10.279619
                     2.2                      -9.3530325
                     2.3                      -9.9450955
                     2.4                      -12.168181
                     2.5                      -9.3182936
                     2.6                      -9.1985749
                     2.7                      -9.7605695

