        Frequency / GHz                System Tot. Efficiency [AC1]/abs,dB
----------------------------------------------------------------------
                    0.69                      -23.071086
                    0.78                      -18.277302
                    0.87                      -15.122083
                    0.96                      -17.529718
                     1.7                      -11.079569
                     1.8                      -10.868338
                     1.9                      -14.355341
                       2                      -11.694234
                     2.1                      -10.323782
                     2.2                      -9.3645693
                     2.3                      -9.8779596
                     2.4                      -12.110924
                     2.5                      -9.2769982
                     2.6                      -9.1882418
                     2.7                      -9.7684147

