        Frequency / GHz                System Tot. Efficiency [AC1]/abs,dB
----------------------------------------------------------------------
                    0.69                      -23.350273
                    0.78                      -18.812062
                    0.87                      -16.447518
                    0.96                      -16.435152
                     1.7                      -11.142423
                     1.8                      -10.884926
                     1.9                      -14.357123
                       2                      -11.746737
                     2.1                      -10.368244
                     2.2                       -9.271668
                     2.3                      -9.7555496
                     2.4                      -12.055485
                     2.5                      -9.2651607
                     2.6                      -9.1925599
                     2.7                      -9.7700681

