7.090000000000000000e+02 6.180557796815812077e-01
7.110000000000000000e+02 6.253799659677387046e-01
7.130000000000000000e+02 6.317934498745061411e-01
7.150000000000000000e+02 6.372879566749455327e-01
7.170000000000000000e+02 6.416870994847256870e-01
7.190000000000000000e+02 6.449699925547136559e-01
7.210000000000000000e+02 6.472296635653541630e-01
7.230000000000000000e+02 6.466150629882400080e-01
7.250000000000000000e+02 6.452300401105495187e-01
7.270000000000000000e+02 6.432267687973183268e-01
7.290000000000000000e+02 6.408751754408441581e-01
7.310000000000000000e+02 6.383235257027353171e-01
7.330000000000000000e+02 6.356359720812366776e-01
7.350000000000000000e+02 6.328802198770249188e-01
7.370000000000000000e+02 6.297651431205157913e-01
7.390000000000000000e+02 6.261241496274085883e-01
7.410000000000000000e+02 6.218010886903784229e-01
7.430000000000000000e+02 6.173107914900894944e-01
7.450000000000000000e+02 6.126275033670480763e-01
7.470000000000000000e+02 6.077100574583188530e-01
7.490000000000000000e+02 6.027488736296797711e-01
7.510000000000000000e+02 5.977044384890904949e-01
7.530000000000000000e+02 5.923291363612089855e-01
7.550000000000000000e+02 5.866133498823820069e-01
7.570000000000000000e+02 5.808177594506316321e-01
7.590000000000000000e+02 5.750499532003146008e-01
7.610000000000000000e+02 5.694435370706796284e-01
7.630000000000000000e+02 5.641032337782383443e-01
7.650000000000000000e+02 5.591656617638930404e-01
7.670000000000000000e+02 5.546816929546595221e-01
7.690000000000000000e+02 5.504575778210988313e-01
7.710000000000000000e+02 5.463684965547270789e-01
7.730000000000000000e+02 5.426356267439385039e-01
7.750000000000000000e+02 5.392742592267008028e-01
7.770000000000000000e+02 5.363844787482108245e-01
7.790000000000000000e+02 5.340662267067757263e-01
7.810000000000000000e+02 5.273020441860849505e-01
7.830000000000000000e+02 5.219746929317351514e-01
7.850000000000000000e+02 5.161773373021227851e-01
7.870000000000000000e+02 5.106375506873255254e-01
7.890000000000000000e+02 5.050073521406107657e-01
7.910000000000000000e+02 4.995741051622423212e-01
7.930000000000000000e+02 4.944076891526859030e-01
7.950000000000000000e+02 4.896426424418208745e-01
7.970000000000000000e+02 4.855725702699439372e-01
7.990000000000000000e+02 4.818437777819170043e-01
8.010000000000000000e+02 4.784601472434534819e-01
8.030000000000000000e+02 4.754304503830024120e-01
8.050000000000000000e+02 4.726872855284375841e-01
8.070000000000000000e+02 4.704624649083306021e-01
8.090000000000000000e+02 4.685311985526015577e-01
8.110000000000000000e+02 4.668494461269915297e-01
8.130000000000000000e+02 4.651746414545675501e-01
8.150000000000000000e+02 4.634793528923482064e-01
8.170000000000000000e+02 4.608558095500597251e-01
8.190000000000000000e+02 4.580383832113683051e-01
8.210000000000000000e+02 4.601689887616207120e-01
8.230000000000000000e+02 4.605447673037618150e-01
8.250000000000000000e+02 4.611008315854669415e-01
8.270000000000000000e+02 4.608925076182233127e-01
8.290000000000000000e+02 4.607755546701106653e-01
8.310000000000000000e+02 4.607289634362110586e-01
8.330000000000000000e+02 4.610626405629508762e-01
8.350000000000000000e+02 4.616978884845139852e-01
8.370000000000000000e+02 4.622400208114431641e-01
8.390000000000000000e+02 4.629328596021124453e-01
8.410000000000000000e+02 4.637327137715807623e-01
8.430000000000000000e+02 4.644225160381449946e-01
8.450000000000000000e+02 4.649567457782207147e-01
8.470000000000000000e+02 4.650257434194905448e-01
8.490000000000000000e+02 4.650095282804091457e-01
8.510000000000000000e+02 4.647544613371071831e-01
8.530000000000000000e+02 4.641986798893842359e-01
8.550000000000000000e+02 4.632974926988254194e-01
8.570000000000000000e+02 4.631105825676687937e-01
8.590000000000000000e+02 4.628194130715659327e-01
8.610000000000000000e+02 4.624654699636337463e-01
8.630000000000000000e+02 4.623444214611505121e-01
8.650000000000000000e+02 4.624484668878205418e-01
8.670000000000000000e+02 4.628927180019384302e-01
8.690000000000000000e+02 4.635733783848636214e-01
8.710000000000000000e+02 4.643993343317803224e-01
8.730000000000000000e+02 4.653031369374475146e-01
8.750000000000000000e+02 4.662427935557078573e-01
8.770000000000000000e+02 4.669963512346880785e-01
8.790000000000000000e+02 4.680321392296996619e-01
8.810000000000000000e+02 4.692783299162435751e-01
8.830000000000000000e+02 4.700100953727056607e-01
8.850000000000000000e+02 4.708067607456436487e-01
8.870000000000000000e+02 4.716115680416211320e-01
8.890000000000000000e+02 4.720238550197681793e-01
8.910000000000000000e+02 4.720367210331239405e-01
8.930000000000000000e+02 4.718368943955250638e-01
8.950000000000000000e+02 4.713957146915342400e-01
8.970000000000000000e+02 4.702007048629484598e-01
8.990000000000000000e+02 4.689007665360797050e-01
9.010000000000000000e+02 4.675749952650687935e-01
9.030000000000000000e+02 4.660047909233762109e-01
9.050000000000000000e+02 4.643357471192738339e-01
9.070000000000000000e+02 4.622767098949607800e-01
9.090000000000000000e+02 4.601541949285343769e-01
9.110000000000000000e+02 4.579793085171517397e-01
9.130000000000000000e+02 4.558025749945892047e-01
9.150000000000000000e+02 4.536100204386923074e-01
9.170000000000000000e+02 4.510172672177599207e-01
9.190000000000000000e+02 4.476365630126171724e-01
9.210000000000000000e+02 4.435178263458645076e-01
9.230000000000000000e+02 4.398801280541198011e-01
9.250000000000000000e+02 4.361998346519005976e-01
9.270000000000000000e+02 4.323070798026026340e-01
9.290000000000000000e+02 4.286310155038604019e-01
9.310000000000000000e+02 4.252400808291568191e-01
9.330000000000000000e+02 4.219584163921211162e-01
9.350000000000000000e+02 4.188947463090538781e-01
9.370000000000000000e+02 4.171246086516030571e-01
9.390000000000000000e+02 4.157680501272074669e-01
9.410000000000000000e+02 4.147860001183121259e-01
1.729000000000000000e+03 6.571282361566050945e-01
1.731000000000000000e+03 6.563058261503866841e-01
1.733000000000000000e+03 6.557886429395271000e-01
1.735000000000000000e+03 6.555994795571744582e-01
1.737000000000000000e+03 6.558290415082790314e-01
1.739000000000000000e+03 6.564578877173508076e-01
1.741000000000000000e+03 6.574014438559179219e-01
1.743000000000000000e+03 6.584533318025772575e-01
1.745000000000000000e+03 6.594807237644065845e-01
1.747000000000000000e+03 6.604459687860343431e-01
1.749000000000000000e+03 6.612075027386026260e-01
1.751000000000000000e+03 6.616826547959715477e-01
1.753000000000000000e+03 6.620503116365709095e-01
1.755000000000000000e+03 6.622901312096638460e-01
1.757000000000000000e+03 6.620448705999990580e-01
1.759000000000000000e+03 6.617299413170255606e-01
1.761000000000000000e+03 6.614839756429717887e-01
1.763000000000000000e+03 6.612462579002430507e-01
1.765000000000000000e+03 6.611907714368771005e-01
1.767000000000000000e+03 6.608617600896198319e-01
1.769000000000000000e+03 6.609148189613520685e-01
1.771000000000000000e+03 6.613414285194361142e-01
1.773000000000000000e+03 6.622213138187976744e-01
1.775000000000000000e+03 6.635527833071659387e-01
1.777000000000000000e+03 6.648748622028209931e-01
1.779000000000000000e+03 6.664441493193874466e-01
1.781000000000000000e+03 6.681500616766162803e-01
1.783000000000000000e+03 6.699428245658332060e-01
1.785000000000000000e+03 6.717000644757920025e-01
1.787000000000000000e+03 6.731730399311843804e-01
1.789000000000000000e+03 6.745057569066447156e-01
1.791000000000000000e+03 6.756131613367499789e-01
1.793000000000000000e+03 6.763859787344174146e-01
1.795000000000000000e+03 6.767767545383032157e-01
1.797000000000000000e+03 6.772699753401684175e-01
1.799000000000000000e+03 6.777032813862393645e-01
1.801000000000000000e+03 6.781674087866348399e-01
1.803000000000000000e+03 6.789201639072159900e-01
1.805000000000000000e+03 6.798895473443355986e-01
1.807000000000000000e+03 6.813287213725381930e-01
1.809000000000000000e+03 6.830232549657788699e-01
1.811000000000000000e+03 6.849244181817596422e-01
1.813000000000000000e+03 6.929647048305780377e-01
1.815000000000000000e+03 7.006481416858081346e-01
1.817000000000000000e+03 7.081985651333488896e-01
1.819000000000000000e+03 7.153904520809512002e-01
1.821000000000000000e+03 7.222285836155313277e-01
1.823000000000000000e+03 7.286411271614952057e-01
1.825000000000000000e+03 7.347568339148877747e-01
1.827000000000000000e+03 7.409548402161417746e-01
1.829000000000000000e+03 7.470560361648206360e-01
1.831000000000000000e+03 7.531444366910264865e-01
1.833000000000000000e+03 7.593416012040016261e-01
1.835000000000000000e+03 7.656456873759724946e-01
1.837000000000000000e+03 7.720486832635975460e-01
1.839000000000000000e+03 7.785296547950493196e-01
1.841000000000000000e+03 7.849895255543803962e-01
1.843000000000000000e+03 7.911985374253557302e-01
1.845000000000000000e+03 7.971550095267609937e-01
1.847000000000000000e+03 8.030808688689788921e-01
1.849000000000000000e+03 8.084436440462534623e-01
1.851000000000000000e+03 8.132067472777371187e-01
1.853000000000000000e+03 8.116748079226687729e-01
1.855000000000000000e+03 8.102653632233773884e-01
1.857000000000000000e+03 8.093524776413059119e-01
1.859000000000000000e+03 8.085582173331384848e-01
1.861000000000000000e+03 8.078839976020577573e-01
1.863000000000000000e+03 8.070297370497174771e-01
1.865000000000000000e+03 8.059226010948449259e-01
1.867000000000000000e+03 8.048251848891354587e-01
1.869000000000000000e+03 8.034687139296005087e-01
1.871000000000000000e+03 8.018432582151566734e-01
1.873000000000000000e+03 8.000511272584239775e-01
1.875000000000000000e+03 7.980607600511364641e-01
1.877000000000000000e+03 7.958864535478816782e-01
1.879000000000000000e+03 7.933887547223466008e-01
1.881000000000000000e+03 7.906588420039591947e-01
1.883000000000000000e+03 7.877180134816779145e-01
1.885000000000000000e+03 7.845959430947528901e-01
1.887000000000000000e+03 7.813267279846849434e-01
1.889000000000000000e+03 7.780508716513648837e-01
1.891000000000000000e+03 7.748090053805926081e-01
1.893000000000000000e+03 7.714459506398556599e-01
1.895000000000000000e+03 7.679702801280248181e-01
1.897000000000000000e+03 7.641871868077408925e-01
1.899000000000000000e+03 7.601767274727032619e-01
1.901000000000000000e+03 7.558546195247888289e-01
1.903000000000000000e+03 7.515020302442516620e-01
1.905000000000000000e+03 7.470210887188433180e-01
1.907000000000000000e+03 7.420687813854238701e-01
1.909000000000000000e+03 7.368904283426315205e-01
1.911000000000000000e+03 7.315622794466424272e-01
1.913000000000000000e+03 7.258148834270914396e-01
1.915000000000000000e+03 7.197755346969401113e-01
1.917000000000000000e+03 7.133837402821773255e-01
1.919000000000000000e+03 7.069919117876501957e-01
1.921000000000000000e+03 7.005880740933340123e-01
1.923000000000000000e+03 6.945950377275031951e-01
1.925000000000000000e+03 6.891061743517377103e-01
1.927000000000000000e+03 6.840519513633640525e-01
1.929000000000000000e+03 6.794198393691373017e-01
1.931000000000000000e+03 6.751492211612566408e-01
1.933000000000000000e+03 6.710012765140267454e-01
1.935000000000000000e+03 6.668596119511669418e-01
1.937000000000000000e+03 6.626341824978946304e-01
1.939000000000000000e+03 6.583676192578513664e-01
1.941000000000000000e+03 6.538978538026891663e-01
1.943000000000000000e+03 6.493040013789469489e-01
1.945000000000000000e+03 6.446430738564226104e-01
1.947000000000000000e+03 6.399644009404844569e-01
1.949000000000000000e+03 6.353638726253288960e-01
1.951000000000000000e+03 6.309335526821079343e-01
1.953000000000000000e+03 6.268407564348507099e-01
1.955000000000000000e+03 6.231018488813278022e-01
1.957000000000000000e+03 6.198027678372161065e-01
1.959000000000000000e+03 6.168937473822987405e-01
1.961000000000000000e+03 6.143844238325519846e-01
1.963000000000000000e+03 6.120794562841788133e-01
1.965000000000000000e+03 6.098474688797883569e-01
1.967000000000000000e+03 6.077651610936296578e-01
1.969000000000000000e+03 6.057279301383707848e-01
1.971000000000000000e+03 6.036317801738750877e-01
1.973000000000000000e+03 6.014184856559214865e-01
1.975000000000000000e+03 5.990965373701420127e-01
1.977000000000000000e+03 5.965470788990666628e-01
1.979000000000000000e+03 5.937905703818223691e-01
1.981000000000000000e+03 5.909692379159521280e-01
1.983000000000000000e+03 5.888108358464745340e-01
1.985000000000000000e+03 5.873119141834068913e-01
1.987000000000000000e+03 5.862002374314938535e-01
1.989000000000000000e+03 5.852423636448789157e-01
1.991000000000000000e+03 5.845305230323438739e-01
1.993000000000000000e+03 5.839058409571529218e-01
1.995000000000000000e+03 5.835063623476868244e-01
1.997000000000000000e+03 5.832031099232724003e-01
1.999000000000000000e+03 5.831409166416866574e-01
2.001000000000000000e+03 5.832949653350463226e-01
2.003000000000000000e+03 5.836402978051374868e-01
2.005000000000000000e+03 5.841863783055880610e-01
2.007000000000000000e+03 5.846771295897593701e-01
2.009000000000000000e+03 5.851288007420986093e-01
2.011000000000000000e+03 5.854927236619430486e-01
2.013000000000000000e+03 5.856972774389355152e-01
2.015000000000000000e+03 5.857272806756808059e-01
2.017000000000000000e+03 5.856941120334493434e-01
2.019000000000000000e+03 5.855588286739342729e-01
2.021000000000000000e+03 5.854021283301426015e-01
2.023000000000000000e+03 5.844837691894881893e-01
2.025000000000000000e+03 5.829569784557457890e-01
2.027000000000000000e+03 5.813377035806569504e-01
2.029000000000000000e+03 5.798569695036767113e-01
2.031000000000000000e+03 5.785885057489569272e-01
2.033000000000000000e+03 5.777140537473567372e-01
2.035000000000000000e+03 5.772206543901635678e-01
2.037000000000000000e+03 5.773708463538061997e-01
2.039000000000000000e+03 5.776728272878467463e-01
2.041000000000000000e+03 5.781148301779385212e-01
2.043000000000000000e+03 5.786056130881152004e-01
2.045000000000000000e+03 5.791440857076518567e-01
2.047000000000000000e+03 5.801957512128493866e-01
2.049000000000000000e+03 5.811607102307617678e-01
2.051000000000000000e+03 5.820118018997415543e-01
2.053000000000000000e+03 5.825618341489460228e-01
2.055000000000000000e+03 5.828552851883892494e-01
2.057000000000000000e+03 5.832811425706569963e-01
2.059000000000000000e+03 5.836584066264624004e-01
2.061000000000000000e+03 5.840365071587255708e-01
2.063000000000000000e+03 5.845134780476175518e-01
2.065000000000000000e+03 5.851313819643608749e-01
2.067000000000000000e+03 5.859955527010400900e-01
2.069000000000000000e+03 5.870429657425049186e-01
2.071000000000000000e+03 5.882729948765927919e-01
2.073000000000000000e+03 5.898778310739450914e-01
2.075000000000000000e+03 5.918087896587803654e-01
2.077000000000000000e+03 5.936948264173246281e-01
2.079000000000000000e+03 5.957953619290592417e-01
2.081000000000000000e+03 5.979179637667545455e-01
2.083000000000000000e+03 5.998014861018892141e-01
2.085000000000000000e+03 6.012626519297599170e-01
2.087000000000000000e+03 6.017957223439249770e-01
2.089000000000000000e+03 6.018107058522101926e-01
2.091000000000000000e+03 6.013265597086810965e-01
2.093000000000000000e+03 6.006759607022240655e-01
2.095000000000000000e+03 5.998833375118642897e-01
2.097000000000000000e+03 5.985826126749553833e-01
2.099000000000000000e+03 5.973363831328457607e-01
2.101000000000000000e+03 5.962817062482336228e-01
2.103000000000000000e+03 5.954757153969915118e-01
2.105000000000000000e+03 5.949273606801458447e-01
2.107000000000000000e+03 5.946282665516769983e-01
2.109000000000000000e+03 5.946261792969494975e-01
2.111000000000000000e+03 5.948477905278813926e-01
2.113000000000000000e+03 5.951532672542801938e-01
2.115000000000000000e+03 5.954514911192736459e-01
2.117000000000000000e+03 5.958586588334447987e-01
2.119000000000000000e+03 5.960769492789245172e-01
2.121000000000000000e+03 5.959998252184235401e-01
2.123000000000000000e+03 5.956573635216257934e-01
2.125000000000000000e+03 5.950566096574936292e-01
2.127000000000000000e+03 5.949770683687859441e-01
2.129000000000000000e+03 5.947555294148235694e-01
2.131000000000000000e+03 5.944809972416481569e-01
2.133000000000000000e+03 5.942335656446771086e-01
2.135000000000000000e+03 5.940831169496310071e-01
2.137000000000000000e+03 5.945384048451990422e-01
2.139000000000000000e+03 5.952470400550098351e-01
2.141000000000000000e+03 5.962280514180993141e-01
2.143000000000000000e+03 5.974739982543455508e-01
2.145000000000000000e+03 5.990008955084396014e-01
2.147000000000000000e+03 6.000877288527987075e-01
2.149000000000000000e+03 6.012936301103831704e-01
2.151000000000000000e+03 6.025260988922350736e-01
2.153000000000000000e+03 6.037966471323934492e-01
2.155000000000000000e+03 6.050773957059136787e-01
2.157000000000000000e+03 6.052157666344337716e-01
2.159000000000000000e+03 6.051836943347659314e-01
2.161000000000000000e+03 6.049601644653457289e-01
2.163000000000000000e+03 6.046146999784660636e-01
2.165000000000000000e+03 6.041710080452095122e-01
2.167000000000000000e+03 6.022060380467452179e-01
2.169000000000000000e+03 6.003189936870542143e-01
2.171000000000000000e+03 5.985425725944691910e-01
2.173000000000000000e+03 5.968217123897811005e-01
2.175000000000000000e+03 5.953011285279563580e-01
2.177000000000000000e+03 5.932035473781289703e-01
2.179000000000000000e+03 5.912498116014206495e-01
2.181000000000000000e+03 5.894716067261039916e-01
2.183000000000000000e+03 5.880265384164764519e-01
2.185000000000000000e+03 5.868445361344299949e-01
2.187000000000000000e+03 5.863438318340631339e-01
2.189000000000000000e+03 5.860326348184761169e-01
2.191000000000000000e+03 5.858091381031504952e-01
2.193000000000000000e+03 5.854332095009401327e-01
2.195000000000000000e+03 5.847241843834450892e-01
2.197000000000000000e+03 5.846698884752277170e-01
2.199000000000000000e+03 5.841867636858305568e-01
2.201000000000000000e+03 5.833841057285729104e-01
2.203000000000000000e+03 5.822417730123876645e-01
2.205000000000000000e+03 5.808089129928127869e-01
2.207000000000000000e+03 5.798822758521920973e-01
2.209000000000000000e+03 5.789292583064170605e-01
2.211000000000000000e+03 5.781408613389278361e-01
2.213000000000000000e+03 5.782590986039606307e-01
2.215000000000000000e+03 5.792041299079745409e-01
2.217000000000000000e+03 5.809931050622070270e-01
2.219000000000000000e+03 5.826406894122342361e-01
2.221000000000000000e+03 5.839441543130565737e-01
2.223000000000000000e+03 5.847550949691017186e-01
2.225000000000000000e+03 5.854428628545814695e-01
2.227000000000000000e+03 5.860946525696701936e-01
2.229000000000000000e+03 5.867007830912370769e-01
2.231000000000000000e+03 5.870498100088057392e-01
2.233000000000000000e+03 5.867939959653001303e-01
2.235000000000000000e+03 5.861986816585836868e-01
2.237000000000000000e+03 5.855019559820768826e-01
2.239000000000000000e+03 5.854450706188636389e-01
2.241000000000000000e+03 5.861590989720000255e-01
2.243000000000000000e+03 5.874524512900543005e-01
2.245000000000000000e+03 5.889868432078424476e-01
2.247000000000000000e+03 5.903342406742908555e-01
2.249000000000000000e+03 5.916736939895266278e-01
2.251000000000000000e+03 5.931644933690569665e-01
2.253000000000000000e+03 5.946884444526560065e-01
2.255000000000000000e+03 5.963513924148564627e-01
2.257000000000000000e+03 5.981576166993722854e-01
2.259000000000000000e+03 6.002989242400520453e-01
2.261000000000000000e+03 6.022863349922460419e-01
2.263000000000000000e+03 6.050140855562856634e-01
2.265000000000000000e+03 6.080812794517457265e-01
2.267000000000000000e+03 6.112685463714615519e-01
2.269000000000000000e+03 6.143018403693887297e-01
2.271000000000000000e+03 6.171840739493273942e-01
2.273000000000000000e+03 6.200305043876144229e-01
2.275000000000000000e+03 6.225581633182202257e-01
2.277000000000000000e+03 6.243867053124697586e-01
2.279000000000000000e+03 6.252505894889170968e-01
2.281000000000000000e+03 6.251601944955320622e-01
2.283000000000000000e+03 6.245608029411880979e-01
2.285000000000000000e+03 6.240097895879193057e-01
2.287000000000000000e+03 6.239693526036010907e-01
2.289000000000000000e+03 6.245020501295658333e-01
2.291000000000000000e+03 6.254852209465846524e-01
2.293000000000000000e+03 6.264730681951145019e-01
2.295000000000000000e+03 6.274184609633699505e-01
2.297000000000000000e+03 6.280960265025882228e-01
2.299000000000000000e+03 6.293348334774503394e-01
2.301000000000000000e+03 6.315533224158201842e-01
2.303000000000000000e+03 6.337043900697321153e-01
2.305000000000000000e+03 6.356274338546324953e-01
2.307000000000000000e+03 6.369684633442401767e-01
2.309000000000000000e+03 6.378746746064682949e-01
2.311000000000000000e+03 6.384331906553670777e-01
2.313000000000000000e+03 6.387388642442284326e-01
2.315000000000000000e+03 6.388777203375345382e-01
2.317000000000000000e+03 6.392925981012435033e-01
2.319000000000000000e+03 6.397630391382286286e-01
2.321000000000000000e+03 6.404564022586323180e-01
2.323000000000000000e+03 6.414475534075324559e-01
2.325000000000000000e+03 6.427851401575025436e-01
2.327000000000000000e+03 6.447197131271809045e-01
2.329000000000000000e+03 6.470402118159656046e-01
2.331000000000000000e+03 6.496975446942249155e-01
2.333000000000000000e+03 6.527093883883324787e-01
2.335000000000000000e+03 6.559194952535334355e-01
2.337000000000000000e+03 6.597367479631521814e-01
2.339000000000000000e+03 6.636022113926648425e-01
2.341000000000000000e+03 6.673405693750498191e-01
2.343000000000000000e+03 6.708273554169411623e-01
2.345000000000000000e+03 6.740598057796857168e-01
2.347000000000000000e+03 6.772825746592198159e-01
2.349000000000000000e+03 6.802566530289357871e-01
2.351000000000000000e+03 6.829496186968516680e-01
2.353000000000000000e+03 6.855936050206665744e-01
2.355000000000000000e+03 6.882719644317831786e-01
2.357000000000000000e+03 6.906975526238040564e-01
2.359000000000000000e+03 6.932579440111583668e-01
2.361000000000000000e+03 6.960033254647225442e-01
2.363000000000000000e+03 6.989177510137049021e-01
2.365000000000000000e+03 7.020958576428223408e-01
2.367000000000000000e+03 7.054238320592364220e-01
2.369000000000000000e+03 7.090095448327833338e-01
2.371000000000000000e+03 7.126295254150151193e-01
2.373000000000000000e+03 7.161715136296200601e-01
2.375000000000000000e+03 7.196188627986965791e-01
2.377000000000000000e+03 7.227126847469702575e-01
2.379000000000000000e+03 7.253952446188564052e-01
2.381000000000000000e+03 7.274852044484712010e-01
2.383000000000000000e+03 7.290608009858138283e-01
2.385000000000000000e+03 7.299785483186340684e-01
2.387000000000000000e+03 7.305579665948125356e-01
2.389000000000000000e+03 7.308438576918547813e-01
2.391000000000000000e+03 7.311288821611964250e-01
2.393000000000000000e+03 7.314788676751884378e-01
2.395000000000000000e+03 7.321248734340184416e-01
2.397000000000000000e+03 7.334008562347036353e-01
2.399000000000000000e+03 7.351974467616891884e-01
2.401000000000000000e+03 7.374350445086498285e-01
2.403000000000000000e+03 7.402518385314690308e-01
2.405000000000000000e+03 7.433822792879777319e-01
2.407000000000000000e+03 7.467410447635557391e-01
2.409000000000000000e+03 7.500633983573379293e-01
2.411000000000000000e+03 7.534165053813637325e-01
2.413000000000000000e+03 7.565325483946332419e-01
2.415000000000000000e+03 7.592090903600096086e-01
2.417000000000000000e+03 7.616933823015981098e-01
2.419000000000000000e+03 7.635303361041192449e-01
2.421000000000000000e+03 7.650202520587167099e-01
2.423000000000000000e+03 7.661953396831548968e-01
2.425000000000000000e+03 7.672709696258396272e-01
2.427000000000000000e+03 7.679058928285497077e-01
2.429000000000000000e+03 7.687584781515437449e-01
2.431000000000000000e+03 7.699506846725326925e-01
2.433000000000000000e+03 7.715028013863306500e-01
2.435000000000000000e+03 7.733645411462868324e-01
2.437000000000000000e+03 7.755323380961808288e-01
2.439000000000000000e+03 7.781080517244348682e-01
2.441000000000000000e+03 7.811207732260504466e-01
2.443000000000000000e+03 7.844283572134038707e-01
2.445000000000000000e+03 7.879200500785608074e-01
2.447000000000000000e+03 7.913789228972748502e-01
2.449000000000000000e+03 7.946681251316818351e-01
2.451000000000000000e+03 7.976868258405467316e-01
2.453000000000000000e+03 8.004042681470004972e-01
2.455000000000000000e+03 8.027112453268629988e-01
2.457000000000000000e+03 8.045600550468934298e-01
2.459000000000000000e+03 8.062972342694643135e-01
2.461000000000000000e+03 8.077871312195334941e-01
2.463000000000000000e+03 8.090956933249473515e-01
2.465000000000000000e+03 8.103368794946708142e-01
2.467000000000000000e+03 8.118139999055697942e-01
2.469000000000000000e+03 8.134572989405950416e-01
2.471000000000000000e+03 8.153930500923584068e-01
2.473000000000000000e+03 8.175183561625261053e-01
2.475000000000000000e+03 8.199721337576652003e-01
2.477000000000000000e+03 8.222572952337182661e-01
2.479000000000000000e+03 8.244373404283268369e-01
2.481000000000000000e+03 8.265835370095595547e-01
2.483000000000000000e+03 8.284829148382331088e-01
2.485000000000000000e+03 8.302270557493890424e-01
2.487000000000000000e+03 8.309687147407556207e-01
2.489000000000000000e+03 8.312941979222538968e-01
2.491000000000000000e+03 8.311940449254767715e-01
2.493000000000000000e+03 8.307836258828531495e-01
2.495000000000000000e+03 8.303503526808291291e-01
2.497000000000000000e+03 8.291920712098054258e-01
2.499000000000000000e+03 8.281587629005787710e-01
2.501000000000000000e+03 8.274886734755728668e-01
2.503000000000000000e+03 8.270832110389144676e-01
2.505000000000000000e+03 8.270151917256343133e-01
2.507000000000000000e+03 8.272217013361360394e-01
2.509000000000000000e+03 8.278634418934470718e-01
2.511000000000000000e+03 8.287416608354275516e-01
2.513000000000000000e+03 8.301763316003499815e-01
2.515000000000000000e+03 8.319940344903330454e-01
2.517000000000000000e+03 8.340230064490684603e-01
2.519000000000000000e+03 8.363564439246848892e-01
2.521000000000000000e+03 8.386500330658025470e-01
2.523000000000000000e+03 8.408855725429325023e-01
2.525000000000000000e+03 8.428114516491642672e-01
2.527000000000000000e+03 8.450882078267090147e-01
2.529000000000000000e+03 8.471432613035005943e-01
2.531000000000000000e+03 8.489263605912835686e-01
2.533000000000000000e+03 8.504183304959832546e-01
2.535000000000000000e+03 8.515933894466215515e-01
2.537000000000000000e+03 8.535597409008195413e-01
2.539000000000000000e+03 8.554088079609470929e-01
2.541000000000000000e+03 8.573077385063194722e-01
2.543000000000000000e+03 8.594564102883075485e-01
2.545000000000000000e+03 8.619140343059917830e-01
2.547000000000000000e+03 8.648297701116509639e-01
2.549000000000000000e+03 8.679103830923143859e-01
2.551000000000000000e+03 8.711981058509988829e-01
2.553000000000000000e+03 8.744249399109594867e-01
2.555000000000000000e+03 8.774293377543777028e-01
2.557000000000000000e+03 8.805111535231499031e-01
2.559000000000000000e+03 8.830343851921719223e-01
2.561000000000000000e+03 8.850253809897613566e-01
2.563000000000000000e+03 8.864164299678836123e-01
2.565000000000000000e+03 8.873434221562884749e-01
2.567000000000000000e+03 8.878012005395059525e-01
2.569000000000000000e+03 8.880418711681329347e-01
2.571000000000000000e+03 8.882308663066809107e-01
2.573000000000000000e+03 8.884117397525729265e-01
2.575000000000000000e+03 8.887683889044920571e-01
2.577000000000000000e+03 8.888555927185943784e-01
2.579000000000000000e+03 8.891706336522393617e-01
2.581000000000000000e+03 8.897111277978558830e-01
2.583000000000000000e+03 8.907382782924299081e-01
2.585000000000000000e+03 8.920710481030490469e-01
2.587000000000000000e+03 8.935161409936471788e-01
2.589000000000000000e+03 8.950642425928782009e-01
2.591000000000000000e+03 8.965703139088423423e-01
2.593000000000000000e+03 8.977694835966862907e-01
2.595000000000000000e+03 8.986358305245787381e-01
2.597000000000000000e+03 8.991891394879182320e-01
2.599000000000000000e+03 8.994834049260710396e-01
2.601000000000000000e+03 8.995001756426332928e-01
2.603000000000000000e+03 8.994693380214111578e-01
2.605000000000000000e+03 8.994626323255437983e-01
2.607000000000000000e+03 8.997858667094006391e-01
2.609000000000000000e+03 9.002850717651200707e-01
2.611000000000000000e+03 9.009950855032011763e-01
2.613000000000000000e+03 9.019748069876836194e-01
2.615000000000000000e+03 9.031387950897574735e-01
2.617000000000000000e+03 9.044681052916561104e-01
2.619000000000000000e+03 9.060587021915875727e-01
2.621000000000000000e+03 9.077570006242376977e-01
2.623000000000000000e+03 9.091823763461613916e-01
2.625000000000000000e+03 9.104042852000373554e-01
2.627000000000000000e+03 9.117653336054134527e-01
2.629000000000000000e+03 9.127857615722985152e-01
2.631000000000000000e+03 9.134356967405343752e-01
