Frequency    S2,1_[20]

                       0                      -209.49932
                  0.0035                      -146.38894
                   0.007                      -133.14048
                  0.0105                       -124.8989
                   0.014                      -119.04482
                  0.0175                      -114.77175
                   0.021                      -111.73096
                  0.0245                      -109.78961
                   0.028                      -108.98464
                  0.0315                      -109.55365
                   0.035                      -111.65182
                  0.0385                      -110.67873
                   0.042                      -104.27835
                  0.0455                      -98.887936
                   0.049                      -94.786642
                  0.0525                      -91.572282
                   0.056                      -89.009459
                  0.0595                      -86.967351
                   0.063                      -85.371006
                  0.0665                      -84.176955
                    0.07                      -83.358981
                  0.0735                      -82.894555
                   0.077                      -82.741069
                  0.0805                      -82.783463
                   0.084                      -82.743506
                  0.0875                      -82.167179
                   0.091                      -80.773598
                  0.0945                      -78.809814
                   0.098                      -76.721827
                  0.1015                      -74.785957
                   0.105                       -73.10846
                  0.1085                      -71.715394
                   0.112                      -70.604164
                  0.1155                      -69.763222
                   0.119                       -69.17666
                  0.1225                      -68.820759
                   0.126                      -68.653436
                  0.1295                      -68.595794
                   0.133                        -68.5117
                  0.1365                      -68.215189
                    0.14                      -67.551495
                  0.1435                      -66.513259
                   0.147                      -65.244614
                  0.1505                      -63.926841
                   0.154                      -62.692783
                  0.1575                      -61.615935
                   0.161                      -60.729474
                  0.1645                      -60.043695
                   0.168                      -59.555137
                  0.1715                      -59.248662
                   0.175                      -59.094115
                  0.1785                      -59.038939
                   0.182                      -59.000605
                  0.1855                      -58.869858
                   0.189                      -58.540726
                  0.1925                      -57.963739
                   0.196                      -57.177176
                  0.1995                      -56.280253
                   0.203                      -55.379406
                  0.2065                      -54.555225
                    0.21                      -53.857082
                  0.2135                       -53.30985
                   0.217                      -52.921105
                  0.2205                       -52.68492
                   0.224                      -52.581961
                  0.2275                      -52.576743
                   0.231                      -52.614318
                  0.2345                      -52.621392
                   0.238                      -52.519449
                  0.2415                      -52.252202
                   0.245                      -51.812678
                  0.2485                      -51.246027
                   0.252                      -50.625231
                  0.2555                      -50.021978
                   0.259                      -49.490665
                  0.2625                      -49.065479
                   0.266                      -48.763303
                  0.2695                      -48.586939
                   0.273                       -48.52659
                  0.2765                      -48.559392
                    0.28                      -48.648067
                  0.2835                      -48.741226
                   0.287                       -48.77927
                  0.2905                      -48.708898
                   0.294                      -48.502434
                  0.2975                      -48.169652
                   0.301                       -47.75234
                  0.3045                      -47.306233
                   0.308                      -46.883653
                  0.3115                      -46.524283
                   0.315                      -46.253187
                  0.3185                      -46.082001
                   0.322                      -46.010423
                  0.3255                      -46.026768
                   0.329                      -46.107689
                  0.3325                      -46.218139
                   0.336                      -46.313684
                  0.3395                      -46.347608
                   0.343                      -46.283157
                  0.3465                      -46.106326
                    0.35                      -45.831173
                  0.3535                      -45.493645
                   0.357                      -45.138642
                  0.3605                      -44.808218
                   0.364                      -44.535068
                  0.3675                      -44.340558
                   0.371                      -44.235002
                  0.3745                      -44.218231
                   0.378                      -44.279703
                  0.3815                      -44.398137
                   0.385                      -44.541639
                  0.3885                      -44.669995
                   0.392                      -44.741058
                  0.3955                       -44.72146
                   0.399                      -44.597887
                  0.4025                      -44.382222
                   0.406                      -44.107012
                  0.4095                      -43.814447
                   0.413                       -43.54553
                  0.4165                      -43.333372
                    0.42                      -43.200504
                  0.4235                      -43.158347
                   0.427                      -43.207039
                  0.4305                       -43.33471
                   0.434                      -43.516215
                  0.4375                      -43.712373
                   0.441                      -43.872355
                  0.4445                      -43.942447
                   0.448                      -43.881908
                  0.4515                      -43.679267
                   0.455                      -43.357801
                  0.4585                      -42.965724
                   0.462                      -42.558913
                  0.4655                       -42.18698
                   0.469                      -41.886588
                  0.4725                      -41.679942
                   0.476                      -41.575072
                  0.4795                        -41.5657
                   0.483                      -41.629863
                  0.4865                      -41.727981
                    0.49                       -41.80284
                  0.4935                      -41.786431
                   0.497                      -41.617798
                  0.5005                      -41.267421
                   0.504                      -40.751875
                  0.5075                      -40.125936
                   0.511                        -39.4597
                  0.5145                      -38.817983
                   0.518                      -38.250422
                  0.5215                      -37.789614
                   0.525                       -37.45212
                  0.5285                      -37.238814
                   0.532                      -37.133378
                  0.5355                      -37.098553
                   0.539                      -37.071415
                  0.5425                      -36.962665
                   0.546                      -36.669927
                  0.5495                      -36.112242
                   0.553                      -35.270158
                  0.5565                      -34.195634
                    0.56                      -32.982619
                  0.5635                      -31.729608
                   0.567                       -30.52073
                  0.5705                      -29.423493
                   0.574                      -28.491332
                  0.5775                      -27.763455
                   0.581                      -27.261524
                  0.5845                      -26.986999
                   0.588                      -26.922983
                  0.5915                      -27.041148
                   0.595                       -27.31012
                  0.5985                      -27.701736
                   0.602                      -28.193622
                  0.6055                      -28.768192
                   0.609                      -29.408139
                  0.6125                      -30.087345
                   0.616                      -30.755203
                  0.6195                      -31.314251
                   0.623                      -31.607753
                  0.6265                      -31.464061
                    0.63                      -30.817826
                  0.6335                      -29.785009
                   0.637                      -28.579656
                  0.6405                      -27.388689
                   0.644                      -26.323734
                  0.6475                      -25.430058
                   0.651                      -24.707949
                  0.6545                      -24.130949
                   0.658                      -23.658898
                  0.6615                      -23.246679
                   0.665                      -22.849484
                  0.6685                      -22.426626
                   0.672                      -21.945532
                  0.6755                      -21.386605
                   0.679                      -20.747672
                  0.6825                      -20.045114
                   0.686                      -19.309273
                  0.6895                      -18.575044
                   0.693                      -17.871674
                  0.6965                      -17.216005
                     0.7                      -16.610942
                  0.7035                      -16.048184
                   0.707                      -15.512693
                  0.7105                      -14.987007
                   0.714                      -14.454477
                  0.7175                      -13.901821
                   0.721                      -13.321261
                  0.7245                      -12.712409
                   0.728                      -12.084031
                  0.7315                      -11.455089
                   0.735                      -10.854661
                  0.7385                      -10.320125
                   0.742                      -9.8926834
                  0.7455                      -9.6103122
                   0.749                      -9.4993235
                  0.7525                      -9.5681365
                   0.756                      -9.8067165
                  0.7595                      -10.191852
                   0.763                      -10.694596
                  0.7665                      -11.286016
                    0.77                      -11.939799
                  0.7735                      -12.632766
                   0.777                      -13.344447
                  0.7805                      -14.057011
                   0.784                      -14.755619
                  0.7875                      -15.428792
                   0.791                      -16.068855
                  0.7945                      -16.671738
                   0.798                      -17.236621
                  0.8015                      -17.765194
                   0.805                      -18.260758
                  0.8085                      -18.727434
                   0.812                      -19.169337
                  0.8155                      -19.589872
                   0.819                      -19.991352
                  0.8225                      -20.374757
                   0.826                      -20.739712
                  0.8295                      -21.085008
                   0.833                       -21.40888
                  0.8365                      -21.709663
                    0.84                      -21.986258
                  0.8435                      -22.238441
                   0.847                      -22.466967
                  0.8505                      -22.673465
                   0.854                      -22.860246
                  0.8575                      -23.029959
                   0.861                        -23.1853
                  0.8645                      -23.328669
                   0.868                      -23.462043
                  0.8715                      -23.586807
                   0.875                      -23.703826
                  0.8785                      -23.813591
                   0.882                      -23.916311
                  0.8855                      -24.012228
                   0.889                      -24.101739
                  0.8925                      -24.185576
                   0.896                      -24.264895
                  0.8995                      -24.341216
                   0.903                      -24.416394
                  0.9065                      -24.492543
                    0.91                       -24.57195
                  0.9135                      -24.657062
                   0.917                      -24.750548
                  0.9205                      -24.855354
                   0.924                      -24.974742
                  0.9275                      -25.112232
                   0.931                      -25.271454
                  0.9345                      -25.455823
                   0.938                      -25.668079
                  0.9415                      -25.909866
                   0.945                      -26.181449
                  0.9485                      -26.481625
                   0.952                      -26.808045
                  0.9555                      -27.157718
                   0.959                      -27.527732
                  0.9625                      -27.915925
                   0.966                      -28.321439
                  0.9695                      -28.744971
                   0.973                      -29.188862
                  0.9765                      -29.656847
                    0.98                      -30.153693
                  0.9835                      -30.684805
                   0.987                      -31.256009
                  0.9905                      -31.873654
                   0.994                      -32.545406
                  0.9975                      -33.281779
                   1.001                      -34.098882
                  1.0045                      -35.023113
                   1.008                      -36.099501
                  1.0115                      -37.408348
                   1.015                       -39.10267
                  1.0185                      -41.507394
                   1.022                      -45.424725
                  1.0255                      -51.671709
                   1.029                      -45.757072
                  1.0325                      -39.068295
                   1.036                      -34.953827
                  1.0395                      -32.680947
                   1.043                      -31.846214
                  1.0465                      -31.886825
                    1.05                      -32.326261
                  1.0535                      -32.905904
                   1.057                      -33.513506
                  1.0605                      -34.105541
                   1.064                      -34.667586
                  1.0675                      -35.197518
                   1.071                      -35.698658
                  1.0745                      -36.176856
                   1.078                      -36.639014
                  1.0815                      -37.092097
                   1.085                      -37.542344
                  1.0885                      -37.994542
                   1.092                      -38.451542
                  1.0955                      -38.914072
                   1.099                      -39.380815
                  1.1025                      -39.848871
                   1.106                      -40.314446
                  1.1095                      -40.773588
                   1.113                       -41.22308
                  1.1165                       -41.66116
                    1.12                      -42.088205
                  1.1235                      -42.507153
                   1.127                       -42.92358
                  1.1305                      -43.345382
                   1.134                      -43.781853
                  1.1375                      -44.242428
                   1.141                       -44.73514
                  1.1445                      -45.265215
                   1.148                      -45.833886
                  1.1515                      -46.437624
                   1.155                      -47.067695
                  1.1585                      -47.709905
                   1.162                      -48.344743
                  1.1655                      -48.948219
                   1.169                      -49.494298
                  1.1725                      -49.959774
                   1.176                      -50.330799
                  1.1795                      -50.609155
                   1.183                      -50.815056
                  1.1865                      -50.985014
                    1.19                      -51.167095
                  1.1935                      -51.416162
                   1.197                      -51.792163
                  1.2005                      -52.361883
                   1.204                      -53.204146
                  1.2075                      -54.421357
                   1.211                      -56.166726
                  1.2145                       -58.72005
                   1.218                      -62.760172
                  1.2215                      -71.107221
                   1.225                       -75.15389
                  1.2285                      -64.157572
                   1.232                      -59.574029
                  1.2355                      -56.683395
                   1.239                       -54.57839
                  1.2425                       -52.90862
                   1.246                      -51.496216
                  1.2495                      -50.237894
                   1.253                      -49.070755
                  1.2565                      -47.957915
                    1.26                      -46.880329
                  1.2635                        -45.8313
                   1.267                      -44.812307
                  1.2705                       -43.82983
                   1.274                       -42.89338
                  1.2775                        -42.0142
                   1.281                      -41.204327
                  1.2845                      -40.475966
                   1.288                          -39.84
                  1.2915                      -39.304419
                   1.295                      -38.872529
                  1.2985                      -38.541466
                   1.302                      -38.301794
                  1.3055                        -38.1381
                   1.309                      -38.030827
                  1.3125                      -37.958349
                   1.316                      -37.899348
                  1.3195                      -37.834707
                   1.323                      -37.748922
                  1.3265                      -37.631083
                    1.33                      -37.475255
                  1.3335                      -37.280324
                   1.337                      -37.049351
                  1.3405                      -36.788449
                   1.344                      -36.505516
                  1.3475                        -36.2089
                   1.351                      -35.906294
                  1.3545                      -35.603878
                   1.358                       -35.30581
                  1.3615                       -35.01407
                   1.365                      -34.728548
                  1.3685                      -34.447437
                   1.372                      -34.167696
                  1.3755                      -33.885794
                   1.379                      -33.598314
                  1.3825                      -33.302663
                   1.386                      -32.997597
                  1.3895                      -32.683532
                   1.393                      -32.362647
                  1.3965                       -32.03873
                     1.4                      -31.716877
                  1.4035                       -31.40315
                   1.407                      -31.104209
                  1.4105                      -30.826972
                   1.414                      -30.578359
                  1.4175                       -30.36491
                   1.421                       -30.19237
                  1.4245                      -30.064972
                   1.428                      -29.984561
                  1.4315                      -29.949374
                   1.435                      -29.952717
                  1.4385                      -29.981927
                   1.442                      -30.018114
                  1.4455                      -30.037561
                   1.449                      -30.015015
                  1.4525                      -29.928552
                   1.456                      -29.764535
                  1.4595                       -29.52038
                   1.463                      -29.204089
                  1.4665                      -28.830976
                    1.47                      -28.419455
                  1.4735                      -27.987477
                   1.477                      -27.550339
                  1.4805                        -27.1199
                   1.484                      -26.704398
                  1.4875                      -26.308851
                   1.491                      -25.935475
                  1.4945                      -25.584077
                   1.498                      -25.252589
                  1.5015                      -24.937482
                   1.505                      -24.634336
                  1.5085                      -24.338515
                   1.512                      -24.045771
                  1.5155                      -23.752837
                   1.519                      -23.457835
                  1.5225                       -23.16038
                   1.526                      -22.861485
                  1.5295                      -22.563178
                   1.533                      -22.267994
                  1.5365                      -21.978516
                    1.54                      -21.696852
                  1.5435                      -21.424355
                   1.547                      -21.161413
                  1.5505                       -20.90743
                   1.554                      -20.660984
                  1.5575                      -20.420081
                   1.561                      -20.182503
                  1.5645                      -19.946235
                   1.568                      -19.709779
                  1.5715                      -19.472425
                   1.575                      -19.234315
                  1.5785                       -18.99638
                   1.582                      -18.760132
                  1.5855                      -18.527347
                   1.589                      -18.299743
                  1.5925                      -18.078728
                   1.596                      -17.865164
                  1.5995                      -17.659317
                   1.603                      -17.460866
                  1.6065                      -17.269024
                    1.61                       -17.08276
                  1.6135                      -16.901012
                   1.617                      -16.722909
                  1.6205                      -16.547959
                   1.624                      -16.376121
                  1.6275                      -16.207809
                   1.631                      -16.043814
                  1.6345                      -15.885137
                   1.638                      -15.732858
                  1.6415                      -15.587947
                   1.645                      -15.451183
                  1.6485                      -15.323088
                   1.652                      -15.203932
                  1.6555                      -15.093776
                   1.659                      -14.992568
                  1.6625                      -14.900207
                   1.666                       -14.81662
                  1.6695                      -14.741787
                   1.673                      -14.675745
                  1.6765                       -14.61856
                    1.68                      -14.570283
                  1.6835                      -14.530949
                   1.687                      -14.500542
                  1.6905                      -14.479032
                   1.694                      -14.466413
                  1.6975                      -14.462735
                   1.701                      -14.468152
                  1.7045                      -14.482937
                   1.708                      -14.507507
                  1.7115                      -14.542376
                   1.715                      -14.588103
                  1.7185                      -14.645219
                   1.722                      -14.714072
                  1.7255                      -14.794777
                   1.729                      -14.887108
                  1.7325                      -14.990483
                   1.736                      -15.104024
                  1.7395                      -15.226615
                   1.743                      -15.357018
                  1.7465                       -15.49401
                    1.75                      -15.636459
                  1.7535                      -15.783498
                   1.757                      -15.934624
                  1.7605                      -16.089829
                   1.764                      -16.249785
                  1.7675                      -16.415874
                   1.771                       -16.59022
                  1.7745                      -16.775615
                   1.778                      -16.975242
                  1.7815                      -17.192496
                   1.785                      -17.430632
                  1.7885                      -17.692519
                   1.792                      -17.980514
                  1.7955                      -18.296194
                   1.799                      -18.640251
                  1.8025                      -19.012132
                   1.806                      -19.409584
                  1.8095                      -19.828155
                   1.813                      -20.260326
                  1.8165                      -20.694761
                    1.82                      -21.116038
                  1.8235                       -21.50491
                   1.827                      -21.840257
                  1.8305                      -22.102517
                   1.834                      -22.278302
                  1.8375                      -22.364371
                   1.841                      -22.368941
                  1.8445                      -22.309586
                   1.848                      -22.208695
                  1.8515                      -22.088524
                   1.855                      -21.967498
                  1.8585                      -21.858251
                   1.862                      -21.767176
                  1.8655                      -21.694931
                   1.869                      -21.637626
                  1.8725                      -21.588311
                   1.876                      -21.538759
                  1.8795                      -21.481291
                   1.883                      -21.410383
                  1.8865                      -21.323759
                    1.89                      -21.222761
                  1.8935                      -21.111836
                   1.897                      -20.997469
                  1.9005                      -20.886844
                   1.904                      -20.786501
                  1.9075                      -20.701362
                   1.911                       -20.63406
                  1.9145                      -20.584706
                   1.918                      -20.550998
                  1.9215                      -20.528638
                   1.925                      -20.512089
                  1.9285                        -20.4955
                   1.932                      -20.473721
                  1.9355                      -20.443214
                   1.939                      -20.402652
                  1.9425                      -20.353071
                   1.946                      -20.297582
                  1.9495                      -20.240635
                   1.953                      -20.187161
                  1.9565                      -20.141677
                    1.96                      -20.107511
                  1.9635                      -20.086325
                   1.967                      -20.077845
                  1.9705                      -20.079937
                   1.974                      -20.088933
                  1.9775                       -20.10021
                   1.981                      -20.108983
                  1.9845                      -20.111118
                   1.988                      -20.103911
                  1.9915                      -20.086548
                   1.995                      -20.060226
                  1.9985                      -20.027879
                   2.002                      -19.993573
                  2.0055                      -19.961729
                   2.009                      -19.936345
                  2.0125                      -19.920339
                   2.016                      -19.915083
                  2.0195                      -19.920191
                   2.023                       -19.93357
                  2.0265                      -19.951748
                    2.03                      -19.970433
                  2.0335                      -19.985259
                   2.037                      -19.992546
                  2.0405                      -19.990021
                   2.044                       -19.97723
                  2.0475                      -19.955606
                   2.051                      -19.928187
                  2.0545                      -19.898997
                   2.058                      -19.872345
                  2.0615                      -19.852036
                   2.065                       -19.84076
                  2.0685                      -19.839673
                   2.072                       -19.84818
                  2.0755                      -19.864043
                   2.079                      -19.883702
                  2.0825                      -19.902883
                   2.086                      -19.917322
                  2.0895                      -19.923556
                   2.093                      -19.919601
                  2.0965                      -19.905316
                     2.1                      -19.882443
                  2.1035                      -19.854265
                   2.107                      -19.824967
                  2.1105                      -19.798894
                   2.114                      -19.779799
                  2.1175                      -19.770216
                   2.121                      -19.771053
                  2.1245                      -19.781437
                   2.128                       -19.79882
                  2.1315                      -19.819391
                   2.135                      -19.838688
                  2.1385                      -19.852405
                   2.142                      -19.857181
                  2.1455                      -19.851272
                   2.149                      -19.834897
                  2.1525                      -19.810206
                   2.156                      -19.780869
                  2.1595                      -19.751376
                   2.163                      -19.726255
                  2.1665                      -19.709275
                    2.17                      -19.702841
                  2.1735                      -19.707595
                   2.177                      -19.722287
                  2.1805                      -19.743949
                   2.184                      -19.768364
                  2.1875                      -19.790752
                   2.191                      -19.806655
                  2.1945                      -19.812774
                   2.198                       -19.80763
                  2.2015                      -19.791913
                   2.205                      -19.768337
                  2.2085                      -19.741169
                   2.212                      -19.715436
                  2.2155                      -19.696063
                   2.219                      -19.687055
                  2.2225                      -19.690894
                   2.226                       -19.70814
                  2.2295                      -19.737336
                   2.233                      -19.775255
                  2.2365                      -19.817383
                    2.24                      -19.858699
                  2.2435                      -19.894578
                   2.247                      -19.921656
                  2.2505                      -19.938531
                   2.254                      -19.946035
                  2.2575                      -19.947076
                   2.261                       -19.94604
                  2.2645                        -19.9479
                   2.268                      -19.957281
                  2.2715                       -19.97753
                   2.275                      -20.010108
                  2.2785                      -20.054251
                   2.282                      -20.107018
                  2.2855                      -20.163694
                   2.289                      -20.218661
                  2.2925                      -20.266423
                   2.296                      -20.302769
                  2.2995                      -20.325747
                   2.303                      -20.336207
                  2.3065                      -20.337773
                    2.31                      -20.336283
                  2.3135                      -20.338746
                   2.317                      -20.352177
                  2.3205                      -20.382481
                   2.324                      -20.433477
                  2.3275                      -20.506301
                   2.331                      -20.599128
                  2.3345                       -20.70738
                   2.338                      -20.824347
                  2.3415                      -20.942273
                   2.345                      -21.053925
                  2.3485                      -21.154113
                   2.352                      -21.241028
                  2.3555                      -21.316772
                   2.359                      -21.387035
                  2.3625                      -21.459853
                   2.366                      -21.543674
                  2.3695                      -21.645202
                   2.373                      -21.767033
                  2.3765                      -21.905625
                    2.38                      -22.049598
                  2.3835                      -22.179163
                   2.387                      -22.267558
                  2.3905                      -22.285595
                   2.394                         -22.209
                  2.3975                      -22.026352
                   2.401                      -21.743306
                  2.4045                      -21.380743
                   2.408                      -20.967951
                  2.4115                      -20.535271
                   2.415                       -20.10871
                  2.4185                      -19.707718
                   2.422                      -19.345094
                  2.4255                      -19.027837
                   2.429                      -18.758606
                  2.4325                      -18.536629
                   2.436                      -18.358785
                  2.4395                      -18.220358
                   2.443                      -18.115714
                  2.4465                      -18.038876
                    2.45                       -17.98412
                  2.4535                      -17.946444
                   2.457                      -17.921964
                  2.4605                      -17.908179
                   2.464                      -17.903975
                  2.4675                      -17.909422
                   2.471                      -17.925336
                  2.4745                      -17.952739
                   2.478                      -17.992307
                  2.4815                      -18.043897
                   2.485                      -18.106261
                  2.4885                       -18.17703
                   2.492                      -18.252892
                  2.4955                      -18.330047
                   2.499                      -18.404784
                  2.5025                      -18.474165
                   2.506                      -18.536577
                  2.5095                      -18.592149
                   2.513                      -18.642766
                  2.5165                      -18.691819
                    2.52                      -18.743576
                  2.5235                      -18.802404
                   2.527                      -18.872007
                  2.5305                       -18.95477
                   2.534                      -19.051342
                  2.5375                      -19.160551
                   2.541                      -19.279503
                  2.5445                      -19.404139
                   2.548                      -19.529884
                  2.5515                       -19.65255
                   2.555                      -19.769171
                  2.5585                      -19.878724
                   2.562                      -19.982416
                  2.5655                      -20.083536
                   2.569                      -20.186828
                  2.5725                      -20.297483
                   2.576                      -20.420013
                  2.5795                      -20.557099
                   2.583                      -20.708707
                  2.5865                      -20.871491
                    2.59                      -21.038645
                  2.5935                      -21.200347
                   2.597                      -21.344754
                  2.6005                       -21.45985
                   2.604                      -21.535651
                  2.6075                      -21.566374
                   2.611                      -21.551833
                  2.6145                      -21.497525
                   2.618                      -21.413319
                  2.6215                      -21.311359
                   2.625                      -21.203714
                  2.6285                      -21.100622
                   2.632                       -21.00931
                  2.6355                      -20.933695
                   2.639                      -20.874483
                  2.6425                      -20.829732
                   2.646                      -20.795685
                  2.6495                      -20.767699
                   2.653                       -20.74132
                  2.6565                       -20.71316
                    2.66                      -20.681679
                  2.6635                      -20.647503
                   2.667                      -20.613355
                  2.6705                      -20.583574
                   2.674                      -20.563356
                  2.6775                      -20.557925
                   2.681                      -20.571811
                  2.6845                      -20.608307
                   2.688                      -20.669216
                  2.6915                      -20.754785
                   2.695                      -20.863849
                  2.6985                       -20.99415
                   2.702                      -21.142694
                  2.7055                      -21.306211
                   2.709                      -21.481529
                  2.7125                      -21.666059
                   2.716                      -21.858047
                  2.7195                      -22.056749
                   2.723                       -22.26244
                  2.7265                      -22.476115
                    2.73                      -22.699171
                  2.7335                      -22.932854
                   2.737                      -23.177828
                  2.7405                      -23.433625
                   2.744                      -23.698451
                  2.7475                      -23.968976
                   2.751                      -24.240546
                  2.7545                      -24.507617
                   2.758                      -24.764494
                  2.7615                      -25.006301
                   2.765                      -25.229683
                  2.7685                      -25.433679
                   2.772                      -25.619747
                  2.7755                      -25.791401
                   2.779                      -25.953464
                  2.7825                      -26.110867
                   2.786                      -26.267671
                  2.7895                      -26.426222
                   2.793                      -26.586674
                  2.7965                      -26.746983
                     2.8                       -26.90333
                  2.8035                      -27.050932
                   2.807                      -27.185188
                  2.8105                      -27.302988
                   2.814                      -27.403722
                  2.8175                      -27.489886
                   2.821                      -27.566829
                  2.8245                       -27.64206
                   2.828                      -27.723917
                  2.8315                      -27.820351
                   2.835                      -27.937755
                  2.8385                       -28.08016
                   2.842                      -28.248868
                  2.8455                       -28.44229
                   2.849                      -28.656229
                  2.8525                      -28.884485
                   2.856                      -29.119782
                  2.8595                      -29.354941
                   2.863                      -29.584338
                  2.8665                      -29.805112
                    2.87                      -30.017933
                  2.8735                       -30.22698
                   2.877                      -30.438977
                  2.8805                      -30.661764
                   2.884                      -30.902399
                  2.8875                      -31.165387
                   2.891                      -31.451086
                  2.8945                      -31.754301
                   2.898                      -32.063582
                  2.9015                      -32.361169
                   2.905                      -32.624778
                  2.9085                      -32.831184
                   2.912                      -32.961698
                  2.9155                      -33.007753
                   2.919                      -32.973977
                  2.9225                      -32.876946
                   2.926                      -32.740387
                  2.9295                      -32.589253
                   2.933                       -32.44521
                  2.9365                      -32.323941
                    2.94                      -32.234516
                  2.9435                      -32.179693
                   2.947                      -32.156832
                  2.9505                       -32.15907
                   2.954                      -32.176676
                  2.9575                      -32.198722
                   2.961                      -32.214935
                  2.9645                      -32.217508
                   2.968                      -32.202508
                  2.9715                      -32.170471
                   2.975                      -32.125901
                  2.9785                      -32.075973
                   2.982                      -32.028795
                  2.9855                      -31.991796
                   2.989                      -31.970492
                  2.9925                      -31.967785
                   2.996                      -31.983803
                  2.9995                      -32.016161
                   3.003                      -32.060585
                  3.0065                      -32.111794
                    3.01                      -32.164586
                  3.0135                      -32.214925
                   3.017                      -32.260845
                  3.0205                      -32.303009
                   3.024                      -32.344699
                  3.0275                      -32.391261
                   3.031                      -32.449244
                  3.0345                      -32.525283
                   3.038                       -32.62504
                  3.0415                      -32.752353
                   3.045                      -32.908504
                  3.0485                      -33.091907
                   3.052                      -33.297837
                  3.0555                      -33.518734
                   3.059                      -33.744788
                  3.0625                      -33.965181
                   3.066                      -34.169719
                  3.0695                      -34.350802
                   3.073                      -34.505104
                  3.0765                      -34.634315
                    3.08                      -34.744743
                  3.0835                      -34.845912
                   3.087                      -34.948489
                  3.0905                       -35.06229
                   3.094                      -35.194658
                  3.0975                      -35.349357
                   3.101                      -35.526002
                  3.1045                      -35.720029
                   3.108                      -35.923131
                  3.1115                      -36.124342
                   3.115                      -36.311873
                  3.1185                      -36.475339
                   3.122                      -36.608202
                  3.1255                      -36.709396
                   3.129                      -36.783711
                  3.1325                      -36.840672
                   3.136                      -36.892304
                  3.1395                      -36.950737
                   3.143                      -37.025976
                  3.1465                      -37.124441
                    3.15                       -37.24812
                  3.1535                       -37.39423
                   3.157                      -37.555455
                  3.1605                      -37.720844
                   3.164                      -37.877333
                  3.1675                      -38.012103
                   3.171                      -38.115319
                  3.1745                      -38.182488
                   3.178                      -38.215703
                  3.1815                       -38.22314
                   3.185                       -38.21713
                  3.1885                      -38.211469
                   3.192                      -38.219019
                  3.1955                       -38.24987
                   3.199                      -38.310324
                  3.2025                      -38.402498
                   3.206                      -38.524504
                  3.2095                      -38.670839
                   3.213                      -38.833288
                  3.2165                      -39.002232
                    3.22                      -39.168262
                  3.2235                      -39.324085
                   3.227                       -39.46613
                  3.2305                      -39.595398
                   3.234                      -39.717401
                  3.2375                      -39.840913
                   3.241                      -39.976326
                  3.2445                      -40.133612
                   3.248                      -40.320582
                  3.2515                      -40.541515
                   3.255                      -40.796125
                  3.2585                      -41.078927
                   3.262                      -41.379129
                  3.2655                      -41.681308
                   3.269                      -41.967262
                  3.2725                      -42.219382
                   3.276                      -42.424733
                  3.2795                      -42.578736
                   3.283                      -42.686723
                  3.2865                      -42.762616
                    3.29                      -42.825357
                  3.2935                      -42.894604
                   3.297                      -42.987063
                  3.3005                      -43.114117
                   3.304                      -43.280423
                  3.3075                       -43.48331
                   3.311                      -43.712714
                  3.3145                      -43.951955
                   3.318                      -44.179781
                  3.3215                      -44.374112
                   3.325                      -44.517288
                  3.3285                      -44.601189
                   3.332                      -44.629957
                  3.3355                      -44.618869
                   3.339                      -44.590067
                  3.3425                      -44.567165
                   3.346                      -44.570832
                  3.3495                      -44.616056
                   3.353                      -44.710807
                  3.3565                      -44.855682
                    3.36                      -45.043817
                  3.3635                      -45.261338
                   3.367                      -45.488554
                  3.3705                      -45.702471
                   3.374                       -45.88117
                  3.3775                      -46.009042
                   3.381                      -46.081339
                  3.3845                       -46.10573
                   3.388                      -46.100002
                  3.3915                      -46.087199
                   3.395                      -46.090338
                  3.3985                      -46.128426
                   3.402                      -46.214119
                  3.4055                       -46.35252
                   3.409                      -46.540695
                  3.4125                       -46.76757
                   3.416                       -47.01432
                  3.4195                      -47.256165
                   3.423                       -47.46627
                  3.4265                      -47.621713
                    3.43                      -47.710142
                  3.4335                      -47.733783
                   3.437                      -47.708991
                  3.4405                        -47.6611
                   3.444                      -47.617832
                  3.4475                       -47.60367
                   3.451                      -47.636541
                  3.4545                       -47.72621
                   3.458                      -47.873747
                  3.4615                      -48.071254
                   3.465                       -48.30202
                  3.4685                      -48.541603
                   3.472                      -48.760656
                  3.4755                       -48.93063
                   3.479                        -49.0313
                  3.4825                      -49.057212
                   3.486                      -49.019738
                  3.4895                      -48.943226
                   3.493                       -48.85774
                  3.4965                      -48.792024
                     3.5                      -48.768826
