Frequency    run_13

                    0.69                      0.64082157
                    0.78                       0.5734999
                    0.87                      0.48934972
                    0.96                      0.20351674
                     1.7                     0.010356088
                     1.8                     0.022225977
                     1.9                     0.012780204
                       2                    0.0047338064
                     2.1                    0.0023876039
                     2.2                     0.001519242
                     2.3                    0.0016916113
                     2.4                    0.0032532962
                     2.5                    0.0064747684
                     2.6                     0.011623687
                     2.7                     0.018324727
