        Frequency / GHz                run 1/real
----------------------------------------------------------------------
                    0.69                      0.57569578
                    0.78                      0.56574112
                    0.87                      0.51115661
                    0.96                      0.23340189
                     1.7                    0.0071701329
                     1.8                     0.018019653
                     1.9                     0.015590551
                       2                      0.01300232
                     2.1                    0.0094364754
                     2.2                    0.0063100613
                     2.3                    0.0058003357
                     2.4                    0.0080908688
                     2.5                     0.012397478
                     2.6                     0.017491293
                     2.7                     0.021992785

        Frequency / GHz                run 15/real
----------------------------------------------------------------------
                    0.69                      0.58115609
                    0.78                      0.56632876
                    0.87                      0.51123357
                    0.96                      0.23321709
                     1.7                    0.0082184283
                     1.8                     0.019239912
                     1.9                     0.015626179
                       2                     0.012578106
                     2.1                    0.0085712141
                     2.2                    0.0053224109
                     2.3                    0.0051781174
                     2.4                    0.0081695449
                     2.5                     0.013298438
                     2.6                      0.01914913
                     2.7                     0.024092993

        Frequency / GHz                run 16/real
----------------------------------------------------------------------
                    0.69                      0.58606552
                    0.78                      0.56689911
                    0.87                       0.5113086
                    0.96                      0.23301778
                     1.7                    0.0095254058
                     1.8                     0.020363368
                     1.9                     0.015589875
                       2                     0.011998617
                     2.1                    0.0075114675
                     2.2                    0.0043297012
                     2.3                    0.0049044871
                     2.4                    0.0088411894
                     2.5                     0.014764597
                     2.6                     0.021083542
                     2.7                     0.026076041

        Frequency / GHz                run 17/real
----------------------------------------------------------------------
                    0.69                       0.5904921
                    0.78                      0.56745266
                    0.87                      0.51138147
                    0.96                      0.23280252
                     1.7                     0.011082803
                     1.8                     0.021359965
                     1.9                     0.015463606
                       2                      0.01122971
                     2.1                    0.0062734429
                     2.2                    0.0034917678
                     2.3                    0.0051409142
                     2.4                      0.01003621
                     2.5                      0.01647666
                     2.6                     0.022897066
                     2.7                      0.02766063

        Frequency / GHz                run 18/real
----------------------------------------------------------------------
                    0.69                      0.59449521
                    0.78                      0.56798999
                    0.87                      0.51145224
                    0.96                       0.2325694
                     1.7                      0.01283611
                     1.8                     0.022205018
                     1.9                     0.015228089
                       2                     0.010242758
                     2.1                    0.0049309076
                     2.2                    0.0030056058
                     2.3                    0.0059021657
                     2.4                     0.011493604
                     2.5                     0.018093591
                     2.6                     0.024357271
                     2.7                     0.028786711

        Frequency / GHz                run 19/real
----------------------------------------------------------------------
                    0.69                      0.59812608
                    0.78                      0.56851169
                    0.87                      0.51152067
                    0.96                       0.2323166
                     1.7                     0.014675753
                     1.8                     0.022881277
                     1.9                     0.014864255
                       2                    0.0090268177
                     2.1                     0.003630696
                     2.2                    0.0030131523
                     2.3                    0.0070216656
                     2.4                     0.012921892
                     2.5                     0.019419385
                     2.6                     0.025420188
                     2.7                     0.029523286

        Frequency / GHz                run 20/real
----------------------------------------------------------------------
                    0.69                      0.60142888
                    0.78                      0.56901827
                    0.87                      0.51158667
                    0.96                      0.23204167
                     1.7                     0.016448175
                     1.8                     0.023379936
                     1.9                     0.014355449
                       2                    0.0076052174
                     2.1                     0.002570058
                     2.2                    0.0035101275
                     2.3                    0.0082536083
                     2.4                     0.014139226
                     2.5                     0.020413055
                     2.6                     0.026144843
                     2.7                      0.02997353

        Frequency / GHz                run 21/real
----------------------------------------------------------------------
                    0.69                      0.60444193
                    0.78                       0.5695102
                    0.87                      0.51164999
                    0.96                        0.231742
                     1.7                      0.01799081
                     1.8                     0.023700877
                     1.9                     0.013690357
                       2                    0.0060504103
                     2.1                    0.0019239957
                     2.2                    0.0043494543
                     2.3                    0.0094031322
                     2.4                     0.015090992
                     2.5                     0.021118195
                     2.6                     0.026616663
                     2.7                     0.030228559

        Frequency / GHz                run 22/real
----------------------------------------------------------------------
                    0.69                      0.60719844
                    0.78                      0.56998794
                    0.87                      0.51171079
                    0.96                      0.23141455
                     1.7                     0.019177926
                     1.8                     0.023851687
                     1.9                     0.012866219
                       2                     0.004485619
                     2.1                    0.0017636766
                     2.2                    0.0053352399
                     2.3                     0.010375151
                     2.4                     0.015798685
                     2.5                     0.021602084
                     2.6                     0.026911564
                     2.7                       0.0303558

        Frequency / GHz                run 23/real
----------------------------------------------------------------------
                    0.69                      0.60972686
                    0.78                      0.57045217
                    0.87                      0.51176864
                    0.96                      0.23105581
                     1.7                      0.01995259
                     1.8                      0.02384615
                     1.9                     0.011891763
                       2                    0.0030624576
                     2.1                    0.0020333908
                     2.2                    0.0063118475
                     2.3                      0.01115195
                     2.4                     0.016310595
                     2.5                     0.021926491
                     2.6                     0.027086672
                     2.7                     0.030401369

        Frequency / GHz                run 24/real
----------------------------------------------------------------------
                    0.69                      0.61205223
                    0.78                      0.57090303
                    0.87                      0.51182347
                    0.96                      0.23066167
                     1.7                     0.020329308
                     1.8                      0.02370238
                     1.9                     0.010788865
                       2                    0.0019181256
                     2.1                    0.0025993603
                     2.2                    0.0071928485
                     2.3                     0.011754467
                     2.4                     0.016675544
                     2.5                     0.022139318
                     2.6                     0.027182017
                     2.7                     0.030395672

        Frequency / GHz                run 25/real
----------------------------------------------------------------------
                    0.69                      0.61419617
                    0.78                      0.57134116
                    0.87                      0.51187512
                    0.96                       0.2302275
                     1.7                     0.020372027
                     1.8                     0.023440847
                     1.9                    0.0095920401
                       2                    0.0011340354
                     2.1                    0.0033187358
                     2.2                    0.0079472572
                     2.3                     0.012215519
                     2.4                     0.016933627
                     2.5                      0.02227512
                     2.6                     0.027224728
                     2.7                     0.030358434

        Frequency / GHz                run 26/real
----------------------------------------------------------------------
                    0.69                      0.61617758
                    0.78                      0.57176693
                    0.87                      0.51192344
                    0.96                      0.22974772
                     1.7                     0.020164938
                     1.8                       0.0230827
                     1.9                    0.0083453511
                       2                   0.00071991023
                     2.1                    0.0040816009
                     2.2                    0.0085757267
                     2.3                     0.012566916
                     2.4                     0.017115054
                     2.5                     0.022357991
                     2.6                     0.027232941
                     2.7                     0.030302374

        Frequency / GHz                run 27/real
----------------------------------------------------------------------
                    0.69                        0.618013
                    0.78                      0.57218074
                    0.87                      0.51196819
                    0.96                      0.22921591
                     1.7                     0.019789867
                     1.8                     0.022648406
                     1.9                    0.0070972469
                       2                    0.0006278894
                     2.1                    0.0048200065
                     2.2                    0.0090926593
                     2.3                     0.012835121
                     2.4                     0.017241679
                     2.5                     0.022404498
                     2.6                     0.027218741
                     2.7                     0.030235681

