Frequency    S2,2_[193]

                       0                 -1.0423068e-006
                  0.0035                  2.1341664e-008
                   0.007                  1.8488071e-008
                  0.0105                 -1.8032155e-007
                   0.014                 -7.7535421e-007
                  0.0175                  -1.897143e-006
                   0.021                  -3.522772e-006
                  0.0245                  -5.442693e-006
                   0.028                 -7.2929048e-006
                  0.0315                 -8.6716013e-006
                   0.035                 -9.2863582e-006
                  0.0385                 -9.1327862e-006
                   0.042                 -8.5830121e-006
                  0.0455                 -8.4291245e-006
                   0.049                 -9.7846664e-006
                  0.0525                 -1.3888029e-005
                   0.056                 -2.1799379e-005
                  0.0595                  -3.411959e-005
                   0.063                 -5.0744418e-005
                  0.0665                 -7.0740487e-005
                    0.07                 -9.2424505e-005
                  0.0735                  -0.00011368811
                   0.077                  -0.00013251952
                  0.0805                  -0.00014747274
                   0.084                  -0.00015827776
                  0.0875                  -0.00016615393
                   0.091                  -0.00017386641
                  0.0945                  -0.00018536403
                   0.098                  -0.00020532275
                  0.1015                  -0.00023800405
                   0.105                   -0.0002866573
                  0.1085                  -0.00035234672
                   0.112                  -0.00043365018
                  0.1155                  -0.00052645761
                   0.119                   -0.0006246346
                  0.1225                  -0.00072110024
                   0.126                  -0.00080936216
                  0.1295                  -0.00088520639
                   0.133                  -0.00094803248
                  0.1365                   -0.0010016324
                    0.14                   -0.0010541306
                  0.1435                   -0.0011166181
                   0.147                   -0.0012018466
                  0.1505                   -0.0013214875
                   0.154                   -0.0014838409
                  0.1575                   -0.0016915296
                   0.161                   -0.0019401874
                  0.1645                   -0.0022190853
                   0.168                   -0.0025118028
                  0.1715                   -0.0027998997
                   0.175                   -0.0030660596
                  0.1785                   -0.0032987432
                   0.182                   -0.0034951378
                  0.1855                   -0.0036625367
                   0.189                   -0.0038181786
                  0.1925                   -0.0039867541
                   0.196                   -0.0041957147
                  0.1995                   -0.0044704833
                   0.203                   -0.0048284409
                  0.2065                    -0.005274581
                    0.21                   -0.0057994143
                  0.2135                   -0.0063790268
                   0.217                   -0.0069783873
                  0.2205                   -0.0075583969
                   0.224                   -0.0080826111
                  0.2275                   -0.0085260925
                   0.231                   -0.0088809115
                  0.2345                   -0.0091584854
                   0.238                    -0.009389571
                  0.2415                   -0.0096167768
                   0.245                   -0.0098890498
                  0.2485                    -0.010249743
                   0.252                    -0.010728967
                  0.2555                    -0.011335847
                   0.259                    -0.012055172
                  0.2625                    -0.012849909
                   0.266                    -0.013664674
                  0.2695                    -0.014438531
                   0.273                    -0.015115402
                  0.2765                    -0.015656678
                    0.28                    -0.016049014
                  0.2835                    -0.016307904
                   0.287                    -0.016475822
                  0.2905                    -0.016613524
                   0.294                    -0.016789908
                  0.2975                    -0.017067685
                   0.301                    -0.017492304
                  0.3045                    -0.018082928
                   0.308                    -0.018826766
                  0.3115                    -0.019681482
                   0.315                    -0.020581805
                  0.3185                    -0.021450991
                   0.322                     -0.02221691
                  0.3255                    -0.022825148
                   0.329                    -0.023252112
                  0.3325                    -0.023509069
                   0.336                    -0.023640789
                  0.3395                     -0.02371834
                   0.343                    -0.023825134
                  0.3465                    -0.024043391
                    0.35                    -0.024437445
                  0.3535                    -0.025044187
                   0.357                    -0.025862986
                  0.3605                    -0.026856545
                   0.364                    -0.027955508
                  0.3675                    -0.029069963
                   0.371                    -0.030106742
                  0.3745                    -0.030989068
                   0.378                    -0.031669995
                  0.3815                    -0.032146094
                   0.385                    -0.032455889
                  0.3885                    -0.032676405
                   0.392                    -0.032908429
                  0.3955                    -0.033260195
                   0.399                    -0.033828428
                  0.4025                    -0.034681216
                   0.406                    -0.035844906
                  0.4095                    -0.037296625
                   0.413                    -0.038965847
                  0.4165                    -0.040744226
                    0.42                    -0.042505719
                  0.4235                    -0.044129819
                   0.427                    -0.045528786
                  0.4305                    -0.046665891
                   0.434                    -0.047566838
                  0.4375                    -0.048316593
                   0.441                    -0.049049294
                  0.4445                     -0.04992562
                   0.448                      -0.0511085
                  0.4515                    -0.052735879
                   0.455                    -0.054896729
                  0.4585                     -0.05760911
                   0.462                    -0.060810123
                  0.4655                    -0.064360754
                   0.469                    -0.068065335
                  0.4725                    -0.071708001
                   0.476                    -0.075101882
                  0.4795                    -0.078130535
                   0.483                    -0.080783851
                  0.4865                    -0.083169125
                    0.49                    -0.085505807
                  0.4935                    -0.088097926
                   0.497                     -0.09129936
                  0.5005                     -0.09546473
                   0.504                     -0.10089796
                  0.5075                     -0.10778985
                   0.511                     -0.11616473
                  0.5145                     -0.12583945
                   0.518                      -0.1364293
                  0.5215                     -0.14740904
                   0.525                     -0.15823104
                  0.5285                     -0.16847754
                   0.532                     -0.17800221
                  0.5355                     -0.18702224
                   0.539                     -0.19615771
                  0.5425                     -0.20642846
                   0.546                     -0.21923168
                  0.5495                      -0.2363003
                   0.553                     -0.25960193
                  0.5565                     -0.29109275
                    0.56                     -0.33219053
                  0.5635                     -0.38291252
                   0.567                     -0.44088373
                  0.5705                      -0.5009276
                   0.574                     -0.55608857
                  0.5775                     -0.60009898
                   0.581                      -0.6297938
                  0.5845                     -0.64581576
                   0.588                     -0.65149994
                  0.5915                     -0.65116832
                   0.595                     -0.64892783
                  0.5985                     -0.64824825
                   0.602                      -0.6520603
                  0.6055                     -0.66309113
                   0.609                     -0.68424318
                  0.6125                     -0.71888955
                   0.616                     -0.77093335
                  0.6195                     -0.84438295
                   0.623                     -0.94205929
                  0.6265                      -1.0633245
                    0.63                      -1.2017243
                  0.6335                      -1.3449912
                   0.637                      -1.4794441
                  0.6405                      -1.5966451
                   0.644                      -1.6969031
                  0.6475                      -1.7874154
                   0.651                      -1.8780298
                  0.6545                      -1.9781565
                   0.658                      -2.0957149
                  0.6615                      -2.2373833
                   0.665                      -2.4093508
                  0.6685                      -2.6183024
                   0.672                      -2.8726287
                  0.6755                      -3.1839904
                   0.679                        -3.56932
                  0.6825                      -4.0533441
                   0.686                       -4.671964
                  0.6895                      -5.4774083
                   0.693                      -6.5475832
                  0.6965                      -8.0056809
                     0.7                      -10.068342
                  0.7035                      -13.192531
                   0.707                      -18.732788
                  0.7105                      -34.710556
                   0.714                      -19.335711
                  0.7175                      -13.331417
                   0.721                      -9.9885173
                  0.7245                      -7.7837942
                   0.728                      -6.2248449
                  0.7315                      -5.0816784
                   0.735                      -4.2239898
                  0.7385                      -3.5693432
                   0.742                      -3.0620603
                  0.7455                      -2.6632263
                   0.749                      -2.3450611
                  0.7525                      -2.0874846
                   0.756                      -1.8759346
                  0.7595                      -1.6997949
                   0.763                      -1.5513402
                  0.7665                      -1.4249326
                    0.77                      -1.3164537
                  0.7735                      -1.2228364
                   0.777                      -1.1417682
                  0.7805                      -1.0714357
                   0.784                      -1.0103452
                  0.7875                     -0.95721149
                   0.791                     -0.91088001
                  0.7945                     -0.87029233
                   0.798                     -0.83446942
                  0.8015                     -0.80251251
                   0.805                      -0.7736259
                  0.8085                     -0.74712572
                   0.812                     -0.72246077
                  0.8155                     -0.69922257
                   0.819                     -0.67714422
                  0.8225                     -0.65609507
                   0.826                     -0.63604313
                  0.8295                      -0.6170244
                   0.833                     -0.59909852
                  0.8365                     -0.58230795
                    0.84                     -0.56664801
                  0.8435                      -0.5520534
                   0.847                     -0.53839643
                  0.8505                     -0.52550619
                   0.854                     -0.51318936
                  0.8575                     -0.50126228
                   0.861                     -0.48957947
                  0.8645                     -0.47804939
                   0.868                     -0.46665032
                  0.8715                     -0.45542392
                   0.875                     -0.44446076
                  0.8785                     -0.43388108
                   0.882                      -0.4238071
                  0.8855                     -0.41434136
                   0.889                     -0.40554889
                  0.8925                     -0.39744882
                   0.896                     -0.39001762
                  0.8995                     -0.38319812
                   0.903                     -0.37691054
                  0.9065                     -0.37107009
                    0.91                     -0.36560422
                  0.9135                     -0.36046336
                   0.917                      -0.3556304
                  0.9205                     -0.35112031
                   0.924                     -0.34697724
                  0.9275                     -0.34326419
                   0.931                     -0.34004908
                  0.9345                     -0.33739018
                   0.938                     -0.33532051
                  0.9415                     -0.33383656
                   0.945                     -0.33288659
                  0.9485                      -0.3323677
                   0.952                     -0.33212265
                  0.9555                     -0.33194244
                   0.959                     -0.33157218
                  0.9625                     -0.33071821
                   0.966                     -0.32905974
                  0.9695                     -0.32625523
                   0.973                     -0.32194682
                  0.9765                     -0.31575617
                    0.98                      -0.3072666
                  0.9835                     -0.29600279
                   0.987                     -0.28140461
                  0.9905                     -0.26282483
                   0.994                     -0.23957655
                  0.9975                     -0.21108036
                   1.001                      -0.1771611
                  1.0045                     -0.13852934
                   1.008                    -0.097397567
                  1.0115                    -0.058001207
                   1.015                    -0.026567828
                  1.0185                    -0.010203756
                   1.022                    -0.014606648
                  1.0255                    -0.041512771
                   1.029                    -0.087538859
                  1.0325                     -0.14543651
                   1.036                     -0.20697253
                  1.0395                     -0.26555706
                   1.043                     -0.31738578
                  1.0465                     -0.36118475
                    1.05                     -0.39732131
                  1.0535                     -0.42692377
                   1.057                     -0.45127871
                  1.0605                     -0.47151903
                   1.064                     -0.48850966
                  1.0675                     -0.50285522
                   1.071                     -0.51496151
                  1.0745                     -0.52511341
                   1.078                     -0.53354808
                  1.0815                     -0.54050921
                   1.085                     -0.54627241
                  1.0885                     -0.55115074
                   1.092                     -0.55547273
                  1.0955                     -0.55955431
                   1.099                     -0.56366753
                  1.1025                     -0.56801459
                   1.106                     -0.57271239
                  1.1095                     -0.57779089
                   1.113                     -0.58320225
                  1.1165                     -0.58884308
                    1.12                     -0.59458155
                  1.1235                     -0.60029061
                   1.127                     -0.60587793
                  1.1305                     -0.61131157
                   1.134                     -0.61663109
                  1.1375                     -0.62194752
                   1.141                      -0.6274283
                  1.1445                     -0.63327229
                   1.148                     -0.63967792
                  1.1515                     -0.64681174
                   1.155                     -0.65478265
                  1.1585                     -0.66362441
                   1.162                     -0.67329119
                  1.1655                     -0.68366573
                   1.169                      -0.6945777
                  1.1725                     -0.70583239
                   1.176                       -0.717244
                  1.1795                     -0.72866657
                   1.183                     -0.74002033
                  1.1865                     -0.75130569
                    1.19                     -0.76260625
                  1.1935                     -0.77407751
                   1.197                     -0.78593017
                  1.2005                     -0.79840666
                   1.204                     -0.81175346
                  1.2075                     -0.82618967
                   1.211                     -0.84187116
                  1.2145                     -0.85885817
                   1.218                     -0.87709454
                  1.2215                     -0.89641634
                   1.225                     -0.91659046
                  1.2285                     -0.93738154
                   1.232                     -0.95863255
                  1.2355                     -0.98034242
                   1.239                       -1.002723
                  1.2425                      -1.0262297
                   1.246                      -1.0515568
                  1.2495                      -1.0796023
                   1.253                       -1.111418
                  1.2565                      -1.1481334
                    1.26                      -1.1908818
                  1.2635                      -1.2407119
                   1.267                      -1.2984753
                  1.2705                      -1.3647125
                   1.274                      -1.4394901
                  1.2775                      -1.5222498
                   1.281                      -1.6116637
                  1.2845                      -1.7055341
                   1.288                       -1.800861
                  1.2915                      -1.8940913
                   1.295                      -1.9815677
                  1.2985                      -2.0601537
                   1.302                      -2.1278021
                  1.3055                      -2.1839684
                   1.309                      -2.2296501
                  1.3125                      -2.2671276
                   1.316                      -2.2994802
                  1.3195                      -2.3300644
                   1.323                      -2.3620757
                  1.3265                      -2.3982547
                    1.33                      -2.4407316
                  1.3335                      -2.4909853
                   1.337                      -2.5498642
                  1.3405                      -2.6176559
                   1.344                      -2.6941715
                  1.3475                      -2.7788616
                   1.351                      -2.8709334
                  1.3545                      -2.9695016
                   1.358                       -3.073731
                  1.3615                      -3.1829798
                   1.365                      -3.2969193
                  1.3685                      -3.4156024
                   1.372                      -3.5394997
                  1.3755                      -3.6694854
                   1.379                      -3.8067817
                  1.3825                       -3.952908
                   1.386                       -4.109606
                  1.3895                      -4.2787776
                   1.393                      -4.4624518
                  1.3965                      -4.6626792
                     1.4                      -4.8814647
                  1.4035                      -5.1206423
                   1.407                      -5.3816329
                  1.4105                      -5.6651976
                   1.414                      -5.9709659
                  1.4175                      -6.2969817
                   1.421                      -6.6391848
                  1.4245                      -6.9909448
                   1.428                      -7.3431127
                  1.4315                      -7.6846623
                   1.435                      -8.0042227
                  1.4385                      -8.2924039
                   1.442                      -8.5441412
                  1.4455                      -8.7603409
                   1.449                      -8.9479226
                  1.4525                       -9.118459
                   1.456                      -9.2859692
                  1.4595                      -9.4647347
                   1.463                      -9.6677266
                  1.4665                      -9.9056873
                    1.47                      -10.186696
                  1.4735                      -10.515938
                   1.477                      -10.895446
                  1.4805                      -11.323593
                   1.484                       -11.79453
                  1.4875                      -12.297472
                   1.491                      -12.816438
                  1.4945                      -13.330861
                   1.498                      -13.817441
                  1.5015                      -14.253559
                   1.505                      -14.621177
                  1.5085                      -14.909562
                   1.512                      -15.115617
                  1.5155                      -15.241399
                   1.519                      -15.290442
                  1.5225                      -15.264911
                   1.526                       -15.16477
                  1.5295                      -14.989553
                   1.533                      -14.740937
                  1.5365                      -14.425405
                    1.54                      -14.054866
                  1.5435                       -13.64546
                   1.547                      -13.214874
                  1.5505                      -12.779604
                   1.554                      -12.353011
                  1.5575                      -11.944287
                   1.561                      -11.558446
                  1.5645                      -11.197049
                   1.568                      -10.858938
                  1.5715                      -10.541346
                   1.575                      -10.240895
                  1.5785                      -9.9542902
                   1.582                      -9.6790758
                  1.5855                       -9.413866
                   1.589                       -9.158447
                  1.5925                      -8.9136044
                   1.596                       -8.680694
                  1.5995                      -8.4613023
                   1.603                      -8.2567797
                  1.6065                       -8.067954
                    1.61                      -7.8949664
                  1.6135                      -7.7372588
                   1.617                      -7.5936228
                  1.6205                      -7.4625081
                   1.624                      -7.3421562
                  1.6275                      -7.2309291
                   1.631                      -7.1274849
                  1.6345                       -7.030958
                   1.638                      -6.9410072
                  1.6415                      -6.8577814
                   1.645                      -6.7818009
                  1.6485                      -6.7138081
                   1.652                      -6.6545325
                  1.6555                       -6.604603
                   1.659                      -6.5643222
                  1.6625                      -6.5336897
                   1.666                      -6.5123514
                  1.6695                      -6.4996558
                   1.673                      -6.4947946
                  1.6765                      -6.4968886
                    1.68                      -6.5051173
                  1.6835                      -6.5188442
                   1.687                       -6.537678
                  1.6905                      -6.5614994
                   1.694                      -6.5904329
                  1.6975                      -6.6248109
                   1.701                      -6.6650494
                  1.7045                      -6.7115588
                   1.708                      -6.7646514
                  1.7115                      -6.8244468
                   1.715                      -6.8908154
                  1.7185                      -6.9634119
                   1.722                       -7.041639
                  1.7255                      -7.1247693
                   1.729                       -7.211966
                  1.7325                      -7.3023979
                   1.736                      -7.3953389
                  1.7395                      -7.4902063
                   1.743                      -7.5866173
                  1.7465                      -7.6843955
                    1.75                      -7.7834944
                  1.7535                      -7.8839633
                   1.757                      -7.9858396
                  1.7605                      -8.0890283
                   1.764                      -8.1932554
                  1.7675                      -8.2979793
                   1.771                      -8.4024085
                  1.7745                      -8.5055389
                   1.778                      -8.6062239
                  1.7815                      -8.7033466
                   1.785                      -8.7959212
                  1.7885                      -8.8832206
                   1.792                      -8.9648968
                  1.7955                      -9.0409686
                   1.799                       -9.111836
                  1.8025                      -9.1781485
                   1.806                       -9.240694
                  1.8095                      -9.3002099
                   1.813                      -9.3572487
                  1.8165                      -9.4120061
                    1.82                      -9.4642556
                  1.8235                      -9.5133322
                   1.827                      -9.5581953
                  1.8305                        -9.59757
                   1.834                      -9.6301748
                  1.8375                      -9.6549184
                   1.841                      -9.6710988
                  1.8445                      -9.6785546
                   1.848                      -9.6776579
                  1.8515                      -9.6692628
                   1.855                      -9.6545331
                  1.8585                       -9.634737
                   1.862                      -9.6110427
                  1.8655                        -9.58434
                   1.869                       -9.555156
                  1.8725                      -9.5236337
                   1.876                      -9.4896083
                  1.8795                      -9.4527406
                   1.883                       -9.412682
                  1.8865                      -9.3692509
                    1.89                      -9.3225531
                  1.8935                      -9.2730315
                   1.897                      -9.2214655
                  1.9005                      -9.1688798
                   1.904                      -9.1163789
                  1.9075                       -9.065005
                   1.911                       -9.015578
                  1.9145                      -8.9685832
                   1.918                      -8.9241435
                  1.9215                      -8.8820029
                   1.925                      -8.8416468
                  1.9285                      -8.8024241
                   1.932                      -8.7636801
                  1.9355                      -8.7249245
                   1.939                      -8.6859116
                  1.9425                      -8.6467029
                   1.946                      -8.6076549
                  1.9495                      -8.5693155
                   1.953                      -8.5323259
                  1.9565                      -8.4972899
                    1.96                      -8.4646243
                  1.9635                      -8.4344812
                   1.967                       -8.406714
                  1.9705                      -8.3808886
                   1.974                      -8.3563681
                  1.9775                      -8.3324023
                   1.981                      -8.3082834
                  1.9845                      -8.2834611
                   1.988                      -8.2576143
                  1.9915                      -8.2307184
                   1.995                      -8.2030059
                  1.9985                      -8.1749253
                   2.002                      -8.1470238
                  2.0055                      -8.1198363
                   2.009                      -8.0937469
                  2.0125                       -8.068945
                   2.016                      -8.0453639
                  2.0195                       -8.022677
                   2.023                      -8.0003926
                  2.0265                      -7.9779082
                    2.03                      -7.9546563
                  2.0335                      -7.9301753
                   2.037                      -7.9042152
                  2.0405                      -7.8767668
                   2.044                      -7.8480602
                  2.0475                      -7.8185061
                   2.051                      -7.7886242
                  2.0545                      -7.7589247
                   2.058                      -7.7298369
                  2.0615                      -7.7016091
                   2.065                      -7.6742599
                  2.0685                      -7.6476209
                   2.072                      -7.6213386
                  2.0755                      -7.5949408
                   2.079                      -7.5679749
                  2.0825                      -7.5400622
                   2.086                      -7.5109676
                  2.0895                      -7.4806634
                   2.093                      -7.4493083
                  2.0965                      -7.4172359
                     2.1                      -7.3848828
                  2.1035                      -7.3527034
                   2.107                      -7.3211061
                  2.1105                      -7.2903526
                   2.114                      -7.2605561
                  2.1175                      -7.2316329
                   2.121                       -7.203344
                  2.1245                      -7.1753581
                   2.128                      -7.1473054
                  2.1315                      -7.1188479
                   2.135                      -7.0897582
                  2.1385                      -7.0599499
                   2.142                      -7.0294821
                  2.1455                      -6.9985598
                   2.149                      -6.9674852
                  2.1525                      -6.9366121
                   2.156                      -6.9062752
                  2.1595                      -6.8767258
                   2.163                      -6.8481146
                  2.1665                      -6.8204506
                    2.17                      -6.7936273
                  2.1735                      -6.7674661
                   2.177                       -6.741715
                  2.1805                      -6.7161441
                   2.184                       -6.690579
                  2.1875                      -6.6648953
                   2.191                      -6.6390813
                  2.1945                       -6.613199
                   2.198                      -6.5873975
                  2.2015                      -6.5618773
                   2.205                       -6.536882
                  2.2085                      -6.5126817
                   2.212                      -6.4895747
                  2.2155                      -6.4678983
                   2.219                      -6.4480653
                  2.2225                      -6.4305775
                   2.226                      -6.4160678
                  2.2295                      -6.4053029
                   2.233                      -6.3991613
                  2.2365                      -6.3985586
                    2.24                      -6.4043772
                  2.2435                       -6.417321
                   2.247                      -6.4377924
                  2.2505                      -6.4657594
                   2.254                      -6.5006845
                  2.2575                      -6.5414425
                   2.261                      -6.5863801
                  2.2645                       -6.633378
                   2.268                       -6.680005
                  2.2715                      -6.7237658
                   2.275                      -6.7623139
                  2.2785                      -6.7937317
                   2.282                      -6.8167101
                  2.2855                      -6.8307152
                   2.289                      -6.8360008
                  2.2925                       -6.833549
                   2.296                      -6.8249219
                  2.2995                      -6.8120343
                   2.303                      -6.7969103
                  2.3065                      -6.7814472
                    2.31                      -6.7672209
                  2.3135                      -6.7553465
                   2.317                      -6.7464312
                  2.3205                      -6.7405493
                   2.324                      -6.7373655
                  2.3275                      -6.7362038
                   2.331                      -6.7362487
                  2.3345                      -6.7366569
                   2.338                        -6.73674
                  2.3415                      -6.7360765
                   2.345                      -6.7345681
                  2.3485                      -6.7324582
                   2.352                      -6.7302849
                  2.3555                      -6.7288234
                   2.359                      -6.7289657
                  2.3625                         -6.7316
                   2.366                      -6.7375551
                  2.3695                      -6.7474959
                   2.373                      -6.7619123
                  2.3765                       -6.781095
                    2.38                      -6.8051261
                  2.3835                      -6.8338873
                   2.387                      -6.8670882
                  2.3905                      -6.9042661
                   2.394                      -6.9448662
                  2.3975                      -6.9882641
                   2.401                      -7.0338284
                  2.4045                      -7.0808944
                   2.408                      -7.1287579
                  2.4115                      -7.1765982
                   2.415                      -7.2234254
                  2.4185                      -7.2680483
                   2.422                      -7.3091009
                  2.4255                      -7.3451305
                   2.429                      -7.3747885
                  2.4325                      -7.3969941
                   2.436                      -7.4111056
                  2.4395                      -7.4170661
                   2.443                      -7.4154268
                  2.4465                      -7.4072739
                    2.45                      -7.3940931
                  2.4535                      -7.3775936
                   2.457                      -7.3594196
                  2.4605                      -7.3410007
                   2.464                       -7.323348
                  2.4675                      -7.3069596
                   2.471                      -7.2918081
                  2.4745                      -7.2773878
                   2.478                      -7.2628252
                  2.4815                      -7.2470256
                   2.485                      -7.2289163
                  2.4885                      -7.2075532
                   2.492                      -7.1822807
                  2.4955                      -7.1528443
                   2.499                      -7.1193753
                  2.5025                       -7.082344
                   2.506                      -7.0424708
                  2.5095                      -7.0006016
                   2.513                      -6.9575091
                  2.5165                      -6.9137918
                    2.52                      -6.8697565
                  2.5235                      -6.8253764
                   2.527                      -6.7803436
                  2.5305                      -6.7340823
                   2.534                      -6.6859073
                  2.5375                      -6.6351294
                   2.541                      -6.5812147
                  2.5445                      -6.5238878
                   2.548                      -6.4632211
                  2.5515                      -6.3996651
                   2.555                      -6.3340523
                  2.5585                      -6.2674661
                   2.562                      -6.2011274
                  2.5655                      -6.1362871
                   2.569                      -6.0740147
                  2.5725                      -6.0150618
                   2.576                      -5.9598089
                  2.5795                      -5.9082108
                   2.583                      -5.8597936
                  2.5865                      -5.8137569
                    2.59                      -5.7690676
                  2.5935                      -5.7245816
                   2.597                      -5.6792496
                  2.6005                      -5.6322023
                   2.604                      -5.5828711
                  2.6075                      -5.5309961
                   2.611                      -5.4765656
                  2.6145                      -5.4198187
                   2.618                      -5.3610752
                  2.6215                      -5.3006561
                   2.625                      -5.2387768
                  2.6285                      -5.1755397
                   2.632                      -5.1108837
                  2.6355                      -5.0445809
                   2.639                      -4.9763853
                  2.6425                      -4.9060219
                   2.646                      -4.8332913
                  2.6495                      -4.7581722
                   2.653                      -4.6809188
                  2.6565                      -4.6020251
                    2.66                      -4.5221855
                  2.6635                       -4.442282
                   2.667                      -4.3632313
                  2.6705                      -4.2859291
                   2.674                      -4.2110721
                  2.6775                      -4.1391987
                   2.681                      -4.0704926
                  2.6845                      -4.0049425
                   2.688                      -3.9422212
                  2.6915                      -3.8818417
                   2.695                      -3.8231606
                  2.6985                      -3.7655542
                   2.702                      -3.7084294
                  2.7055                      -3.6513702
                   2.709                      -3.5941458
                  2.7125                      -3.5367483
                   2.716                      -3.4793494
                  2.7195                      -3.4222157
                   2.723                      -3.3656911
                  2.7265                      -3.3100668
                    2.73                      -3.2555698
                  2.7335                      -3.2022753
                   2.737                      -3.1501217
                  2.7405                        -3.09893
                   2.744                      -3.0484297
                  2.7475                      -2.9983762
                   2.751                      -2.9485883
                  2.7545                       -2.899014
                   2.758                      -2.8497985
                  2.7615                       -2.801232
                   2.765                       -2.753763
                  2.7685                      -2.7078873
                   2.772                      -2.6640645
                  2.7755                      -2.6226809
                   2.779                      -2.5839209
                  2.7825                      -2.5477707
                   2.786                      -2.5139992
                  2.7895                      -2.4821625
                   2.793                      -2.4516653
                  2.7965                      -2.4218745
                     2.8                      -2.3921549
                  2.8035                      -2.3619898
                   2.807                      -2.3310143
                  2.8105                      -2.2991007
                   2.814                      -2.2663087
                  2.8175                      -2.2328872
                   2.821                      -2.1992206
                  2.8245                      -2.1657376
                   2.828                      -2.1328554
                  2.8315                      -2.1008963
                   2.835                      -2.0700557
                  2.8385                      -2.0403537
                   2.842                      -2.0116635
                  2.8455                      -1.9837453
                   2.849                      -1.9562898
                  2.8525                      -1.9290163
                   2.856                      -1.9016992
                  2.8595                      -1.8742285
                   2.863                      -1.8466369
                  2.8665                      -1.8190832
                    2.87                      -1.7918223
                  2.8735                      -1.7651374
                   2.877                      -1.7393197
                  2.8805                      -1.7145851
                   2.884                      -1.6910436
                  2.8875                      -1.6686716
                   2.891                      -1.6473286
                  2.8945                      -1.6267449
                   2.898                      -1.6066252
                  2.9015                      -1.5866551
                   2.905                      -1.5665872
                  2.9085                      -1.5462534
                   2.912                      -1.5256281
                  2.9155                      -1.5048019
                   2.919                      -1.4839601
                  2.9225                      -1.4633731
                   2.926                      -1.4433029
                  2.9295                       -1.423999
                   2.933                      -1.4056246
                  2.9365                      -1.3882312
                    2.94                       -1.371768
                  2.9435                      -1.3560665
                   2.947                        -1.34089
                  2.9505                      -1.3259789
                   2.954                      -1.3110926
                  2.9575                      -1.2960677
                   2.961                       -1.280825
                  2.9645                      -1.2654091
                   2.968                        -1.24995
                  2.9715                      -1.2346584
                   2.975                      -1.2197721
                  2.9785                      -1.2055286
                   2.982                      -1.1921039
                  2.9855                      -1.1796002
                   2.989                      -1.1680117
                  2.9925                      -1.1572319
                   2.996                       -1.147077
                  2.9995                      -1.1373103
                   3.003                      -1.1276954
                  3.0065                        -1.11802
                    3.01                       -1.108144
                  3.0135                      -1.0980151
                   3.017                      -1.0876599
                  3.0205                      -1.0771896
                   3.024                      -1.0667537
                  3.0275                      -1.0565246
                   3.031                      -1.0466473
                  3.0345                      -1.0372195
                   3.038                      -1.0282645
                  3.0415                      -1.0197307
                   3.045                      -1.0114989
                  3.0485                      -1.0034064
                   3.052                     -0.99528323
                  3.0555                     -0.98699008
                   3.059                     -0.97843093
                  3.0625                     -0.96959219
                   3.066                     -0.96053538
                  3.0695                     -0.95138087
                   3.073                     -0.94230005
                  3.0765                     -0.93347336
                    3.08                     -0.92506297
                  3.0835                     -0.91718538
                   3.087                     -0.90988972
                  3.0905                     -0.90315525
                   3.094                     -0.89687972
                  3.0975                     -0.89092032
                   3.101                     -0.88510763
                  3.1045                      -0.8792789
                   3.108                     -0.87331322
                  3.1115                     -0.86714781
                   3.115                     -0.86078352
                  3.1185                      -0.8542948
                   3.122                     -0.84780262
                  3.1255                     -0.84145468
                   3.129                     -0.83539797
                  3.1325                     -0.82975398
                   3.136                     -0.82459537
                  3.1395                     -0.81992455
                   3.143                     -0.81568496
                  3.1465                     -0.81175743
                    3.15                     -0.80799006
                  3.1535                      -0.8042136
                   3.157                     -0.80027596
                  3.1605                     -0.79605647
                   3.164                     -0.79148738
                  3.1675                     -0.78654287
                   3.171                      -0.7812454
                  3.1745                     -0.77564714
                   3.178                     -0.76981089
                  3.1815                     -0.76378937
                   3.185                     -0.75760935
                  3.1885                     -0.75126462
                   3.192                     -0.74471533
                  3.1955                     -0.73789113
                   3.199                     -0.73071798
                  3.2025                     -0.72313825
                   3.206                     -0.71512998
                  3.2095                     -0.70672978
                   3.213                     -0.69804009
                  3.2165                     -0.68921584
                    3.22                     -0.68046235
                  3.2235                     -0.67199614
                   3.227                     -0.66403007
                  3.2305                     -0.65673858
                   3.234                     -0.65024041
                  3.2375                      -0.6445756
                   3.241                     -0.63970886
                  3.2445                      -0.6355388
                   3.248                     -0.63190484
                  3.2515                     -0.62863023
                   3.255                     -0.62553268
                  3.2585                     -0.62246583
                   3.262                     -0.61933257
                  3.2655                     -0.61609353
                   3.269                     -0.61277162
                  3.2725                     -0.60944112
                   3.276                     -0.60620673
                  3.2795                      -0.6031839
                   3.283                     -0.60047251
                  3.2865                     -0.59813909
                    3.29                     -0.59620198
                  3.2935                      -0.5946275
                   3.297                     -0.59333672
                  3.3005                     -0.59221763
                   3.304                     -0.59114742
                  3.3075                     -0.59001514
                   3.311                      -0.5887387
                  3.3145                     -0.58727684
                   3.318                      -0.5856399
                  3.3215                      -0.5838759
                   3.325                     -0.58207261
                  3.3285                      -0.5803238
                   3.332                     -0.57872581
                  3.3355                     -0.57734669
                   3.339                     -0.57621779
                  3.3425                     -0.57532434
                   3.346                      -0.5746086
                  3.3495                     -0.57397669
                   3.353                     -0.57331975
                  3.3565                     -0.57253361
                    3.36                     -0.57153817
                  3.3635                     -0.57029171
                   3.367                     -0.56880084
                  3.3705                     -0.56711806
                   3.374                     -0.56533465
                  3.3775                     -0.56356251
                   3.381                     -0.56191998
                  3.3845                     -0.56050562
                   3.388                      -0.5593825
                  3.3915                     -0.55857402
                   3.395                     -0.55805415
                  3.3985                     -0.55775463
                   3.402                     -0.55758036
                  3.4055                     -0.55742613
                   3.409                     -0.55719914
                  3.4125                     -0.55682973
                   3.416                     -0.55629205
                  3.4195                     -0.55559943
                   3.423                     -0.55480696
                  3.4265                     -0.55399952
                    3.43                     -0.55327449
                  3.4335                     -0.55272762
                   3.437                     -0.55243098
                  3.4405                      -0.5524231
                   3.444                     -0.55270058
                  3.4475                     -0.55321814
                   3.451                     -0.55390028
                  3.4545                     -0.55465242
                   3.458                     -0.55537973
                  3.4615                     -0.55600685
                   3.465                     -0.55648642
                  3.4685                     -0.55681442
                   3.472                     -0.55702299
                  3.4755                     -0.55718113
                   3.479                     -0.55737634
                  3.4825                     -0.55770268
                   3.486                     -0.55824373
                  3.4895                     -0.55905301
                   3.493                     -0.56015262
                  3.4965                     -0.56151486
                     3.5                      -0.5630847
