Frequency    S2,2_[189]

                       0                 -1.0423068e-006
                  0.0035                  2.1311114e-008
                   0.007                  1.8046908e-008
                  0.0105                 -1.8218264e-007
                   0.014                 -7.7977226e-007
                  0.0175                 -1.9040319e-006
                   0.021                 -3.5291282e-006
                  0.0245                 -5.4414655e-006
                   0.028                  -7.273402e-006
                  0.0315                 -8.6219995e-006
                   0.035                 -9.1981333e-006
                  0.0385                 -9.0059013e-006
                   0.042                 -8.4300431e-006
                  0.0455                  -8.276081e-006
                   0.049                 -9.6668039e-006
                  0.0525                 -1.3840015e-005
                   0.056                 -2.1841046e-005
                  0.0595                 -3.4240035e-005
                   0.063                 -5.0888894e-005
                  0.0665                 -7.0805067e-005
                    0.07                 -9.2262453e-005
                  0.0735                  -0.00011312931
                   0.077                   -0.0001314008
                  0.0805                  -0.00014567458
                   0.084                  -0.00015575695
                  0.0875                  -0.00016296301
                   0.091                  -0.00017015062
                  0.0945                  -0.00018133152
                   0.098                  -0.00020118524
                  0.1015                  -0.00023390244
                   0.105                  -0.00028257612
                  0.1085                  -0.00034804793
                   0.112                  -0.00042863612
                  0.1155                  -0.00051998592
                   0.119                  -0.00061578724
                  0.1225                  -0.00070890359
                   0.126                  -0.00079293716
                  0.1295                  -0.00086391666
                   0.133                  -0.00092159477
                  0.1365                  -0.00097015502
                    0.14                    -0.001018055
                  0.1435                   -0.0010765723
                   0.147                   -0.0011583972
                  0.1505                    -0.001274862
                   0.154                    -0.001433655
                  0.1575                   -0.0016365973
                   0.161                   -0.0018784701
                  0.1645                   -0.0021477828
                   0.168                   -0.0024276538
                  0.1715                   -0.0026995807
                   0.175                   -0.0029466689
                  0.1785                   -0.0031582066
                   0.182                   -0.0033324749
                  0.1855                    -0.003477914
                   0.189                   -0.0036126847
                  0.1925                   -0.0037619154
                   0.196                    -0.003952866
                  0.1995                   -0.0042100417
                   0.203                   -0.0045493168
                  0.2065                   -0.0049738291
                    0.21                   -0.0054722177
                  0.2135                   -0.0060191002
                   0.217                   -0.0065787643
                  0.2205                   -0.0071123614
                   0.224                   -0.0075847546
                  0.2275                   -0.0079730731
                   0.231                   -0.0082718759
                  0.2345                   -0.0084950168
                   0.238                   -0.0086750024
                  0.2415                   -0.0088552914
                   0.245                   -0.0090843103
                  0.2485                   -0.0094037384
                   0.252                   -0.0098410028
                  0.2555                    -0.010402099
                   0.259                    -0.011068878
                  0.2625                    -0.011802054
                   0.266                    -0.012545494
                  0.2695                    -0.013238963
                   0.273                    -0.013828606
                  0.2765                    -0.014279088
                    0.28                    -0.014580761
                  0.2835                    -0.014752499
                   0.287                    -0.014839035
                  0.2905                    -0.014901906
                   0.294                    -0.015008884
                  0.2975                    -0.015219941
                   0.301                    -0.015576538
                  0.3045                    -0.016093248
                   0.308                     -0.01675323
                  0.3115                    -0.017511209
                   0.315                    -0.018300901
                  0.3185                    -0.019046785
                   0.322                    -0.019679795
                  0.3255                    -0.020149999
                   0.329                    -0.020438499
                  0.3325                    -0.020560562
                   0.336                    -0.020563411
                  0.3395                    -0.020518122
                   0.343                    -0.020505785
                  0.3465                    -0.020603906
                    0.35                    -0.020870826
                  0.3535                    -0.021336756
                   0.357                    -0.021995517
                  0.3605                    -0.022806175
                   0.364                    -0.023698686
                  0.3675                    -0.024585863
                   0.371                    -0.025380114
                  0.3745                    -0.026011637
                   0.378                    -0.026440812
                  0.3815                    -0.026669368
                   0.385                    -0.026738101
                  0.3885                    -0.026722014
                   0.392                    -0.026715723
                  0.3955                    -0.026817626
                   0.399                     -0.02711242
                  0.4025                    -0.027655981
                   0.406                    -0.028464422
                  0.4095                    -0.029508996
                   0.413                    -0.030719197
                  0.4165                    -0.031993343
                    0.42                    -0.033217369
                  0.4235                    -0.034286147
                   0.427                    -0.035126414
                  0.4305                    -0.035711824
                   0.434                    -0.036070585
                  0.4375                    -0.036280915
                   0.441                    -0.036459846
                  0.4445                    -0.036742634
                   0.448                    -0.037261204
                  0.4515                    -0.038121343
                   0.455                    -0.039383758
                  0.4585                     -0.04104831
                   0.462                    -0.043049036
                  0.4655                    -0.045260809
                   0.469                     -0.04751834
                  0.4725                    -0.049646915
                   0.476                     -0.05150095
                  0.4795                    -0.052995076
                   0.483                    -0.054128204
                  0.4865                     -0.05498783
                    0.49                    -0.055740871
                  0.4935                    -0.056608916
                   0.497                    -0.057838484
                  0.5005                    -0.059663693
                   0.504                     -0.06226892
                  0.5075                    -0.065748308
                   0.511                    -0.070074036
                  0.5145                    -0.075077439
                   0.518                    -0.080461851
                  0.5215                    -0.085851671
                   0.525                    -0.090873941
                  0.5285                    -0.095254797
                   0.532                    -0.098900609
                  0.5355                     -0.10194221
                   0.539                     -0.10474074
                  0.5425                     -0.10786502
                   0.546                     -0.11205653
                  0.5495                     -0.11818445
                   0.553                     -0.12717409
                  0.5565                     -0.13987045
                    0.56                     -0.15678381
                  0.5635                     -0.17770872
                   0.567                     -0.20132602
                  0.5705                     -0.22509861
                   0.574                      -0.2457956
                  0.5775                     -0.26060236
                   0.581                     -0.26816099
                  0.5845                     -0.26884517
                   0.588                     -0.26423316
                  0.5915                     -0.25631497
                   0.595                     -0.24692166
                  0.5985                     -0.23750658
                   0.602                     -0.22916356
                  0.6055                     -0.22274944
                   0.609                     -0.21901908
                  0.6125                      -0.2187233
                   0.616                     -0.22262974
                  0.6195                     -0.23142331
                   0.623                     -0.24542257
                  0.6265                     -0.26412282
                    0.63                     -0.28576046
                  0.6335                       -0.307365
                   0.637                     -0.32565651
                  0.6405                      -0.3384003
                   0.644                     -0.34519542
                  0.6475                     -0.34717465
                   0.651                     -0.34610757
                  0.6545                     -0.34364902
                   0.658                     -0.34100611
                  0.6615                     -0.33891251
                   0.665                     -0.33773044
                  0.6685                     -0.33757954
                   0.672                     -0.33845348
                  0.6755                     -0.34032236
                   0.679                     -0.34321106
                  0.6825                     -0.34724379
                   0.686                       -0.352642
                  0.6895                      -0.3596864
                   0.693                     -0.36866556
                  0.6965                     -0.37983996
                     0.7                     -0.39343588
                  0.7035                       -0.409667
                   0.707                     -0.42876999
                  0.7105                     -0.45105566
                   0.714                     -0.47694835
                  0.7175                     -0.50702152
                   0.721                     -0.54201939
                  0.7245                     -0.58285594
                   0.728                     -0.63060478
                  0.7315                     -0.68646787
                   0.735                     -0.75173786
                  0.7385                     -0.82774511
                   0.742                      -0.9158207
                  0.7455                      -1.0172587
                   0.749                      -1.1333113
                  0.7525                      -1.2652068
                   0.756                      -1.4141743
                  0.7595                      -1.5814829
                   0.763                      -1.7683798
                  0.7665                      -1.9758922
                    0.77                      -2.2044229
                  0.7735                      -2.4530398
                   0.777                      -2.7184312
                  0.7805                      -2.9936933
                   0.784                      -3.2674706
                  0.7875                      -3.5240271
                   0.791                      -3.7451042
                  0.7945                      -3.9136065
                   0.798                      -4.0180439
                  0.8015                      -4.0555343
                   0.805                      -4.0317066
                  0.8085                        -3.95789
                   0.812                      -3.8472354
                  0.8155                      -3.7116634
                   0.819                      -3.5603969
                  0.8225                      -3.3998713
                   0.826                      -3.2344334
                  0.8295                      -3.0671911
                   0.833                      -2.9007569
                  0.8365                       -2.737611
                    0.84                       -2.580086
                  0.8435                      -2.4301953
                   0.847                      -2.2893865
                  0.8505                       -2.158403
                   0.854                      -2.0372585
                  0.8575                      -1.9253602
                   0.861                      -1.8216947
                  0.8645                      -1.7250417
                   0.868                       -1.634212
                  0.8715                      -1.5481933
                   0.875                      -1.4662698
                  0.8785                      -1.3880805
                   0.882                      -1.3135548
                  0.8855                      -1.2428345
                   0.889                      -1.1761428
                  0.8925                      -1.1136758
                   0.896                      -1.0555234
                  0.8995                      -1.0016293
                   0.903                     -0.95179196
                  0.9065                     -0.90569811
                    0.91                     -0.86298024
                  0.9135                     -0.82325233
                   0.917                     -0.78617319
                  0.9205                      -0.7514636
                   0.924                     -0.71893576
                  0.9275                     -0.68848454
                   0.931                     -0.66007999
                  0.9345                     -0.63374027
                   0.938                     -0.60950563
                  0.9415                     -0.58740932
                   0.945                     -0.56745317
                  0.9485                     -0.54959894
                   0.952                     -0.53376348
                  0.9555                     -0.51981604
                   0.959                     -0.50759131
                  0.9625                      -0.4968946
                   0.966                     -0.48751912
                  0.9695                     -0.47925295
                   0.973                     -0.47189408
                  0.9765                     -0.46526329
                    0.98                     -0.45920979
                  0.9835                     -0.45362338
                   0.987                      -0.4484326
                  0.9905                     -0.44360086
                   0.994                     -0.43911595
                  0.9975                     -0.43497433
                   1.001                     -0.43116429
                  1.0045                     -0.42765386
                   1.008                     -0.42437952
                  1.0115                     -0.42124631
                   1.015                     -0.41813397
                  1.0185                      -0.4149099
                   1.022                     -0.41144679
                  1.0255                     -0.40764188
                   1.029                     -0.40343136
                  1.0325                     -0.39879967
                   1.036                     -0.39377646
                  1.0395                     -0.38842499
                   1.043                     -0.38282226
                  1.0465                     -0.37703564
                    1.05                     -0.37109895
                  1.0535                     -0.36499177
                   1.057                     -0.35861956
                  1.0605                     -0.35179424
                   1.064                      -0.3441962
                  1.0675                     -0.33530083
                   1.071                     -0.32419582
                  1.0745                     -0.30910507
                   1.078                     -0.28608734
                  1.0815                     -0.24899472
                   1.085                      -4.3590492
                  1.0885                     -0.63247236
                   1.092                     -0.45696642
                  1.0955                     -0.40853703
                   1.099                     -0.38480717
                  1.1025                      -0.3700746
                   1.106                     -0.35970529
                  1.1095                     -0.35182872
                   1.113                     -0.34551576
                  1.1165                     -0.34022709
                    1.12                     -0.33561198
                  1.1235                     -0.33142935
                   1.127                     -0.32751511
                  1.1305                     -0.32376879
                   1.134                     -0.32014427
                  1.1375                     -0.31664194
                   1.141                     -0.31329697
                  1.1445                     -0.31016637
                   1.148                     -0.30731296
                  1.1515                     -0.30479104
                   1.155                     -0.30263475
                  1.1585                     -0.30084971
                   1.162                     -0.29941096
                  1.1655                     -0.29826513
                   1.169                      -0.2973366
                  1.1725                     -0.29653869
                   1.176                     -0.29578511
                  1.1795                     -0.29500144
                   1.183                     -0.29413537
                  1.1865                     -0.29316214
                    1.19                     -0.29208679
                  1.1935                      -0.2909406
                   1.197                     -0.28977575
                  1.2005                     -0.28865867
                   1.204                     -0.28766083
                  1.2075                     -0.28684933
                   1.211                     -0.28627593
                  1.2145                       -0.285965
                   1.218                     -0.28590504
                  1.2215                     -0.28604662
                   1.225                     -0.28630972
                  1.2285                     -0.28660104
                   1.232                     -0.28683521
                  1.2355                     -0.28695747
                   1.239                      -0.2869624
                  1.2425                     -0.28690449
                   1.246                     -0.28690068
                  1.2495                     -0.28712147
                   1.253                     -0.28777789
                  1.2565                     -0.28910305
                    1.26                     -0.29133342
                  1.2635                     -0.29469122
                   1.267                      -0.2993671
                  1.2705                     -0.30550556
                   1.274                     -0.31318759
                  1.2775                     -0.32241416
                   1.281                      -0.3330886
                  1.2845                     -0.34499685
                   1.288                     -0.35779861
                  1.2915                      -0.3710299
                   1.295                       -0.384125
                  1.2985                     -0.39647107
                   1.302                      -0.4074793
                  1.3055                     -0.41667673
                   1.309                     -0.42377968
                  1.3125                     -0.42873782
                   1.316                     -0.43173098
                  1.3195                      -0.4331226
                   1.323                     -0.43338673
                  1.3265                     -0.43302945
                    1.33                     -0.43252285
                  1.3335                     -0.43225984
                   1.337                     -0.43253001
                  1.3405                     -0.43351714
                   1.344                     -0.43530401
                  1.3475                     -0.43788843
                   1.351                     -0.44120186
                  1.3545                     -0.44512992
                   1.358                      -0.4495346
                  1.3615                     -0.45427344
                   1.365                     -0.45921795
                  1.3685                     -0.46426862
                   1.372                     -0.46936338
                  1.3755                     -0.47448171
                   1.379                     -0.47964342
                  1.3825                     -0.48490392
                   1.386                     -0.49034904
                  1.3895                     -0.49608744
                   1.393                     -0.50224758
                  1.3965                     -0.50897311
                     1.4                     -0.51641986
                  1.4035                     -0.52475536
                   1.407                     -0.53415323
                  1.4105                     -0.54479042
                   1.414                     -0.55683479
                  1.4175                     -0.57043265
                   1.421                     -0.58568812
                  1.4245                     -0.60263203
                   1.428                     -0.62119383
                  1.4315                     -0.64116899
                   1.435                     -0.66219741
                  1.4385                     -0.68376835
                   1.442                     -0.70524734
                  1.4455                     -0.72594946
                   1.449                     -0.74522732
                  1.4525                     -0.76257026
                   1.456                     -0.77768869
                  1.4595                     -0.79055098
                   1.463                     -0.80138026
                  1.4665                     -0.81061107
                    1.47                     -0.81881653
                  1.4735                     -0.82663384
                   1.477                     -0.83469413
                  1.4805                     -0.84357008
                   1.484                     -0.85373181
                  1.4875                     -0.86552228
                   1.491                     -0.87913701
                  1.4945                     -0.89462289
                   1.498                     -0.91188419
                  1.5015                     -0.93070651
                   1.505                     -0.95079354
                  1.5085                     -0.97181762
                   1.512                     -0.99347787
                  1.5155                      -1.0155495
                   1.519                      -1.0379246
                  1.5225                      -1.0606296
                   1.526                      -1.0838239
                  1.5295                      -1.1077664
                   1.533                      -1.1327825
                  1.5365                      -1.1592069
                    1.54                      -1.1873381
                  1.5435                      -1.2173929
                   1.547                      -1.2494796
                  1.5505                      -1.2835851
                   1.554                      -1.3195835
                  1.5575                      -1.3572695
                   1.561                      -1.3964064
                  1.5645                      -1.4367748
                   1.568                      -1.4782378
                  1.5715                      -1.5207765
                   1.575                      -1.5645071
                  1.5785                      -1.6096864
                   1.582                      -1.6566698
                  1.5855                      -1.7058692
                   1.589                      -1.7576917
                  1.5925                      -1.8124768
                   1.596                      -1.8704544
                  1.5995                      -1.9316998
                   1.603                      -1.9961355
                  1.6065                      -2.0635484
                    1.61                      -2.1336383
                  1.6135                       -2.206079
                   1.617                      -2.2806112
                  1.6205                      -2.3570667
                   1.624                      -2.4354454
                  1.6275                      -2.5158947
                   1.631                      -2.5986931
                  1.6345                       -2.684176
                   1.638                      -2.7726579
                  1.6415                      -2.8643479
                   1.645                      -2.9592762
                  1.6485                      -3.0572277
                   1.652                      -3.1577707
                  1.6555                      -3.2602279
                   1.659                      -3.3638166
                  1.6625                      -3.4676886
                   1.666                      -3.5710645
                  1.6695                      -3.6733297
                   1.673                      -3.7740519
                  1.6765                      -3.8730073
                    1.68                      -3.9701489
                  1.6835                      -4.0655053
                   1.687                      -4.1590948
                  1.6905                      -4.2508538
                   1.694                      -4.3405605
                  1.6975                      -4.4278178
                   1.701                      -4.5120875
                  1.7045                      -4.5927424
                   1.708                      -4.6691689
                  1.7115                      -4.7408627
                   1.715                      -4.8075312
                  1.7185                      -4.8691109
                   1.722                      -4.9258142
                  1.7255                      -4.9780591
                   1.729                      -5.0264383
                  1.7325                      -5.0716098
                   1.736                      -5.1142076
                  1.7395                      -5.1547803
                   1.743                      -5.1937293
                  1.7465                      -5.2312924
                    1.75                      -5.2675752
                  1.7535                      -5.3025728
                   1.757                      -5.3362327
                  1.7605                      -5.3685325
                   1.764                      -5.3995169
                  1.7675                      -5.4293576
                   1.771                      -5.4583437
                  1.7745                      -5.4868798
                   1.778                      -5.5154468
                  1.7815                      -5.5445196
                   1.785                      -5.5745247
                  1.7885                      -5.6057779
                   1.792                      -5.6384176
                  1.7955                      -5.6724124
                   1.799                      -5.7075217
                  1.8025                      -5.7433531
                   1.806                      -5.7793827
                  1.8095                      -5.8150482
                   1.813                      -5.8497871
                  1.8165                      -5.8831516
                    1.82                      -5.9148566
                  1.8235                       -5.944828
                   1.827                      -5.9732239
                  1.8305                      -6.0004185
                   1.834                      -6.0269184
                  1.8375                      -6.0533151
                   1.841                      -6.0801886
                  1.8445                       -6.107999
                   1.848                      -6.1370444
                  1.8515                      -6.1674152
                   1.855                      -6.1989729
                  1.8585                      -6.2313997
                   1.862                      -6.2642474
                  1.8655                      -6.2970093
                   1.869                      -6.3291992
                  1.8725                      -6.3604635
                   1.876                      -6.3905908
                  1.8795                      -6.4195703
                   1.883                      -6.4475743
                  1.8865                       -6.474904
                    1.89                      -6.5019334
                  1.8935                      -6.5290226
                   1.897                      -6.5564307
                  1.9005                      -6.5842611
                   1.904                      -6.6124074
                  1.9075                      -6.6405896
                   1.911                      -6.6683316
                  1.9145                      -6.6950718
                   1.918                      -6.7202297
                  1.9215                      -6.7432978
                   1.925                      -6.7639118
                  1.9285                      -6.7819192
                   1.932                      -6.7973787
                  1.9355                      -6.8105436
                   1.939                      -6.8217895
                  1.9425                      -6.8315296
                   1.946                      -6.8401526
                  1.9495                       -6.847909
                   1.953                      -6.8548787
                  1.9565                      -6.8609224
                    1.96                      -6.8657474
                  1.9635                      -6.8688925
                   1.967                      -6.8698657
                  1.9705                      -6.8682067
                   1.974                       -6.863572
                  1.9775                       -6.855804
                   1.981                      -6.8449571
                  1.9845                      -6.8312917
                   1.988                      -6.8152292
                  1.9915                      -6.7972624
                   1.995                      -6.7778933
                  1.9985                      -6.7575512
                   2.002                      -6.7364926
                  2.0055                      -6.7148215
                   2.009                      -6.6924377
                  2.0125                      -6.6690844
                   2.016                      -6.6444042
                  2.0195                       -6.618045
                   2.023                       -6.589691
                  2.0265                      -6.5591601
                    2.03                      -6.5264594
                  2.0335                      -6.4917405
                   2.037                      -6.4553279
                  2.0405                      -6.4176594
                   2.044                      -6.3792109
                  2.0475                      -6.3404152
                   2.051                      -6.3016026
                  2.0545                      -6.2629824
                   2.058                      -6.2245844
                  2.0615                       -6.186283
                   2.065                      -6.1478417
                  2.0685                      -6.1089631
                   2.072                      -6.0693619
                  2.0755                      -6.0287884
                   2.079                       -5.987146
                  2.0825                      -5.9444763
                   2.086                      -5.9009285
                  2.0895                      -5.8568105
                   2.093                      -5.8124627
                  2.0965                      -5.7682504
                     2.1                      -5.7245077
                  2.1035                      -5.6814509
                   2.107                      -5.6392006
                  2.1105                      -5.5977293
                   2.114                      -5.5569061
                  2.1175                      -5.5165006
                   2.121                      -5.4762647
                  2.1245                      -5.4359667
                   2.128                      -5.3954358
                  2.1315                      -5.3546005
                   2.135                      -5.3135011
                  2.1385                      -5.2722815
                   2.142                      -5.2311502
                  2.1455                       -5.190371
                   2.149                      -5.1501999
                  2.1525                      -5.1108659
                   2.156                      -5.0725178
                  2.1595                      -5.0352069
                   2.163                      -4.9989056
                  2.1665                      -4.9635077
                    2.17                      -4.9288589
                  2.1735                      -4.8948027
                   2.177                      -4.8611868
                  2.1805                      -4.8279242
                   2.184                      -4.7949993
                  2.1875                      -4.7624441
                   2.191                      -4.7303734
                  2.1945                      -4.6989319
                   2.198                      -4.6683114
                  2.2015                      -4.6387147
                   2.205                      -4.6103511
                  2.2085                      -4.5834316
                   2.212                      -4.5581807
                  2.2155                      -4.5348357
                   2.219                      -4.5136746
                  2.2225                      -4.4950315
                   2.226                      -4.4792769
                  2.2295                      -4.4668035
                   2.233                      -4.4580135
                  2.2365                      -4.4532154
                    2.24                      -4.4525843
                  2.2435                      -4.4560691
                   2.247                       -4.463321
                  2.2505                      -4.4736477
                   2.254                      -4.4860391
                  2.2575                      -4.4991813
                   2.261                      -4.5115765
                  2.2645                      -4.5216904
                   2.268                      -4.5280682
                  2.2715                      -4.5295743
                   2.275                      -4.5254543
                  2.2785                      -4.5154844
                   2.282                       -4.499934
                  2.2855                      -4.4795652
                   2.289                      -4.4554923
                  2.2925                        -4.42906
                   2.296                      -4.4017017
                  2.2995                      -4.3747589
                   2.303                      -4.3493842
                  2.3065                      -4.3264367
                    2.31                      -4.3064345
                  2.3135                      -4.2895725
                   2.317                      -4.2757095
                  2.3205                      -4.2644552
                   2.324                       -4.255307
                  2.3275                      -4.2476633
                   2.331                      -4.2410172
                  2.3345                      -4.2349704
                   2.338                      -4.2293252
                  2.3415                      -4.2241067
                   2.345                      -4.2195603
                  2.3485                      -4.2160863
                   2.352                      -4.2142005
                  2.3555                      -4.2144606
                   2.359                      -4.2173858
                  2.3625                      -4.2233992
                   2.366                      -4.2328051
                  2.3695                      -4.2457756
                   2.373                      -4.2623012
                  2.3765                      -4.2822783
                    2.38                      -4.3054471
                  2.3835                      -4.3314547
                   2.387                      -4.3598887
                  2.3905                      -4.3902672
                   2.394                      -4.4220977
                  2.3975                      -4.4548803
                   2.401                      -4.4881589
                  2.4045                      -4.5214536
                   2.408                       -4.554298
                  2.4115                      -4.5861365
                   2.415                      -4.6163736
                  2.4185                      -4.6443964
                   2.422                      -4.6696307
                  2.4255                      -4.6916531
                   2.429                      -4.7102938
                  2.4325                      -4.7257017
                   2.436                      -4.7383863
                  2.4395                      -4.7491669
                   2.443                      -4.7591415
                  2.4465                      -4.7695009
                    2.45                      -4.7814434
                  2.4535                      -4.7960072
                   2.457                      -4.8139689
                  2.4605                      -4.8357882
                   2.464                      -4.8615607
                  2.4675                      -4.8910115
                   2.471                      -4.9236314
                  2.4745                      -4.9587128
                   2.478                      -4.9955525
                  2.4815                       -5.033536
                   2.485                      -5.0722113
                  2.4885                      -5.1114789
                   2.492                      -5.1514801
                  2.4955                      -5.1926549
                   2.499                      -5.2356645
                  2.5025                      -5.2812495
                   2.506                      -5.3301816
                  2.5095                       -5.383034
                   2.513                      -5.4402229
                  2.5165                      -5.5018974
                    2.52                      -5.5679057
                  2.5235                      -5.6379857
                   2.527                      -5.7116482
                  2.5305                      -5.7884564
                   2.534                      -5.8681152
                  2.5375                      -5.9505481
                   2.541                      -6.0360255
                  2.5445                      -6.1251548
                   2.548                      -6.2189388
                  2.5515                      -6.3186296
                   2.555                      -6.4256467
                  2.5585                      -6.5413936
                   2.562                      -6.6671434
                  2.5655                      -6.8037601
                   2.569                       -6.951628
                  2.5725                      -7.1106466
                   2.576                      -7.2800914
                  2.5795                      -7.4587126
                   2.583                      -7.6449791
                  2.5865                      -7.8371561
                    2.59                      -8.0336077
                  2.5935                      -8.2332086
                   2.597                      -8.4352398
                  2.6005                      -8.6397153
                   2.604                      -8.8471897
                  2.6075                      -9.0586778
                   2.611                      -9.2755329
                  2.6145                      -9.4989164
                   2.618                      -9.7300017
                  2.6215                       -9.969547
                   2.625                      -10.218153
                  2.6285                      -10.476037
                   2.632                      -10.743498
                  2.6355                      -11.021108
                   2.639                      -11.309704
                  2.6425                      -11.610908
                   2.646                      -11.927179
                  2.6495                      -12.262178
                   2.653                      -12.620226
                  2.6565                      -13.006531
                    2.66                      -13.427122
                  2.6635                      -13.888088
                   2.667                      -14.395849
                  2.6705                      -14.956594
                   2.674                      -15.576868
                  2.6775                      -16.262527
                   2.681                       -17.02062
                  2.6845                      -17.858071
                   2.688                      -18.783773
                  2.6915                      -19.808119
                   2.695                      -20.944533
                  2.6985                       -22.20712
                   2.702                       -23.60729
                  2.7055                      -25.133625
                   2.709                      -26.699372
                  2.7125                        -28.0295
                   2.716                      -28.602919
                  2.7195                      -28.061027
                   2.723                       -26.70922
                  2.7265                      -25.087293
                    2.73                      -23.502257
                  2.7335                      -22.055601
                   2.737                      -20.761692
                  2.7405                      -19.606748
                   2.744                      -18.569862
                  2.7475                      -17.631221
                   2.751                       -16.77346
                  2.7545                      -15.982449
                   2.758                       -15.24775
                  2.7615                      -14.561686
                   2.765                      -13.919754
                  2.7685                      -13.319247
                   2.772                      -12.758627
                  2.7755                      -12.237441
                   2.779                      -11.754784
                  2.7825                      -11.309544
                   2.786                      -10.899869
                  2.7895                      -10.522956
                   2.793                      -10.175084
                  2.7965                        -9.85228
                     2.8                       -9.549965
                  2.8035                      -9.2638434
                   2.807                      -8.9898768
                  2.8105                      -8.7250579
                   2.814                      -8.4671124
                  2.8175                      -8.2149028
                   2.821                      -7.9682915
                  2.8245                      -7.7278335
                   2.828                      -7.4945621
                  2.8315                       -7.269644
                   2.835                      -7.0540951
                  2.8385                      -6.8483977
                   2.842                      -6.6525121
                  2.8455                       -6.465863
                   2.849                      -6.2873444
                  2.8525                      -6.1156658
                   2.856                      -5.9494696
                  2.8595                      -5.7875677
                   2.863                      -5.6292299
                  2.8665                      -5.4742014
                    2.87                      -5.3226576
                  2.8735                      -5.1750966
                   2.877                      -5.0323355
                  2.8805                       -4.895131
                   2.884                      -4.7641014
                  2.8875                       -4.639545
                   2.891                      -4.5213959
                  2.8945                       -4.409092
                   2.898                      -4.3018851
                  2.9015                      -4.1987704
                   2.905                      -4.0987416
                  2.9085                      -4.0008794
                   2.912                      -3.9045957
                  2.9155                      -3.8096222
                   2.919                      -3.7159888
                  2.9225                      -3.6241197
                   2.926                       -3.534539
                  2.9295                      -3.4479073
                   2.933                      -3.3647766
                  2.9365                      -3.2855024
                    2.94                      -3.2101964
                  2.9435                       -3.138653
                   2.947                      -3.0704111
                  2.9505                      -3.0048651
                   2.954                      -2.9413064
                  2.9575                      -2.8791435
                   2.961                      -2.8178888
                  2.9645                      -2.7573404
                   2.968                      -2.6975023
                  2.9715                      -2.6386344
                   2.975                       -2.581139
                  2.9785                      -2.5255281
                   2.982                      -2.4722507
                  2.9855                      -2.4216687
                   2.989                      -2.3739428
                  2.9925                      -2.3290122
                   2.996                      -2.2866178
                  2.9995                      -2.2463326
                   3.003                      -2.2076603
                  3.0065                      -2.1700743
                    3.01                      -2.1331462
                  3.0135                      -2.0965925
                   3.017                      -2.0602761
                  3.0205                      -2.0242543
                   3.024                      -1.9887017
                  3.0275                      -1.9539015
                   3.031                      -1.9201334
                  3.0345                      -1.8876378
                   3.038                      -1.8565462
                  3.0415                       -1.826854
                   3.045                      -1.7984167
                  3.0485                      -1.7709692
                   3.052                      -1.7441916
                  3.0555                      -1.7177726
                   3.059                      -1.6914281
                  3.0625                       -1.665011
                   3.066                      -1.6385015
                  3.0695                      -1.6120001
                   3.073                      -1.5857351
                  3.0765                       -1.559985
                    3.08                      -1.5350465
                  3.0835                      -1.5111712
                   3.087                       -1.488523
                  3.0905                      -1.4671615
                   3.094                      -1.4469884
                  3.0975                       -1.427825
                   3.101                      -1.4094124
                  3.1045                      -1.3914633
                   3.108                      -1.3737264
                  3.1115                      -1.3560203
                   3.115                       -1.338251
                  3.1185                      -1.3204557
                   3.122                       -1.302757
                  3.1255                      -1.2853508
                   3.129                      -1.2684638
                  3.1325                      -1.2523127
                   3.136                      -1.2370657
                  3.1395                      -1.2227949
                   3.143                      -1.2094864
                  3.1465                       -1.197019
                    3.15                      -1.1852034
                  3.1535                      -1.1737972
                   3.157                      -1.1625597
                  3.1605                      -1.1512732
                   3.164                       -1.139785
                  3.1675                      -1.1279948
                   3.171                       -1.115881
                  3.1745                       -1.103479
                   3.178                      -1.0908548
                  3.1815                      -1.0780775
                   3.185                      -1.0651927
                  3.1885                      -1.0522052
                   3.192                      -1.0390729
                  3.1955                      -1.0256949
                   3.199                      -1.0119499
                  3.2025                     -0.99772039
                   3.206                     -0.98291893
                  3.2095                     -0.96753151
                   3.213                     -0.95163906
                  3.2165                     -0.93540221
                    3.22                     -0.91907502
                  3.2235                     -0.90294818
                   3.227                     -0.88733512
                  3.2305                     -0.87251841
                   3.234                     -0.85872069
                  3.2375                     -0.84606495
                   3.241                     -0.83457163
                  3.2445                     -0.82416606
                   3.248                      -0.8146757
                  3.2515                     -0.80589067
                   3.255                     -0.79756854
                  3.2585                     -0.78949803
                   3.262                       -0.781514
                  3.2655                     -0.77351904
                   3.269                     -0.76549591
                  3.2725                     -0.75750036
                   3.276                     -0.74963891
                  3.2795                     -0.74204826
                   3.283                     -0.73486118
                  3.2865                     -0.72818193
                    3.29                     -0.72206237
                  3.2935                     -0.71649386
                   3.297                     -0.71140683
                  3.3005                     -0.70668211
                   3.304                     -0.70217477
                  3.3075                     -0.69774096
                   3.311                     -0.69325968
                  3.3145                     -0.68864974
                   3.318                     -0.68389006
                  3.3215                     -0.67900547
                   3.325                     -0.67407901
                  3.3285                     -0.66920878
                   3.332                     -0.66451136
                  3.3355                     -0.66007965
                   3.339                     -0.65597334
                  3.3425                     -0.65220271
                   3.346                     -0.64872645
                  3.3495                      -0.6454553
                   3.353                     -0.64227161
                  3.3565                     -0.63905066
                    3.36                     -0.63568281
                  3.3635                     -0.63209234
                   3.367                     -0.62825384
                  3.3705                     -0.62419391
                   3.374                     -0.61998933
                  3.3775                     -0.61574935
                   3.381                     -0.61160428
                  3.3845                     -0.60767327
                   3.388                     -0.60404581
                  3.3915                      -0.6007746
                   3.395                     -0.59785973
                  3.3985                     -0.59525065
                   3.402                     -0.59286015
                  3.4055                     -0.59057967
                   3.409                     -0.58830283
                  3.4125                     -0.58593662
                   3.416                     -0.58342995
                  3.4195                     -0.58076937
                   3.423                     -0.57798884
                  3.4265                     -0.57516046
                    3.43                     -0.57237802
                  3.4335                     -0.56974493
                   3.437                     -0.56734985
                  3.4405                     -0.56525294
                   3.444                      -0.5634754
                  3.4475                      -0.5619931
                   3.451                     -0.56074698
                  3.4545                     -0.55964972
                   3.458                      -0.5586033
                  3.4615                     -0.55752043
                   3.465                     -0.55633338
                  3.4685                     -0.55501466
                   3.472                     -0.55357235
                  3.4755                     -0.55205647
                   3.479                     -0.55054227
                  3.4825                     -0.54912126
                   3.486                     -0.54788475
                  3.4895                     -0.54690253
                   3.493                     -0.54622044
                  3.4965                     -0.54583441
                     3.5                     -0.54571385
