Frequency    S2,2_[190]

                       0                 -1.0423068e-006
                  0.0035                  2.1317228e-008
                   0.007                  1.8135248e-008
                  0.0105                 -1.8180978e-007
                   0.014                 -7.7888611e-007
                  0.0175                 -1.9026465e-006
                   0.021                 -3.5278378e-006
                  0.0245                 -5.4416693e-006
                   0.028                 -7.2772218e-006
                  0.0315                 -8.6317777e-006
                   0.035                 -9.2155481e-006
                  0.0385                 -9.0309313e-006
                   0.042                 -8.4601451e-006
                  0.0455                 -8.3060271e-006
                   0.049                 -9.6895162e-006
                  0.0525                 -1.3848523e-005
                   0.056                 -2.1831321e-005
                  0.0595                 -3.4214144e-005
                   0.063                 -5.0857595e-005
                  0.0665                 -7.0788856e-005
                    0.07                 -9.2290277e-005
                  0.0735                  -0.00011323469
                   0.077                  -0.00013161583
                  0.0805                   -0.0001460226
                   0.084                  -0.00015624614
                  0.0875                  -0.00016358255
                   0.091                  -0.00017087131
                  0.0945                  -0.00018211171
                   0.098                  -0.00020198258
                  0.1015                  -0.00023468853
                   0.105                   -0.0002833533
                  0.1085                  -0.00034886224
                   0.112                  -0.00042958443
                  0.1155                  -0.00052121283
                   0.119                  -0.00061747136
                  0.1225                  -0.00071123386
                   0.126                  -0.00079608343
                  0.1295                  -0.00086800075
                   0.133                  -0.00092666907
                  0.1365                  -0.00097619523
                    0.14                   -0.0010249719
                  0.1435                   -0.0010842403
                   0.147                   -0.0011667031
                  0.1505                   -0.0012837581
                   0.154                   -0.0014432124
                  0.1575                   -0.0016470412
                   0.161                   -0.0018901896
                  0.1645                   -0.0021613118
                   0.168                   -0.0024436125
                  0.1715                   -0.0027185984
                   0.175                   -0.0029692911
                  0.1785                   -0.0031848176
                   0.182                   -0.0033632482
                  0.1855                   -0.0035128032
                   0.189                   -0.0036514682
                  0.1925                   -0.0038042898
                   0.196                   -0.0039985664
                  0.1995                   -0.0042589789
                   0.203                   -0.0046016876
                  0.2065                     -0.00503018
                    0.21                    -0.005533445
                  0.2135                   -0.0060863709
                   0.217                    -0.006653366
                  0.2205                   -0.0071955261
                   0.224                   -0.0076774614
                  0.2275                   -0.0080759085
                   0.231                   -0.0083849592
                  0.2345                   -0.0086180149
                   0.238                    -0.008807261
                  0.2415                    -0.008996007
                   0.245                   -0.0092327845
                  0.2485                   -0.0095595897
                   0.252                     -0.01000435
                  0.2555                    -0.010573636
                   0.259                    -0.011249832
                  0.2625                    -0.011994053
                   0.266                    -0.012750284
                  0.2695                    -0.013458143
                   0.273                    -0.014063349
                  0.2765                    -0.014529958
                    0.28                    -0.014847646
                  0.2835                    -0.015034675
                   0.287                    -0.015135385
                  0.2905                    -0.015211188
                   0.294                     -0.01533008
                  0.2975                    -0.015552546
                   0.301                    -0.015920773
                  0.3045                    -0.016450154
                   0.308                    -0.017124558
                  0.3115                    -0.017899205
                   0.315                     -0.01870795
                  0.3185                    -0.019475011
                   0.322                    -0.020130738
                  0.3255                    -0.020624373
                   0.329                    -0.020936174
                  0.3325                     -0.02108071
                   0.336                    -0.021104795
                  0.3395                     -0.02107954
                   0.343                    -0.021086485
                  0.3465                    -0.021203989
                    0.35                    -0.021491461
                  0.3535                    -0.021980261
                   0.357                     -0.02266514
                  0.3605                    -0.023505727
                   0.364                    -0.024432007
                  0.3675                     -0.02535623
                   0.371                    -0.026189753
                  0.3745                    -0.026861504
                   0.378                    -0.027330577
                  0.3815                     -0.02759782
                   0.385                    -0.027703678
                  0.3885                     -0.02772356
                   0.392                    -0.027753189
                  0.3955                    -0.027892675
                   0.399                     -0.02822875
                  0.4025                    -0.028819301
                   0.406                    -0.029682052
                  0.4095                    -0.030789077
                   0.413                    -0.032069661
                  0.4165                    -0.033420795
                    0.42                    -0.034726222
                  0.4235                    -0.035878111
                   0.427                    -0.036800715
                  0.4305                     -0.03746596
                   0.434                    -0.037901672
                  0.4375                    -0.038187232
                   0.441                    -0.038442495
                  0.4445                    -0.038806816
                   0.448                    -0.039417002
                  0.4515                    -0.040383755
                   0.455                    -0.041771908
                  0.4585                    -0.043583696
                   0.462                    -0.045753041
                  0.4655                    -0.048151995
                   0.469                    -0.050609922
                  0.4725                    -0.052945221
                   0.476                    -0.055005574
                  0.4795                    -0.056700637
                   0.483                    -0.058027833
                  0.4865                     -0.05907756
                    0.49                    -0.060024422
                  0.4935                    -0.061101861
                   0.497                    -0.062571467
                  0.5005                    -0.064683761
                   0.504                    -0.067638678
                  0.5075                    -0.071541945
                   0.511                    -0.076370402
                  0.5145                    -0.081950333
                   0.518                    -0.087969764
                  0.5215                    -0.094029663
                   0.525                    -0.099730905
                  0.5285                     -0.10477837
                   0.532                     -0.10906983
                  0.5355                     -0.11274588
                   0.539                     -0.11619898
                  0.5425                     -0.12005197
                   0.546                     -0.12512298
                  0.5495                       -0.132379
                   0.553                     -0.14285901
                  0.5565                     -0.15752316
                    0.56                     -0.17696675
                  0.5635                     -0.20098698
                   0.567                     -0.22812476
                  0.5705                      -0.2555354
                   0.574                     -0.27957397
                  0.5775                     -0.29705289
                   0.581                     -0.30642575
                  0.5845                     -0.30810253
                   0.588                     -0.30385522
                  0.5915                     -0.29592361
                   0.595                     -0.28637403
                  0.5985                     -0.27685595
                   0.602                     -0.26862549
                  0.6055                     -0.26268646
                   0.609                     -0.25994539
                  0.6125                     -0.26132372
                   0.616                     -0.26777896
                  0.6195                     -0.28017934
                   0.623                     -0.29895076
                  0.6265                     -0.32350594
                    0.63                     -0.35169811
                  0.6335                     -0.37988391
                   0.637                     -0.40404447
                  0.6405                     -0.42146901
                   0.644                     -0.43171695
                  0.6475                     -0.43622477
                   0.651                     -0.43718999
                  0.6545                     -0.43665246
                   0.658                      -0.4360964
                  0.6615                     -0.43642687
                   0.665                     -0.43809825
                  0.6685                     -0.44127464
                   0.672                     -0.44597645
                  0.6755                     -0.45221161
                   0.679                     -0.46007778
                  0.6825                     -0.46982113
                   0.686                     -0.48183461
                  0.6895                     -0.49660842
                   0.693                     -0.51466373
                  0.6965                     -0.53650806
                     0.7                     -0.56263356
                  0.7035                     -0.59355624
                   0.707                     -0.62987722
                  0.7105                     -0.67237214
                   0.714                      -0.7220685
                  0.7175                     -0.78032465
                   0.721                     -0.84889295
                  0.7245                     -0.92995209
                   0.728                      -1.0261271
                  0.7315                      -1.1404693
                   0.735                      -1.2764131
                  0.7385                        -1.43768
                   0.742                      -1.6281754
                  0.7455                      -1.8518215
                   0.749                      -2.1123695
                  0.7525                      -2.4131376
                   0.756                      -2.7565596
                  0.7595                      -3.1434687
                   0.763                      -3.5717049
                  0.7665                      -4.0338454
                    0.77                       -4.513968
                  0.7735                      -4.9841415
                   0.777                      -5.4028325
                  0.7805                      -5.7195875
                   0.784                      -5.8891272
                  0.7875                       -5.890182
                   0.791                       -5.735941
                  0.7945                      -5.4667548
                   0.798                       -5.131685
                  0.8015                      -4.7727274
                   0.805                      -4.4184196
                  0.8085                      -4.0845237
                   0.812                      -3.7775668
                  0.8155                      -3.4984772
                   0.819                      -3.2453706
                  0.8225                      -3.0153833
                   0.826                      -2.8056876
                  0.8295                      -2.6139721
                   0.833                      -2.4385841
                  0.8365                      -2.2783968
                    0.84                      -2.1325444
                  0.8435                      -2.0002064
                   0.847                      -1.8804257
                  0.8505                      -1.7720534
                   0.854                      -1.6737513
                  0.8575                      -1.5840856
                   0.861                      -1.5016332
                  0.8645                      -1.4250852
                   0.868                      -1.3533668
                  0.8715                       -1.285677
                   0.875                       -1.221511
                  0.8785                       -1.160649
                   0.882                      -1.1030658
                  0.8855                      -1.0488527
                   0.889                     -0.99811653
                  0.8925                      -0.9509103
                   0.896                     -0.90719316
                  0.8995                     -0.86681719
                   0.903                     -0.82953902
                  0.9065                      -0.7950534
                    0.91                     -0.76303972
                  0.9135                       -0.733188
                   0.917                      -0.7052443
                  0.9205                     -0.67901875
                   0.924                     -0.65440302
                  0.9275                      -0.6313578
                   0.931                     -0.60990145
                  0.9345                     -0.59008484
                   0.938                     -0.57196783
                  0.9415                     -0.55559547
                   0.945                     -0.54097739
                  0.9485                     -0.52808224
                   0.952                     -0.51683423
                  0.9555                     -0.50711208
                   0.959                     -0.49876123
                  0.9625                     -0.49159911
                   0.966                     -0.48543223
                  0.9695                     -0.48006351
                   0.973                     -0.47530746
                  0.9765                     -0.47100308
                    0.98                     -0.46701846
                  0.9835                     -0.46326157
                   0.987                     -0.45967524
                  0.9905                     -0.45623015
                   0.994                     -0.45291114
                  0.9975                     -0.44969947
                   1.001                     -0.44655513
                  1.0045                     -0.44340542
                   1.008                     -0.44013621
                  1.0115                     -0.43659535
                   1.015                     -0.43260209
                  1.0185                     -0.42796211
                   1.022                     -0.42248391
                  1.0255                     -0.41599162
                   1.029                     -0.40832523
                  1.0325                     -0.39932606
                   1.036                     -0.38879789
                  1.0395                     -0.37644063
                   1.043                     -0.36174203
                  1.0465                     -0.34379972
                    1.05                      -0.3209968
                  1.0535                     -0.29034471
                   1.057                     -0.24601131
                  1.0605                     -0.17613326
                   1.064                    -0.066631218
                  1.0675                     -0.37973254
                   1.071                      -1.2996736
                  1.0745                     -0.89046814
                   1.078                     -0.72190788
                  1.0815                     -0.63839582
                   1.085                     -0.58847579
                  1.0885                     -0.55486651
                   1.092                     -0.53044256
                  1.0955                     -0.51180218
                   1.099                     -0.49713016
                  1.1025                     -0.48535638
                   1.106                     -0.47578208
                  1.1095                     -0.46790247
                   1.113                     -0.46131969
                  1.1165                     -0.45570494
                    1.12                     -0.45078335
                  1.1235                     -0.44633403
                   1.127                     -0.44219411
                  1.1305                     -0.43826399
                   1.134                     -0.43450585
                  1.1375                     -0.43093805
                   1.141                      -0.4276214
                  1.1445                     -0.42464185
                   1.148                      -0.4220891
                  1.1515                     -0.42003713
                   1.155                     -0.41852875
                  1.1585                     -0.41756503
                   1.162                     -0.41710321
                  1.1655                     -0.41706105
                   1.169                     -0.41732659
                  1.1725                     -0.41777439
                   1.176                     -0.41828259
                  1.1795                      -0.4187493
                   1.183                     -0.41910679
                  1.1865                     -0.41932867
                    1.19                      -0.4194322
                  1.1935                     -0.41947239
                   1.197                     -0.41953361
                  1.2005                      -0.4197189
                   1.204                     -0.42013617
                  1.2075                     -0.42088373
                   1.211                     -0.42203375
                  1.2145                     -0.42361511
                   1.218                     -0.42560205
                  1.2215                     -0.42791348
                   1.225                     -0.43042643
                  1.2285                     -0.43300352
                   1.232                     -0.43552626
                  1.2355                     -0.43792918
                   1.239                     -0.44022695
                  1.2425                     -0.44252903
                   1.246                     -0.44504142
                  1.2495                     -0.44805208
                   1.253                     -0.45191034
                  1.2565                     -0.45699781
                    1.26                      -0.4636998
                  1.2635                     -0.47237723
                   1.267                     -0.48333682
                  1.2705                     -0.49680542
                   1.274                     -0.51289611
                  1.2775                     -0.53157634
                   1.281                     -0.55263372
                  1.2845                     -0.57564032
                   1.288                     -0.59994136
                  1.2915                     -0.62467043
                   1.295                     -0.64880498
                  1.2985                     -0.67128202
                   1.302                     -0.69113785
                  1.3055                     -0.70767055
                   1.309                     -0.72055184
                  1.3125                     -0.72987387
                   1.316                     -0.73610869
                  1.3195                     -0.74000124
                   1.323                     -0.74243187
                  1.3265                     -0.74428446
                    1.33                      -0.7463455
                  1.3335                     -0.74924256
                   1.337                     -0.75341638
                  1.3405                      -0.7591256
                   1.344                     -0.76646067
                  1.3475                     -0.77537408
                   1.351                     -0.78571268
                  1.3545                     -0.79725439
                   1.358                     -0.80974629
                  1.3615                     -0.82293876
                   1.365                     -0.83661773
                  1.3685                     -0.85062972
                   1.372                     -0.86489609
                  1.3755                     -0.87941878
                   1.379                     -0.89427595
                  1.3825                     -0.90961326
                   1.386                     -0.92563307
                  1.3895                     -0.94258098
                   1.393                     -0.96074122
                  1.3965                     -0.98042633
                     1.4                      -1.0019722
                  1.4035                      -1.0257357
                   1.407                      -1.0520795
                  1.4105                      -1.0813638
                   1.414                      -1.1139137
                  1.4175                      -1.1499869
                   1.421                      -1.1897237
                  1.4245                      -1.2330733
                   1.428                      -1.2797344
                  1.4315                      -1.3290914
                   1.435                      -1.3801872
                  1.4385                      -1.4317678
                   1.442                      -1.4823833
                  1.4455                      -1.5305894
                   1.449                      -1.5751622
                  1.4525                      -1.6153075
                   1.456                      -1.6508029
                  1.4595                      -1.6820138
                   1.463                      -1.7098205
                  1.4665                      -1.7354742
                    1.47                      -1.7604157
                  1.4735                      -1.7861153
                   1.477                      -1.8139385
                  1.4805                      -1.8450542
                   1.484                      -1.8803631
                  1.4875                      -1.9204594
                   1.491                      -1.9655998
                  1.4945                      -2.0157147
                   1.498                      -2.0704311
                  1.5015                      -2.1291453
                   1.505                      -2.1911224
                  1.5085                      -2.2556239
                   1.512                      -2.3220522
                  1.5155                      -2.3900565
                   1.519                      -2.4596103
                  1.5225                      -2.5310262
                   1.526                      -2.6049197
                  1.5295                      -2.6820995
                   1.533                      -2.7634739
                  1.5365                      -2.8498932
                    1.54                      -2.9420487
                  1.5435                      -3.0403636
                   1.547                      -3.1449508
                  1.5505                      -3.2556093
                   1.554                      -3.3718747
                  1.5575                      -3.4931443
                   1.561                      -3.6188282
                  1.5645                      -3.7484822
                   1.568                      -3.8819781
                  1.5715                      -4.0195649
                   1.575                      -4.1618642
                  1.5785                       -4.309838
                   1.582                      -4.4646141
                  1.5855                      -4.6273415
                   1.589                      -4.7989963
                  1.5925                      -4.9802069
                   1.596                      -5.1711692
                  1.5995                      -5.3715557
                   1.603                      -5.5805884
                  1.6065                      -5.7971588
                    1.61                      -6.0200285
                  1.6135                       -6.248052
                   1.617                      -6.4804491
                  1.6205                      -6.7168291
                   1.624                      -6.9573321
                  1.6275                      -7.2024454
                   1.631                      -7.4528349
                  1.6345                      -7.7090197
                   1.638                      -7.9710785
                  1.6415                      -8.2383918
                   1.645                      -8.5094815
                  1.6485                      -8.7819572
                   1.652                       -9.052764
                  1.6555                      -9.3183491
                   1.659                      -9.5752678
                  1.6625                      -9.8204809
                   1.666                      -10.051799
                  1.6695                      -10.268072
                   1.673                      -10.469064
                  1.6765                      -10.655278
                    1.68                       -10.82758
                  1.6835                      -10.986787
                   1.687                      -11.133395
                  1.6905                      -11.267434
                   1.694                       -11.38854
                  1.6975                      -11.496095
                   1.701                      -11.589596
                  1.7045                      -11.668957
                   1.708                      -11.734724
                  1.7115                      -11.788238
                   1.715                      -11.831572
                  1.7185                      -11.867288
                   1.722                      -11.898253
                  1.7255                      -11.927228
                   1.729                      -11.956676
                  1.7325                      -11.988558
                   1.736                      -12.024183
                  1.7395                       -12.06427
                   1.743                      -12.109004
                  1.7465                      -12.158154
                    1.75                      -12.211312
                  1.7535                      -12.268022
                   1.757                      -12.327963
                  1.7605                        -12.3911
                   1.764                      -12.457677
                  1.7675                      -12.528242
                   1.771                      -12.603558
                  1.7745                      -12.684435
                   1.778                       -12.77164
                  1.7815                      -12.865668
                   1.785                      -12.966661
                  1.7885                      -13.074329
                   1.792                      -13.187874
                  1.7955                      -13.306064
                   1.799                      -13.427263
                  1.8025                      -13.549593
                   1.806                      -13.671064
                  1.8095                      -13.789789
                   1.813                       -13.90412
                  1.8165                      -14.012859
                    1.82                      -14.115324
                  1.8235                      -14.211377
                   1.827                      -14.301374
                  1.8305                      -14.386041
                   1.834                      -14.466213
                  1.8375                      -14.542692
                   1.841                      -14.616031
                  1.8445                       -14.68632
                   1.848                      -14.753171
                  1.8515                       -14.81568
                   1.855                      -14.872463
                  1.8585                      -14.921851
                   1.862                      -14.962056
                  1.8655                       -14.99139
                   1.869                      -15.008451
                  1.8725                      -15.012417
                   1.876                      -15.003012
                  1.8795                       -14.98063
                   1.883                      -14.946244
                  1.8865                      -14.901225
                    1.89                      -14.847182
                  1.8935                      -14.785729
                   1.897                      -14.718254
                  1.9005                      -14.645794
                   1.904                      -14.568882
                  1.9075                       -14.48767
                   1.911                      -14.401808
                  1.9145                      -14.310742
                   1.918                      -14.213846
                  1.9215                      -14.110619
                   1.925                      -14.000858
                  1.9285                      -13.884827
                   1.932                      -13.763248
                  1.9355                      -13.637284
                   1.939                      -13.508361
                  1.9425                      -13.377987
                   1.946                      -13.247621
                  1.9495                      -13.118384
                   1.953                      -12.990997
                  1.9565                      -12.865651
                    1.96                      -12.742129
                  1.9635                      -12.619748
                   1.967                      -12.497654
                  1.9705                      -12.374944
                   1.974                      -12.250863
                  1.9775                      -12.124962
                   1.981                      -11.997199
                  1.9845                      -11.867956
                   1.988                      -11.737965
                  1.9915                      -11.608161
                   1.995                      -11.479553
                  1.9985                      -11.353061
                   2.002                      -11.229309
                  2.0055                      -11.108634
                   2.009                      -10.990954
                  2.0125                      -10.875856
                   2.016                      -10.762666
                  2.0195                      -10.650629
                   2.023                      -10.538995
                  2.0265                       -10.42719
                    2.03                      -10.314954
                  2.0335                      -10.202287
                   2.037                      -10.089524
                  2.0405                      -9.9772503
                   2.044                      -9.8661751
                  2.0475                      -9.7569948
                   2.051                      -9.6502822
                  2.0545                      -9.5464217
                   2.058                      -9.4455118
                  2.0615                       -9.347371
                   2.065                      -9.2515897
                  2.0685                      -9.1576204
                   2.072                      -9.0648775
                  2.0755                      -8.9727937
                   2.079                      -8.8810217
                  2.0825                      -8.7894265
                   2.086                      -8.6980656
                  2.0895                      -8.6072696
                   2.093                      -8.5174674
                  2.0965                      -8.4291702
                     2.1                      -8.3428752
                  2.1035                      -8.2589317
                   2.107                      -8.1775506
                  2.1105                       -8.098713
                   2.114                      -8.0222288
                  2.1175                      -7.9477297
                   2.121                      -7.8747852
                  2.1245                       -7.802963
                   2.128                      -7.7319003
                  2.1315                      -7.6613681
                   2.135                      -7.5913085
                  2.1385                      -7.5218308
                   2.142                      -7.4531635
                  2.1455                      -7.3856412
                   2.149                      -7.3196154
                  2.1525                      -7.2554175
                   2.156                      -7.1932783
                  2.1595                      -7.1332901
                   2.163                      -7.0754266
                  2.1665                      -7.0195327
                    2.17                      -6.9653683
                  2.1735                      -6.9126746
                   2.177                      -6.8611804
                  2.1805                      -6.8106989
                   2.184                      -6.7611422
                  2.1875                      -6.7124918
                   2.191                      -6.6648553
                  2.1945                      -6.6183934
                   2.198                      -6.5733442
                  2.2015                      -6.5299706
                   2.205                      -6.4885543
                  2.2085                      -6.4493849
                   2.212                      -6.4127751
                  2.2155                      -6.3790617
                   2.219                      -6.3486475
                  2.2225                      -6.3220215
                   2.226                      -6.2997481
                  2.2295                      -6.2824517
                   2.233                      -6.2707985
                  2.2365                      -6.2653613
                    2.24                      -6.2665587
                  2.2435                      -6.2745136
                   2.247                      -6.2889395
                  2.2505                      -6.3090512
                   2.254                      -6.3335707
                  2.2575                      -6.3607141
                   2.261                      -6.3883373
                  2.2645                      -6.4141187
                   2.268                      -6.4357328
                  2.2715                      -6.4511997
                   2.275                      -6.4590222
                  2.2785                      -6.4584426
                   2.282                      -6.4494506
                  2.2855                      -6.4328249
                   2.289                      -6.4099635
                  2.2925                       -6.382716
                   2.296                      -6.3531707
                  2.2995                      -6.3233796
                   2.303                      -6.2951844
                  2.3065                      -6.2700397
                    2.31                      -6.2489157
                  2.3135                      -6.2322935
                   2.317                      -6.2201398
                  2.3205                      -6.2120071
                   2.324                      -6.2072263
                  2.3275                      -6.2049337
                   2.331                        -6.20435
                  2.3345                      -6.2048203
                   2.338                      -6.2059648
                  2.3415                      -6.2077328
                   2.345                      -6.2104125
                  2.3485                      -6.2145562
                   2.352                      -6.2209243
                  2.3555                      -6.2303834
                   2.359                      -6.2437837
                  2.3625                      -6.2618635
                   2.366                      -6.2852093
                  2.3695                       -6.314218
                   2.373                       -6.349029
                  2.3765                       -6.389628
                    2.38                       -6.435762
                  2.3835                      -6.4870173
                   2.387                      -6.5428644
                  2.3905                      -6.6026415
                   2.394                      -6.6656435
                  2.3975                      -6.7311307
                   2.401                       -6.798407
                  2.4045                      -6.8667268
                   2.408                       -6.935342
                  2.4115                       -7.003347
                   2.415                      -7.0697301
                  2.4185                      -7.1333931
                   2.422                      -7.1932315
                  2.4255                      -7.2483074
                   2.429                      -7.2980375
                  2.4325                      -7.3423279
                   2.436                      -7.3816788
                  2.4395                      -7.4171552
                   2.443                      -7.4503561
                  2.4465                      -7.4831427
                    2.45                      -7.5174941
                  2.4535                      -7.5552365
                   2.457                      -7.5978396
                  2.4605                      -7.6463056
                   2.464                      -7.7010518
                  2.4675                      -7.7618678
                   2.471                      -7.8280914
                  2.4745                      -7.8986501
                   2.478                      -7.9723591
                  2.4815                      -8.0480635
                   2.485                      -8.1248014
                  2.4885                      -8.2021061
                   2.492                      -8.2798979
                  2.4955                      -8.3586151
                   2.499                      -8.4391139
                  2.5025                      -8.5224676
                   2.506                       -8.609886
                  2.5095                      -8.7023577
                   2.513                      -8.8006484
                  2.5165                      -8.9051045
                    2.52                      -9.0155453
                  2.5235                      -9.1314944
                   2.527                       -9.251999
                  2.5305                      -9.3759957
                   2.534                      -9.5024719
                  2.5375                      -9.6305969
                   2.541                      -9.7599694
                  2.5445                      -9.8906596
                   2.548                      -10.023357
                  2.5515                      -10.159222
                   2.555                      -10.299824
                  2.5585                      -10.446874
                   2.562                      -10.602047
                  2.5655                      -10.766624
                   2.569                      -10.941278
                  2.5725                      -11.125969
                   2.576                      -11.319705
                  2.5795                      -11.520545
                   2.583                       -11.72575
                  2.5865                      -11.931844
                    2.59                       -12.13491
                  2.5935                       -12.33103
                   2.597                      -12.516407
                  2.6005                      -12.687813
                   2.604                      -12.842663
                  2.6075                      -12.979085
                   2.611                      -13.095796
                  2.6145                      -13.191896
                   2.618                      -13.266777
                  2.6215                      -13.319768
                   2.625                      -13.350115
                  2.6285                      -13.356901
                   2.632                      -13.339146
                  2.6355                      -13.295781
                   2.639                       -13.22606
                  2.6425                      -13.129575
                   2.646                      -13.006478
                  2.6495                      -12.857761
                   2.653                       -12.68543
                  2.6565                       -12.49234
                    2.66                      -12.281991
                  2.6635                      -12.058461
                   2.667                      -11.825899
                  2.6705                      -11.588389
                   2.674                      -11.349347
                  2.6775                      -11.111778
                   2.681                      -10.877509
                  2.6845                      -10.647853
                   2.688                      -10.423048
                  2.6915                      -10.202812
                   2.695                      -9.9862056
                  2.6985                      -9.7722414
                   2.702                      -9.5597438
                  2.7055                      -9.3479075
                   2.709                      -9.1362911
                  2.7125                      -8.9249925
                   2.716                      -8.7145691
                  2.7195                      -8.5058214
                   2.723                      -8.2998425
                  2.7265                      -8.0975785
                    2.73                      -7.8998911
                  2.7335                      -7.7072298
                   2.737                      -7.5196655
                  2.7405                      -7.3369089
                   2.744                      -7.1583139
                  2.7475                      -6.9832162
                   2.751                      -6.8109836
                  2.7545                      -6.6412134
                   2.758                      -6.4739629
                  2.7615                      -6.3096297
                   2.765                      -6.1491021
                  2.7685                      -5.9934615
                   2.772                      -5.8438058
                  2.7755                      -5.7012179
                   2.779                      -5.5663511
                  2.7825                      -5.4394827
                   2.786                      -5.3204016
                  2.7895                      -5.2083744
                   2.793                      -5.1022321
                  2.7965                      -5.0006525
                     2.8                      -4.9021376
                  2.8035                      -4.8053541
                   2.807                      -4.7091744
                  2.8105                      -4.6129562
                   2.814                      -4.5164192
                  2.8175                      -4.4197394
                   2.821                      -4.3234586
                  2.8245                      -4.2283072
                   2.828                      -4.1350942
                  2.8315                      -4.0445335
                   2.835                       -3.957146
                  2.8385                      -3.8731158
                   2.842                      -3.7923295
                  2.8455                      -3.7144129
                   2.849                      -3.6387806
                  2.8525                      -3.5648322
                   2.856                      -3.4920085
                  2.8595                      -3.4199169
                   2.863                      -3.3484349
                  2.8665                      -3.2776949
                    2.87                      -3.2080398
                  2.8735                       -3.139921
                   2.877                      -3.0738806
                  2.8805                      -3.0103615
                   2.884                      -2.9496581
                  2.8875                      -2.8918405
                   2.891                        -2.83676
                  2.8945                      -2.7839994
                   2.898                      -2.7330659
                  2.9015                       -2.683374
                   2.905                      -2.6344031
                  2.9085                      -2.5857332
                   2.912                      -2.5371778
                  2.9155                      -2.4887533
                   2.919                      -2.4406518
                  2.9225                      -2.3932619
                   2.926                      -2.3469913
                  2.9295                      -2.3022764
                   2.933                      -2.2594402
                  2.9365                      -2.2186433
                    2.94                      -2.1798796
                  2.9435                      -2.1429387
                   2.947                        -2.10747
                  2.9505                      -2.0730574
                   2.954                      -2.0392679
                  2.9575                      -2.0057727
                   2.961                      -1.9723483
                  2.9645                      -1.9389698
                   2.968                      -1.9057511
                  2.9715                      -1.8729582
                   2.975                      -1.8409261
                  2.9785                      -1.8100259
                   2.982                      -1.7805566
                  2.9855                      -1.7527278
                   2.989                      -1.7265932
                  2.9925                      -1.7020497
                   2.996                      -1.6788645
                  2.9995                      -1.6567043
                   3.003                      -1.6352116
                  3.0065                      -1.6140363
                    3.01                      -1.5929187
                  3.0135                      -1.5717186
                   3.017                      -1.5504085
                  3.0205                      -1.5290954
                   3.024                      -1.5079582
                  3.0275                      -1.4872326
                   3.031                      -1.4671326
                  3.0345                      -1.4478223
                   3.038                      -1.4293706
                  3.0415                      -1.4117405
                   3.045                      -1.3947929
                  3.0485                      -1.3783109
                   3.052                      -1.3620512
                  3.0555                      -1.3457956
                   3.059                      -1.3293661
                  3.0625                      -1.3126963
                   3.066                      -1.2958219
                  3.0695                      -1.2788667
                   3.073                      -1.2620406
                  3.0765                      -1.2455792
                    3.08                       -1.229713
                  3.0835                      -1.2146234
                   3.087                      -1.2004111
                  3.0905                      -1.1870878
                   3.094                      -1.1745463
                  3.0975                      -1.1626198
                   3.101                      -1.1510907
                  3.1045                      -1.1397337
                   3.108                      -1.1283658
                  3.1115                      -1.1168705
                   3.115                      -1.1052091
                  3.1185                      -1.0934456
                   3.122                      -1.0817097
                  3.1255                      -1.0701795
                   3.129                      -1.0590456
                  3.1325                      -1.0484787
                   3.136                      -1.0385979
                  3.1395                      -1.0294371
                   3.143                      -1.0209565
                  3.1465                      -1.0130309
                    3.15                      -1.0054848
                  3.1535                     -0.99810892
                   3.157                     -0.99070472
                  3.1605                     -0.98310283
                   3.164                     -0.97519465
                  3.1675                     -0.96692021
                   3.171                     -0.95828374
                  3.1745                     -0.94933288
                   3.178                     -0.94013539
                  3.1815                     -0.93075453
                   3.185                     -0.92122742
                  3.1885                     -0.91155325
                   3.192                     -0.90168987
                  3.1955                      -0.8915503
                   3.199                      -0.8810359
                  3.2025                     -0.87005914
                   3.206                     -0.85856699
                  3.2095                     -0.84657399
                   3.213                     -0.83417646
                  3.2165                     -0.82153753
                    3.22                     -0.80889244
                  3.2235                      -0.7964995
                   3.227                     -0.78462542
                  3.2305                     -0.77350061
                   3.234                      -0.7632961
                  3.2375                     -0.75409206
                   3.241                     -0.74587843
                  3.2445                     -0.73856376
                   3.248                     -0.73197733
                  3.2515                     -0.72592193
                   3.255                     -0.72018154
                  3.2585                     -0.71457467
                   3.262                     -0.70896872
                  3.2655                       -0.703295
                   3.269                     -0.69755735
                  3.2725                     -0.69182272
                   3.276                     -0.68619927
                  3.2795                     -0.68081573
                   3.283                     -0.67579079
                  3.2865                     -0.67121156
                    3.29                     -0.66711396
                  3.2935                     -0.66347669
                   3.297                     -0.66022448
                  3.3005                     -0.65723992
                   3.304                     -0.65438696
                  3.3075                     -0.65153606
                   3.311                     -0.64858383
                  3.3145                     -0.64546783
                   3.318                     -0.64218246
                  3.3215                     -0.63876461
                   3.325                     -0.63530124
                  3.3285                     -0.63189006
                   3.332                     -0.62863975
                  3.3355                     -0.62563272
                   3.339                     -0.62291595
                  3.3425                     -0.62048798
                   3.346                     -0.61829916
                  3.3495                     -0.61625692
                   3.353                     -0.61424632
                  3.3565                      -0.6121508
                    3.36                     -0.60987335
                  3.3635                     -0.60735339
                   3.367                     -0.60458039
                  3.3705                     -0.60159359
                   3.374                     -0.59847768
                  3.3775                     -0.59534466
                   3.381                     -0.59232098
                  3.3845                     -0.58951778
                   3.388                     -0.58701346
                  3.3915                     -0.58484786
                   3.395                     -0.58300914
                  3.3985                     -0.58143809
                   3.402                     -0.58004292
                  3.4055                      -0.5787154
                   3.409                     -0.57735409
                  3.4125                     -0.57587551
                   3.416                     -0.57423944
                  3.4195                     -0.57244438
                   3.423                     -0.57053425
                  3.4265                     -0.56858781
                    3.43                     -0.56670163
                  3.4335                     -0.56497695
                   3.437                     -0.56349621
                  3.4405                     -0.56231074
                   3.444                     -0.56143126
                  3.4475                     -0.56082413
                   3.451                     -0.56042253
                  3.4545                     -0.56013502
                   3.458                     -0.55986391
                  3.4615                     -0.55952609
                   3.465                     -0.55906191
                  3.4685                     -0.55845372
                   3.472                     -0.55772015
                  3.4755                     -0.55692004
                   3.479                     -0.55613492
                  3.4825                     -0.55545859
                   3.486                     -0.55498032
                  3.4895                     -0.55476395
                   3.493                     -0.55484596
                  3.4965                     -0.55521236
                     3.5                     -0.55582204
