Frequency    S1,1_[31770]

                     400                   -0.0083457965
                   402.6                   -0.0075310501
                   405.2                   -0.0066606493
                   407.8                   -0.0064962881
                   410.4                   -0.0073330584
                     413                   -0.0087957356
                   415.6                    -0.010084484
                   418.2                     -0.01051734
                   420.8                   -0.0099982741
                   423.4                   -0.0090860745
                     426                   -0.0086213971
                   428.6                   -0.0091618388
                   431.2                    -0.010599872
                   433.8                     -0.01222159
                   436.4                    -0.013184162
                     439                    -0.013093614
                   441.6                    -0.012280819
                   444.2                    -0.011587293
                   446.8                    -0.011804862
                   449.4                    -0.013138844
                     452                    -0.015048863
                   454.6                    -0.016597937
                   457.2                    -0.017089382
                   459.8                    -0.016553592
                   462.4                    -0.015742773
                     465                    -0.015639872
                   467.6                    -0.016800214
                   470.2                    -0.018955761
                   472.8                    -0.021162253
                   475.4                    -0.022429414
                     478                    -0.022408979
                   480.6                    -0.021656319
                   483.2                    -0.021281968
                   485.8                    -0.022222156
                   488.4                    -0.024593358
                     491                    -0.027562417
                   493.6                    -0.029874122
                   496.2                    -0.030714752
                   498.8                    -0.030304231
                   501.4                    -0.029790481
                     504                    -0.030516385
                   506.6                    -0.033122119
                   509.2                    -0.037047589
                   511.8                    -0.040831951
                   514.4                     -0.04309055
                     517                    -0.043513647
                   519.6                    -0.043153373
                   522.2                    -0.043793593
                   524.8                    -0.046795859
                   527.4                    -0.052122186
                     530                    -0.058209654
                   532.6                    -0.062947563
                   535.2                    -0.065183053
                   537.8                    -0.065657423
                   540.4                    -0.066674466
                     543                    -0.070697283
                   545.6                    -0.078677352
                   548.2                    -0.089155924
                   550.8                    -0.098992005
                   553.4                     -0.10555028
                     556                     -0.10885495
                   558.6                     -0.11203425
                   561.2                     -0.11971801
                   563.8                     -0.13518538
                   566.4                     -0.15773003
                     569                     -0.18233201
                   571.6                     -0.20306135
                   574.2                     -0.21845877
                   576.8                      -0.2348104
                   579.4                     -0.26497297
                     582                     -0.32242354
                   584.6                     -0.41004834
                   587.2                     -0.50898277
                   589.8                     -0.58423998
                   592.4                     -0.61020968
                     595                     -0.58621857
                   597.6                     -0.52770743
                   600.2                     -0.45277674
                   602.8                     -0.37716089
                   605.4                      -0.3143241
                     608                     -0.27483355
                   610.6                      -0.2631657
                   613.2                     -0.27471711
                   615.8                     -0.29754202
                   618.4                     -0.31915512
                     621                     -0.33331058
                   623.6                     -0.34201102
                   626.2                      -0.3526509
                   628.8                     -0.37290773
                   631.4                     -0.40604203
                     634                     -0.44895104
                   636.6                     -0.49448255
                   639.2                      -0.5367066
                   641.8                     -0.57521371
                   644.4                     -0.61546933
                     647                     -0.66544812
                   649.6                     -0.73078161
                   652.2                      -0.8112567
                   654.8                     -0.90113276
                   657.4                     -0.99371628
                     660                      -1.0870009
                   662.6                      -1.1860576
                   665.2                      -1.3006763
                   667.8                      -1.4398957
                   670.4                       -1.606653
                     673                      -1.7963131
                   675.6                      -2.0009865
                   678.2                      -2.2172018
                   680.8                       -2.450991
                   683.4                      -2.7163563
                     686                      -3.0282535
                   688.6                      -3.3942234
                   691.2                      -3.8104974
                   693.8                      -4.2667333
                   696.4                      -4.7575267
                     699                      -5.2919192
                   701.6                      -5.8927525
                   704.2                      -6.5861665
                   706.8                      -7.3876838
                   709.4                       -8.294389
                     712                      -9.2913127
                   714.6                       -10.37133
                   717.2                      -11.554479
                   719.8                       -12.88875
                   722.4                      -14.423773
                     725                      -16.155594
                   727.6                      -17.933835
                   730.2                      -19.365889
                   732.8                      -19.958706
                   735.4                      -19.609273
                     738                      -18.660641
                   740.6                      -17.463803
                   743.2                      -16.225576
                   745.8                      -15.063686
                   748.4                      -14.041214
                     751                      -13.175816
                   753.6                      -12.451243
                   756.2                      -11.834055
                   758.8                      -11.290868
                   761.4                      -10.800627
                     764                      -10.357515
                   766.6                      -9.9650638
                   769.2                      -9.6265637
                   771.8                      -9.3387017
                   774.4                      -9.0913967
                     777                      -8.8722043
                   779.6                      -8.6720155
                   782.2                      -8.4882511
                   784.8                      -8.3237611
                   787.4                      -8.1825564
                     790                       -8.065622
                   792.6                      -7.9694598
                   795.2                      -7.8877836
                   797.8                      -7.8149568
                   800.4                      -7.7488457
                     803                      -7.6911688
                   805.6                      -7.6453461
                   808.2                      -7.6134324
                   810.8                      -7.5943304
                   813.4                       -7.584235
                     816                      -7.5789298
                   818.6                      -7.5762187
                   821.2                      -7.5769426
                   823.8                      -7.5838537
                   826.4                       -7.599251
                     829                       -7.623116
                   831.6                       -7.652864
                   834.2                      -7.6849358
                   836.8                      -7.7169773
                   839.4                      -7.7491656
                     842                      -7.7837135
                   844.6                      -7.8229554
                   847.2                      -7.8674239
                   849.8                      -7.9152306
                   852.4                       -7.963155
                     855                      -8.0086837
                   857.6                       -8.051495
                   860.2                      -8.0934248
                   862.8                      -8.1368284
                   865.4                      -8.1826577
                     868                       -8.229518
                   870.6                      -8.2744616
                   873.2                      -8.3148816
                   875.8                      -8.3501649
                   878.4                      -8.3819191
                     881                      -8.4126143
                   883.6                      -8.4436033
                   886.2                      -8.4740073
                   888.8                      -8.5012327
                   891.4                       -8.522708
                     894                        -8.53767
                   896.6                      -8.5476025
                   899.2                      -8.5550922
                   901.8                      -8.5619032
                   904.4                      -8.5676914
                     907                      -8.5702713
                   909.6                      -8.5671959
                   912.2                      -8.5575549
                   914.8                      -8.5426057
                   917.4                       -8.524928
                     920                      -8.5065503
                   922.6                      -8.4875946
                   925.2                       -8.466258
                   927.8                      -8.4401676
                   930.4                      -8.4081449
                     933                      -8.3710345
                   935.6                      -8.3311381
                   938.2                      -8.2905475
                   940.8                      -8.2496956
                   943.4                       -8.207097
                     946                      -8.1603959
                   948.6                       -8.108008
                   951.2                      -8.0501926
                   953.8                      -7.9887275
                   956.4                       -7.925552
                     959                      -7.8612587
                   961.6                      -7.7945877
                   964.2                      -7.7231411
                   966.8                      -7.6448896
                   969.4                      -7.5593435
                     972                      -7.4675837
                   974.6                       -7.371136
                   977.2                      -7.2705492
                   979.8                      -7.1646228
                   982.4                      -7.0508385
                     985                      -6.9266599
                   987.6                      -6.7907693
                   990.2                      -6.6433928
                   992.8                      -6.4854555
                   995.4                      -6.3172991
                     998                       -6.137779
                  1000.6                      -5.9445503
                  1003.2                      -5.7352564
                  1005.8                        -5.50893
                  1008.4                       -5.266752
                    1011                      -5.0117369
                  1013.6                      -4.7480106
                  1016.2                      -4.4803968
                  1018.8                      -4.2151491
                  1021.4                      -3.9614286
                    1024                      -3.7324923
                  1026.6                       -3.545118
                  1029.2                         -3.4166
                  1031.8                      -3.3600986
                  1034.4                      -3.3804739
                    1037                      -3.4726511
                  1039.6                      -3.6229717
                  1042.2                      -3.8125238
                  1044.8                      -4.0209871
                  1047.4                      -4.2299527
                    1050                      -4.4251569
                  1052.6                      -4.5972913
                  1055.2                      -4.7414554
                  1057.8                      -4.8558419
                  1060.4                       -4.940474
                    1063                      -4.9965367
                  1065.6                      -5.0262428
                  1068.2                      -5.0327434
                  1070.8                      -5.0197283
                  1073.4                      -4.9906914
                    1076                      -4.9483107
                  1078.6                      -4.8942858
                  1081.2                      -4.8297763
                  1083.8                      -4.7560608
                  1086.4                      -4.6749262
                    1089                      -4.5885259
                  1091.6                      -4.4988003
                  1094.2                      -4.4068954
                  1096.8                      -4.3130797
                  1099.4                      -4.2171699
                    1102                      -4.1192174
                  1104.6                      -4.0199211
                  1107.2                       -3.920537
                  1109.8                      -3.8223222
                  1112.4                      -3.7259152
                    1115                      -3.6311395
                  1117.6                      -3.5373451
                  1120.2                      -3.4440695
                  1122.8                      -3.3515205
                  1125.4                      -3.2605788
                    1128                      -3.1722981
                  1130.6                      -3.0872596
                  1133.2                      -3.0052489
                  1135.8                      -2.9254898
                  1138.4                      -2.8472628
                    1141                      -2.7704958
                  1143.6                      -2.6959008
                  1146.2                      -2.6245491
                  1148.8                      -2.5571975
                  1151.4                      -2.4938252
                    1154                      -2.4337367
                  1156.6                      -2.3761427
                  1159.2                      -2.3208767
                  1161.8                      -2.2687326
                  1164.4                      -2.2211579
                    1167                      -2.1795369
                  1169.6                      -2.1445534
                  1172.2                      -2.1161197
                  1174.8                      -2.0939776
                  1177.4                      -2.0786279
                    1180                      -2.0719583
                  1182.6                      -2.0770355
                  1185.2                      -2.0969773
                  1187.8                      -2.1333054
                  1190.4                      -2.1843941
                    1193                      -2.2443138
                  1195.6                      -2.3023712
                  1198.2                      -2.3438658
                  1200.8                       -2.352869
                  1203.4                      -2.3175211
                    1206                       -2.235931
                  1208.6                      -2.1182886
                  1211.2                      -1.9825104
                  1213.8                      -1.8462728
                  1216.4                      -1.7210707
                    1219                      -1.6111355
                  1221.6                      -1.5157604
                  1224.2                      -1.4323409
                  1226.8                      -1.3584961
                  1229.4                      -1.2928025
                    1232                      -1.2345353
                  1234.6                      -1.1830492
                  1237.2                      -1.1373853
                  1239.8                      -1.0963002
                  1242.4                      -1.0585884
                    1245                      -1.0234184
                  1247.6                     -0.99044929
                  1250.2                     -0.95967249
                  1252.8                     -0.93113609
                  1255.4                     -0.90471483
                    1258                     -0.88007071
                  1260.6                     -0.85677872
                  1263.2                     -0.83451519
                  1265.8                     -0.81317368
                  1268.4                     -0.79283523
                    1271                     -0.77363644
                  1273.6                     -0.75563549
                  1276.2                      -0.7387443
                  1278.8                     -0.72277267
                  1281.4                      -0.7075251
                    1284                     -0.69288309
                  1286.6                     -0.67881989
                  1289.2                     -0.66534715
                  1291.8                     -0.65244654
                  1294.4                     -0.64003066
                    1297                     -0.62796205
                  1299.6                     -0.61611682
                  1302.2                     -0.60444147
                  1304.8                     -0.59297511
                  1307.4                     -0.58181406
                    1310                     -0.57104998
                  1312.6                     -0.56071439
                  1315.2                     -0.55076892
                  1317.8                     -0.54113709
                  1320.4                      -0.5317563
                    1323                     -0.52261402
                  1325.6                     -0.51374683
                  1328.2                     -0.50520679
                  1330.8                     -0.49702053
                  1333.4                     -0.48916791
                    1336                     -0.48159309
                  1338.6                     -0.47423703
                  1341.2                     -0.46707077
                  1343.8                     -0.46010521
                  1346.4                     -0.45337634
                    1349                     -0.44691313
                  1351.6                     -0.44071717
                  1354.2                     -0.43475608
                  1356.8                     -0.42898524
                  1359.4                     -0.42337148
                    1362                     -0.41791113
                  1364.6                     -0.41262459
                  1367.2                     -0.40753985
                  1369.8                     -0.40266916
                  1372.4                     -0.39799966
                    1375                     -0.39350081
                  1377.6                     -0.38914293
                  1380.2                     -0.38491269
                  1382.8                     -0.38081911
                  1385.4                     -0.37688362
                    1388                     -0.37312344
                  1390.6                     -0.36953945
                  1393.2                     -0.36611491
                  1395.8                     -0.36282622
                  1398.4                     -0.35965807
                    1401                     -0.35661102
                  1403.6                     -0.35370025
                  1406.2                     -0.35094434
                  1408.8                      -0.3483533
                  1411.4                     -0.34592232
                    1414                     -0.34363601
                  1416.6                     -0.34147904
                  1419.2                     -0.33944497
                  1421.8                     -0.33753769
                  1424.4                     -0.33576515
                    1427                     -0.33412651
                  1429.6                     -0.33260193
                  1432.2                     -0.33115206
                  1434.8                     -0.32972543
                  1437.4                     -0.32827367
                    1440                     -0.32676492
                  1442.6                     -0.32518915
                  1445.2                     -0.32355608
                  1447.8                     -0.32188683
                  1450.4                     -0.32020617
                    1453                     -0.31853904
                  1455.6                     -0.31690918
                  1458.2                     -0.31534115
                  1460.8                     -0.31385817
                  1463.4                     -0.31247764
                    1466                     -0.31120789
                  1468.6                     -0.31004667
                  1471.2                     -0.30898403
                  1473.8                     -0.30800736
                  1476.4                     -0.30710747
                    1479                     -0.30628157
                  1481.6                     -0.30553084
                  1484.2                      -0.3048566
                  1486.8                     -0.30425651
                  1489.4                     -0.30372369
                    1492                     -0.30324813
                  1494.6                     -0.30282114
                  1497.2                     -0.30243906
                  1499.8                     -0.30210239
                  1502.4                     -0.30181502
                    1505                     -0.30157836
                  1507.6                     -0.30139002
                  1510.2                     -0.30124376
                  1512.8                     -0.30113292
                  1515.4                     -0.30105252
                    1518                     -0.30100205
                  1520.6                       -0.300985
                  1523.2                     -0.30100466
                  1525.8                     -0.30106156
                  1528.4                     -0.30115272
                    1531                     -0.30127261
                  1533.6                     -0.30141646
                  1536.2                     -0.30158193
                  1538.8                     -0.30177106
                  1541.4                     -0.30198757
                    1544                     -0.30223413
                  1546.6                     -0.30250981
                  1549.2                     -0.30281144
                  1551.8                     -0.30313366
                  1554.4                     -0.30347386
                    1557                     -0.30383216
                  1559.6                     -0.30421115
                  1562.2                     -0.30461461
                  1564.8                     -0.30504398
                  1567.4                     -0.30549761
                    1570                     -0.30597103
                  1572.6                     -0.30646069
                  1575.2                     -0.30696558
                  1577.8                      -0.3074871
                  1580.4                     -0.30802858
                    1583                     -0.30859305
                  1585.6                     -0.30918031
                  1588.2                     -0.30978754
                  1590.8                     -0.31041095
                  1593.4                     -0.31104819
                    1596                      -0.3116993
                  1598.6                     -0.31236718
                  1601.2                     -0.31305492
                  1603.8                     -0.31376403
                  1606.4                     -0.31449329
                    1609                     -0.31523961
                  1611.6                     -0.31599901
                  1614.2                      -0.3167707
                  1616.8                     -0.31755664
                  1619.4                     -0.31835988
                    1622                     -0.31918258
                  1624.6                     -0.32002519
                  1627.2                     -0.32088564
                  1629.8                     -0.32175982
                  1632.4                      -0.3226456
                    1635                     -0.32354351
                  1637.6                     -0.32445629
                  1640.2                     -0.32538699
                  1642.8                      -0.3263371
                  1645.4                     -0.32730561
                    1648                     -0.32828941
                  1650.6                     -0.32928532
                  1653.2                     -0.33029258
                  1655.8                     -0.33131272
                  1658.4                     -0.33234966
                    1661                     -0.33340605
                  1663.6                     -0.33448182
                  1666.2                     -0.33557502
                  1668.8                     -0.33668283
                  1671.4                     -0.33780316
                    1674                     -0.33893645
                  1676.6                      -0.3400864
                  1679.2                     -0.34125724
                  1681.8                     -0.34245052
                  1684.4                      -0.3436654
                    1687                     -0.34489996
                  1689.6                     -0.34615167
                  1692.2                     -0.34742077
                  1694.8                     -0.34871006
                  1697.4                     -0.35002494
                    1700                     -0.35136927
                  1702.6                     -0.35274476
                  1705.2                      -0.3541504
                  1707.8                     -0.35558477
                  1710.4                      -0.3570485
                    1713                     -0.35854513
                  1715.6                     -0.36008015
                  1718.2                     -0.36166083
                  1720.8                     -0.36329251
                  1723.4                     -0.36497802
                    1726                     -0.36671761
                  1728.6                     -0.36851409
                  1731.2                     -0.37037357
                  1733.8                     -0.37230428
                  1736.4                     -0.37431744
                    1739                     -0.37642435
                  1741.6                     -0.37863286
                  1744.2                     -0.38094997
                  1746.8                     -0.38338222
                  1749.4                     -0.38594014
                    1752                     -0.38863714
                  1754.6                     -0.39148947
                  1757.2                     -0.39451273
                  1759.8                     -0.39771826
                  1762.4                     -0.40111291
                    1765                      -0.4046984
                  1767.6                     -0.40846901
                  1770.2                     -0.41241464
                  1772.8                     -0.41651068
                  1775.4                     -0.42070862
                    1778                     -0.42492095
                  1780.6                     -0.42901265
                  1783.2                      -0.4327868
                  1785.8                     -0.43597437
                  1788.4                      -0.4382362
                    1791                     -0.43917277
                  1793.6                      -0.4383555
                  1796.2                     -0.43539413
                  1798.8                     -0.43003075
                  1801.4                     -0.42223735
                    1804                     -0.41227629
                  1806.6                     -0.40068366
                  1809.2                     -0.38817168
                  1811.8                     -0.37548565
                  1814.4                     -0.36327132
                    1817                      -0.3519948
                  1819.6                     -0.34192102
                  1822.2                     -0.33313874
                  1824.8                     -0.32560827
                  1827.4                     -0.31921339
                    1830                     -0.31380109
                  1832.6                     -0.30921168
                  1835.2                     -0.30529376
                  1837.8                     -0.30191136
                  1840.4                     -0.29894601
                    1843                     -0.29629626
                  1845.6                     -0.29387708
                  1848.2                     -0.29161859
                  1850.8                     -0.28946372
                  1853.4                     -0.28736734
                    1856                     -0.28529088
                  1858.6                     -0.28320143
                  1861.2                     -0.28107007
                  1863.8                     -0.27887218
                  1866.4                     -0.27658794
                    1869                     -0.27420204
                  1871.6                     -0.27170118
                  1874.2                     -0.26907564
                  1876.8                     -0.26631506
                  1879.4                     -0.26341011
                    1882                     -0.26035219
                  1884.6                     -0.25713663
                  1887.2                     -0.25376169
                  1889.8                     -0.25022723
                  1892.4                     -0.24653483
                    1895                     -0.24268678
                  1897.6                     -0.23868513
                  1900.2                     -0.23453381
                  1902.8                     -0.23023902
                  1905.4                     -0.22581098
                    1908                     -0.22126166
                  1910.6                     -0.21660431
                  1913.2                     -0.21185252
                  1915.8                     -0.20701968
                  1918.4                     -0.20212052
                    1921                      -0.1971719
                  1923.6                     -0.19219242
                  1926.2                       -0.187203
                  1928.8                     -0.18222461
                  1931.4                     -0.17727762
                    1934                     -0.17238121
                  1936.6                     -0.16755505
                  1939.2                     -0.16281979
                  1941.8                     -0.15819679
                  1944.4                     -0.15370838
                    1947                     -0.14937644
                  1949.6                     -0.14522139
                  1952.2                     -0.14126243
                  1954.8                     -0.13751823
                  1957.4                     -0.13400806
                    1960                     -0.13075144
                  1962.6                     -0.12776815
                  1965.2                     -0.12507759
                  1967.8                     -0.12269763
                  1970.4                     -0.12064556
                    1973                     -0.11893798
                  1975.6                     -0.11759137
                  1978.2                     -0.11662321
                  1980.8                     -0.11605096
                  1983.4                     -0.11589158
                    1986                     -0.11616096
                  1988.6                     -0.11687474
                  1991.2                      -0.1180483
                  1993.8                     -0.11969648
                  1996.4                     -0.12183455
                    1999                     -0.12447797
                  2001.6                     -0.12764144
                  2004.2                      -0.1313389
                  2006.8                     -0.13558353
                  2009.4                     -0.14038833
                    2012                     -0.14576533
                  2014.6                     -0.15172592
                  2017.2                     -0.15828057
                  2019.8                     -0.16543857
                  2022.4                      -0.1732089
                    2025                     -0.18159861
                  2027.6                     -0.19061268
                  2030.2                     -0.20025544
                  2032.8                     -0.21052874
                  2035.4                     -0.22143217
                    2038                     -0.23296273
                  2040.6                     -0.24511641
                  2043.2                     -0.25788749
                  2045.8                     -0.27126667
                  2048.4                     -0.28524219
                    2051                     -0.29979842
                  2053.6                     -0.31491682
                  2056.2                     -0.33057684
                  2058.8                     -0.34675478
                  2061.4                     -0.36342667
                    2064                     -0.38056666
                  2066.6                     -0.39814471
                  2069.2                     -0.41612712
                  2071.8                     -0.43447979
                  2074.4                     -0.45316597
                    2077                     -0.47214987
                  2079.6                      -0.4913996
                  2082.2                     -0.51088137
                  2084.8                     -0.53056241
                  2087.4                     -0.55040973
                    2090                     -0.57038927
                  2092.6                     -0.59047092
                  2095.2                     -0.61063074
                  2097.8                     -0.63084959
                  2100.4                      -0.6511155
                    2103                      -0.6714182
                  2105.6                     -0.69174804
                  2108.2                     -0.71209909
                  2110.8                     -0.73246978
                  2113.4                     -0.75286761
                    2116                     -0.77330811
                  2118.6                     -0.79381293
                  2121.2                     -0.81440654
                  2123.8                     -0.83511543
                  2126.4                     -0.85596088
                    2129                     -0.87697299
                  2131.6                     -0.89818683
                  2134.2                     -0.91964012
                  2136.8                     -0.94138291
                  2139.4                     -0.96346085
                    2142                     -0.98591257
                  2144.6                      -1.0087785
                  2147.2                      -1.0320899
                  2149.8                      -1.0558907
                  2152.4                      -1.0802205
                    2155                      -1.1051285
                  2157.6                      -1.1306633
                  2160.2                      -1.1568534
                  2162.8                      -1.1837321
                  2165.4                      -1.2113168
                    2168                      -1.2396358
                  2170.6                      -1.2687142
                  2173.2                      -1.2985863
                  2175.8                       -1.329282
                  2178.4                      -1.3608151
                    2181                      -1.3931937
                  2183.6                      -1.4264126
                  2186.2                      -1.4604722
                  2188.8                      -1.4953777
                  2191.4                      -1.5311393
                    2194                      -1.5677639
                  2196.6                      -1.6052489
                  2199.2                       -1.643571
                  2201.8                      -1.6827015
                  2204.4                      -1.7226091
                    2207                      -1.7632724
                  2209.6                      -1.8046801
                  2212.2                      -1.8468166
                  2214.8                      -1.8896548
                  2217.4                       -1.933149
                    2220                      -1.9772317
                  2222.6                      -2.0218382
                  2225.2                      -2.0669094
                  2227.8                      -2.1123918
                  2230.4                      -2.1582304
                    2233                      -2.2043467
                  2235.6                      -2.2506212
                  2238.2                      -2.2969028
                  2240.8                      -2.3430078
                  2243.4                      -2.3887434
                    2246                      -2.4339087
                  2248.6                      -2.4782817
                  2251.2                      -2.5216209
                  2253.8                      -2.5636686
                  2256.4                      -2.6041758
                    2259                      -2.6429721
                  2261.6                      -2.6800061
                  2264.2                      -2.7153805
                  2266.8                      -2.7493375
                  2269.4                      -2.7821887
                    2272                      -2.8142457
                  2274.6                      -2.8457678
                  2277.2                      -2.8769286
                  2279.8                       -2.907821
                  2282.4                      -2.9384814
                    2285                      -2.9689097
                  2287.6                      -2.9990571
                  2290.2                      -3.0288336
                  2292.8                      -3.0581106
                  2295.4                      -3.0867367
                    2298                      -3.1145767
                  2300.6                      -3.1415378
                  2303.2                      -3.1675589
                  2305.8                      -3.1926177
                  2308.4                      -3.2166849
                    2311                      -3.2397019
                  2313.6                      -3.2616043
                  2316.2                      -3.2823208
                  2318.8                      -3.3018234
                  2321.4                      -3.3201313
                    2324                      -3.3372771
                  2326.6                      -3.3533037
                  2329.2                      -3.3682314
                  2331.8                      -3.3820311
                  2334.4                      -3.3946881
                    2337                      -3.4062097
                  2339.6                      -3.4166419
                  2342.2                      -3.4260788
                  2344.8                      -3.4346164
                  2347.4                      -3.4423293
                    2350                      -3.4492754
                  2352.6                      -3.4554944
                  2355.2                      -3.4610532
                  2357.8                      -3.4660914
                  2360.4                      -3.4707937
                    2363                      -3.4754002
                  2365.6                      -3.4801561
                  2368.2                      -3.4853018
                  2370.8                      -3.4911083
                  2373.4                      -3.4978959
                    2376                       -3.506081
                  2378.6                      -3.5161963
                  2381.2                      -3.5288774
                  2383.8                      -3.5448064
                  2386.4                      -3.5646853
                    2389                      -3.5892112
                  2391.6                      -3.6190521
                  2394.2                      -3.6548226
                  2396.8                      -3.6970261
                  2399.4                      -3.7459286
                    2402                      -3.8014199
                  2404.6                      -3.8628885
                  2407.2                      -3.9291669
                  2409.8                      -3.9985656
                  2412.4                      -4.0690356
                    2415                      -4.1383848
                  2417.6                      -4.2045119
                  2420.2                      -4.2656088
                  2422.8                      -4.3202951
                  2425.4                      -4.3676742
                    2428                      -4.4073515
                  2430.6                      -4.4393802
                  2433.2                      -4.4642186
                  2435.8                      -4.4825903
                  2438.4                      -4.4953862
                    2441                      -4.5035239
                  2443.6                      -4.5078305
                  2446.2                      -4.5090292
                  2448.8                      -4.5077145
                  2451.4                      -4.5044085
                    2454                      -4.4996117
                  2456.6                      -4.4937704
                  2459.2                      -4.4872735
                  2461.8                      -4.4804267
                  2464.4                      -4.4734005
                    2467                      -4.4663034
                  2469.6                      -4.4591928
                  2472.2                      -4.4521504
                  2474.8                      -4.4452942
                  2477.4                      -4.4387532
                    2480                      -4.4326136
                  2482.6                      -4.4269142
                  2485.2                      -4.4216244
                  2487.8                      -4.4166816
                  2490.4                      -4.4120509
                    2493                      -4.4077659
                  2495.6                      -4.4038895
                  2498.2                      -4.4004909
                  2500.8                      -4.3976067
                  2503.4                      -4.3951912
                    2506                      -4.3931772
                  2508.6                      -4.3915212
                  2511.2                      -4.3902063
                  2513.8                      -4.3893135
                  2516.4                      -4.3889294
                    2519                      -4.3891178
                  2521.6                      -4.3898985
                  2524.2                      -4.3912247
                  2526.8                      -4.3930683
                  2529.4                      -4.3954552
                    2532                      -4.3984755
                  2534.6                      -4.4022839
                  2537.2                      -4.4070444
                  2539.8                      -4.4128509
                  2542.4                      -4.4197643
                    2545                      -4.4278328
                  2547.6                      -4.4371371
                  2550.2                      -4.4478664
                  2552.8                       -4.460258
                  2555.4                      -4.4745794
                    2558                      -4.4910479
                  2560.6                      -4.5097777
                  2563.2                      -4.5307978
                  2565.8                      -4.5541138
                  2568.4                      -4.5797339
                    2571                      -4.6076486
                  2573.6                      -4.6377919
                  2576.2                      -4.6699302
                  2578.8                      -4.7036044
                  2581.4                       -4.738157
                    2584                      -4.7727946
                  2586.6                      -4.8067288
                  2589.2                      -4.8392588
                  2591.8                      -4.8697989
                  2594.4                      -4.8978526
                    2597                      -4.9229778
                  2599.6                      -4.9447743
                  2602.2                      -4.9629477
                  2604.8                      -4.9773992
                  2607.4                      -4.9882465
                    2610                      -4.9958496
                  2612.6                      -5.0006689
                  2615.2                      -5.0031325
                  2617.8                      -5.0035733
                  2620.4                      -5.0021973
                    2623                      -4.9991906
                  2625.6                      -4.9948181
                  2628.2                      -4.9894505
                  2630.8                      -4.9835278
                  2633.4                      -4.9774801
                    2636                      -4.9715536
                  2638.6                      -4.9658829
                  2641.2                      -4.9604889
                  2643.8                      -4.9554253
                  2646.4                       -4.950898
                    2649                      -4.9472325
                  2651.6                      -4.9447843
                  2654.2                      -4.9438225
                  2656.8                      -4.9444117
                  2659.4                      -4.9464344
                    2662                       -4.949685
                  2664.6                      -4.9539799
                  2667.2                      -4.9591855
                  2669.8                      -4.9651585
                  2672.4                      -4.9716036
                    2675                      -4.9779378
                  2677.6                      -4.9833268
                  2680.2                      -4.9867617
                  2682.8                      -4.9873083
                  2685.4                      -4.9842635
                    2688                      -4.9772325
                  2690.6                      -4.9660703
                  2693.2                      -4.9507599
                  2695.8                      -4.9313198
                  2698.4                      -4.9078018
                    2701                      -4.8804031
                  2703.6                      -4.8494909
                  2706.2                      -4.8156626
                  2708.8                      -4.7796263
                  2711.4                      -4.7420104
                    2714                      -4.7032634
                  2716.6                      -4.6636205
                  2719.2                      -4.6231516
                  2721.8                      -4.5819683
                  2724.4                      -4.5402811
                    2727                      -4.4984141
                  2729.6                       -4.456696
                  2732.2                      -4.4153291
                  2734.8                      -4.3743253
                  2737.4                      -4.3335763
                    2740                      -4.2929493
                  2742.6                      -4.2524308
                  2745.2                      -4.2121975
                  2747.8                      -4.1724577
                  2750.4                       -4.133424
                    2753                      -4.0951342
                  2755.6                      -4.0574649
                  2758.2                      -4.0202528
                  2760.8                      -3.9833993
                  2763.4                      -3.9469367
                    2766                      -3.9110335
                  2768.6                      -3.8758159
                  2771.2                      -3.8412522
                  2773.8                      -3.8071368
                  2776.4                      -3.7731018
                    2779                      -3.7387828
                  2781.6                      -3.7039499
                  2784.2                      -3.6685194
                  2786.8                      -3.6325037
                  2789.4                      -3.5958904
                    2792                      -3.5585838
                  2794.6                      -3.5204088
                  2797.2                      -3.4812437
                  2799.8                      -3.4411368
                  2802.4                       -3.400334
                    2805                      -3.3592224
                  2807.6                      -3.3181444
                  2810.2                      -3.2773229
                  2812.8                      -3.2367767
                  2815.4                      -3.1964026
                    2818                      -3.1561594
                  2820.6                      -3.1161581
                  2823.2                      -3.0766269
                  2825.8                      -3.0378343
                  2828.4                       -2.999946
                    2831                       -2.962923
                  2833.6                      -2.9266269
                  2836.2                      -2.8908905
                  2838.8                      -2.8556986
                  2841.4                       -2.821218
                    2844                      -2.7877045
                  2846.6                      -2.7553969
                  2849.2                      -2.7243799
                  2851.8                      -2.6945737
                  2854.4                      -2.6658527
                    2857                      -2.6381803
                  2859.6                      -2.6116951
                  2862.2                      -2.5866898
                  2864.8                      -2.5634703
                  2867.4                      -2.5422217
                    2870                      -2.5229469
                  2872.6                      -2.5054812
                  2875.2                      -2.4896402
                  2877.8                      -2.4753043
                  2880.4                      -2.4624336
                    2883                      -2.4509725
                  2885.6                       -2.440714
                  2888.2                      -2.4311916
                  2890.8                       -2.421717
                  2893.4                       -2.411523
                    2896                      -2.3999459
                  2898.6                      -2.3865604
                  2901.2                      -2.3711973
                  2903.8                      -2.3538461
                  2906.4                      -2.3345232
                    2909                      -2.3132266
                  2911.6                      -2.2899518
                  2914.2                      -2.2647988
                  2916.8                      -2.2380587
                  2919.4                      -2.2101794
                    2922                      -2.1816718
                  2924.6                      -2.1529468
                  2927.2                      -2.1242024
                  2929.8                      -2.0954757
                  2932.4                      -2.0667298
                    2935                      -2.0380091
                  2937.6                      -2.0094917
                  2940.2                      -1.9814416
                  2942.8                      -1.9540877
                  2945.4                      -1.9275137
                    2948                      -1.9016172
                  2950.6                      -1.8762226
                  2953.2                      -1.8512059
                  2955.8                      -1.8265882
                  2958.4                      -1.8025377
                    2961                       -1.779251
                  2963.6                      -1.7568356
                  2966.2                      -1.7352318
                  2968.8                       -1.714264
                  2971.4                      -1.6937612
                    2974                      -1.6736829
                  2976.6                      -1.6541481
                  2979.2                      -1.6353613
                  2981.8                      -1.6174846
                  2984.4                      -1.6005251
                    2987                      -1.5843379
                  2989.6                      -1.5687201
                  2992.2                      -1.5535365
                  2994.8                      -1.5388001
                  2997.4                      -1.5246394
                    3000                      -1.5111672
