Frequency    S1,1_[31768]

                     400                   -0.0085194961
                   402.6                   -0.0076894131
                   405.2                   -0.0068021759
                   407.8                   -0.0066356014
                   410.4                   -0.0074914118
                     413                   -0.0089867264
                   415.6                    -0.010304612
                   418.2                    -0.010748174
                   420.8                    -0.010219001
                   423.4                   -0.0092878959
                     426                   -0.0088139858
                   428.6                   -0.0093673416
                   431.2                    -0.010838242
                   433.8                    -0.012496973
                   436.4                    -0.013481838
                     439                    -0.013389937
                   441.6                    -0.012559492
                   444.2                    -0.011850914
                   446.8                     -0.01207388
                   449.4                    -0.013438346
                     452                    -0.015391713
                   454.6                    -0.016975807
                   457.2                    -0.017478243
                   459.8                    -0.016930189
                   462.4                    -0.016100903
                     465                    -0.015995468
                   467.6                    -0.017181571
                   470.2                    -0.019384938
                   472.8                    -0.021639974
                   475.4                    -0.022934284
                     478                    -0.022912068
                   480.6                     -0.02214134
                   483.2                    -0.021757371
                   485.8                    -0.022716899
                   488.4                    -0.025138549
                     491                    -0.028170483
                   493.6                    -0.030529955
                   496.2                    -0.031385845
                   498.8                    -0.030963357
                   501.4                    -0.030435491
                     504                    -0.031173793
                   506.6                    -0.033831497
                   509.2                    -0.037835893
                   511.8                     -0.04169493
                   514.4                    -0.043995181
                     517                    -0.044421202
                   519.6                    -0.044047585
                   522.2                    -0.044694922
                   524.8                    -0.047751799
                   527.4                    -0.053178251
                     530                    -0.059378987
                   532.6                    -0.064201172
                   535.2                     -0.06647007
                   537.8                     -0.06694273
                   540.4                    -0.067968216
                     543                    -0.072056222
                   545.6                    -0.080174386
                   548.2                    -0.090834297
                   550.8                     -0.10083532
                   553.4                     -0.10749424
                     556                     -0.11083765
                   558.6                     -0.11405164
                   561.2                     -0.12184774
                   563.8                     -0.13755915
                   566.4                     -0.16046202
                     569                     -0.18544615
                   571.6                     -0.20648058
                   574.2                     -0.22208388
                   576.8                     -0.23864715
                   579.4                     -0.26923088
                     582                     -0.32751298
                   584.6                     -0.41640582
                   587.2                     -0.51674441
                   589.8                     -0.59301909
                   592.4                     -0.61925302
                     595                     -0.59478176
                   597.6                     -0.53529272
                   600.2                     -0.45916675
                   602.8                      -0.3823739
                   605.4                     -0.31856741
                     608                     -0.27844706
                   610.6                     -0.26652628
                   613.2                     -0.27811694
                   615.8                     -0.30110613
                   618.4                     -0.32285142
                     621                     -0.33703598
                   623.6                     -0.34568858
                   626.2                     -0.35628346
                   628.8                     -0.37656987
                   631.4                     -0.40982615
                     634                     -0.45290514
                   636.6                     -0.49858064
                   639.2                      -0.5408683
                   641.8                     -0.57935238
                   644.4                     -0.61953144
                     647                      -0.6694188
                   649.6                     -0.73465668
                   652.2                     -0.81500334
                   654.8                     -0.90466571
                   657.4                     -0.99690132
                     660                      -1.0896737
                   662.6                      -1.1880363
                   665.2                      -1.3017542
                   667.8                      -1.4398214
                   670.4                       -1.605116
                     673                      -1.7929479
                   675.6                      -1.9953792
                   678.2                      -2.2088713
                   680.8                      -2.4393363
                   683.4                      -2.7005958
                     686                      -3.0073976
                   688.6                      -3.3671134
                   691.2                      -3.7758906
                   693.8                      -4.2233447
                   696.4                      -4.7039286
                     699                      -5.2263068
                   701.6                      -5.8127009
                   704.2                      -6.4885173
                   706.8                       -7.268627
                   709.4                       -8.149661
                     712                      -9.1162459
                   714.6                      -10.160397
                   717.2                       -11.30019
                   719.8                        -12.5803
                   722.4                      -14.046807
                     725                      -15.697126
                   727.6                      -17.402878
                   730.2                      -18.836038
                   732.8                      -19.566396
                   735.4                      -19.431602
                     738                        -18.6605
                   740.6                      -17.566668
                   743.2                       -16.37266
                   745.8                      -15.220269
                   748.4                      -14.190565
                     751                       -13.31176
                   753.6                      -12.572707
                   756.2                      -11.941793
                   758.8                      -11.385779
                   761.4                      -10.883154
                     764                      -10.427729
                   766.6                      -10.023022
                   769.2                      -9.6725861
                   771.8                      -9.3734014
                   774.4                       -9.115524
                     777                      -8.8864187
                   779.6                      -8.6767131
                   782.2                      -8.4835338
                   784.8                       -8.309546
                   787.4                       -8.158745
                     790                      -8.0322232
                   792.6                       -7.926611
                   795.2                      -7.8356745
                   797.8                      -7.7537039
                   800.4                      -7.6783983
                     803                      -7.6113026
                   805.6                      -7.5557464
                   808.2                      -7.5138135
                   810.8                      -7.4845172
                   813.4                      -7.4641623
                     816                      -7.4485582
                   818.6                      -7.4354226
                   821.2                      -7.4254421
                   823.8                      -7.4212399
                   826.4                      -7.4250901
                     829                      -7.4370635
                   831.6                      -7.4547188
                   834.2                       -7.474594
                   836.8                       -7.494315
                   839.4                      -7.5139283
                     842                      -7.5354928
                   844.6                      -7.5612743
                   847.2                      -7.5918752
                   849.8                      -7.6255775
                   852.4                      -7.6593218
                     855                      -7.6906376
                   857.6                      -7.7190988
                   860.2                       -7.746365
                   862.8                      -7.7746791
                   865.4                      -7.8050367
                     868                      -7.8362326
                   870.6                      -7.8655357
                   873.2                      -7.8904401
                   875.8                      -7.9102499
                   878.4                      -7.9263701
                     881                      -7.9411032
                   883.6                      -7.9558041
                   886.2                      -7.9697809
                   888.8                      -7.9806955
                   891.4                      -7.9861266
                     894                      -7.9852493
                   896.6                       -7.979319
                   899.2                       -7.970695
                   901.8                      -7.9610849
                   904.4                      -7.9503078
                     907                      -7.9364563
                   909.6                      -7.9172844
                   912.2                      -7.8918612
                   914.8                      -7.8612208
                   917.4                      -7.8276726
                     920                      -7.7931313
                   922.6                      -7.7578478
                   925.2                      -7.7203134
                   927.8                      -7.6784231
                   930.4                      -7.6310617
                     933                      -7.5789048
                   935.6                      -7.5239857
                   938.2                      -7.4682417
                   940.8                      -7.4121971
                   943.4                      -7.3546713
                     946                      -7.2936549
                   948.6                      -7.2277515
                   951.2                      -7.1571613
                   953.8                        -7.08345
                   956.4                      -7.0083904
                     959                       -6.932633
                   961.6                      -6.8552236
                   964.2                       -6.774189
                   966.8                      -6.6878315
                   969.4                      -6.5957625
                     972                      -6.4989604
                   974.6                      -6.3988222
                   977.2                      -6.2959384
                   979.8                      -6.1894126
                   982.4                      -6.0772123
                     985                      -5.9572721
                   987.6                      -5.8285533
                   990.2                      -5.6913287
                   992.8                      -5.5464704
                   995.4                      -5.3943599
                     998                      -5.2341202
                  1000.6                      -5.0638589
                  1003.2                       -4.881676
                  1005.8                      -4.6868485
                  1008.4                      -4.4804639
                    1011                      -4.2651458
                  1013.6                      -4.0444421
                  1016.2                      -3.8224875
                  1018.8                      -3.6046491
                  1021.4                      -3.3988161
                    1024                      -3.2164618
                  1026.6                      -3.0722271
                  1029.2                      -2.9814376
                  1031.8                      -2.9561328
                  1034.4                      -3.0013288
                    1037                      -3.1132617
                  1039.6                       -3.280174
                  1042.2                      -3.4850075
                  1044.8                      -3.7088594
                  1047.4                      -3.9342254
                    1050                      -4.1473377
                  1052.6                      -4.3391128
                  1055.2                      -4.5047098
                  1057.8                      -4.6422858
                  1060.4                      -4.7517962
                    1063                      -4.8343588
                  1065.6                      -4.8921147
                  1068.2                       -4.928097
                  1070.8                      -4.9457894
                  1073.4                      -4.9483931
                    1076                      -4.9382536
                  1078.6                      -4.9167697
                  1081.2                      -4.8848794
                  1083.8                      -4.8437153
                  1086.4                      -4.7949494
                    1089                      -4.7405932
                  1091.6                      -4.6823892
                  1094.2                      -4.6212478
                  1096.8                       -4.557218
                  1099.4                      -4.4899676
                    1102                      -4.4194969
                  1104.6                      -4.3465299
                  1107.2                      -4.2723625
                  1109.8                       -4.198245
                  1112.4                       -4.124735
                    1115                      -4.0515271
                  1117.6                      -3.9778628
                  1120.2                      -3.9032615
                  1122.8                      -3.8280264
                  1125.4                      -3.7532045
                    1128                      -3.6799978
                  1130.6                      -3.6090365
                  1133.2                      -3.5400415
                  1135.8                      -3.4721228
                  1138.4                      -3.4045111
                    1141                      -3.3372324
                  1143.6                      -3.2712395
                  1146.2                      -3.2078864
                  1148.8                      -3.1481187
                  1151.4                      -3.0919326
                    1154                      -3.0385232
                  1156.6                      -2.9870108
                  1159.2                      -2.9373222
                  1161.8                      -2.8905948
                  1164.4                      -2.8487796
                    1167                      -2.8137332
                  1169.6                      -2.7864198
                  1172.2                      -2.7668346
                  1174.8                      -2.7547951
                  1177.4                      -2.7511539
                    1180                      -2.7586182
                  1182.6                      -2.7814657
                  1185.2                      -2.8240284
                  1187.8                      -2.8884509
                  1190.4                      -2.9725313
                    1193                       -3.068052
                  1195.6                        -3.16007
                  1198.2                      -3.2279732
                  1200.8                      -3.2495093
                  1203.4                      -3.2084156
                    1206                      -3.1026875
                  1208.6                      -2.9471489
                  1211.2                      -2.7669284
                  1213.8                      -2.5863281
                  1216.4                      -2.4208832
                    1219                      -2.2761376
                  1221.6                      -2.1509442
                  1224.2                      -2.0416429
                  1226.8                      -1.9449592
                  1229.4                      -1.8589922
                    1232                       -1.782832
                  1234.6                      -1.7156693
                  1237.2                       -1.656228
                  1239.8                      -1.6028009
                  1242.4                      -1.5537145
                    1245                      -1.5078208
                  1247.6                      -1.4646762
                  1250.2                      -1.4243185
                  1252.8                      -1.3868647
                  1255.4                      -1.3521704
                    1258                      -1.3197674
                  1260.6                      -1.2890482
                  1263.2                      -1.2595476
                  1265.8                      -1.2311215
                  1268.4                      -1.2039067
                    1271                      -1.1781248
                  1273.6                      -1.1538805
                  1276.2                      -1.1310586
                  1278.8                      -1.1093926
                  1281.4                      -1.0886155
                    1284                      -1.0685894
                  1286.6                      -1.0493266
                  1289.2                      -1.0308991
                  1291.8                      -1.0133221
                  1294.4                     -0.99648329
                    1297                     -0.98016978
                  1299.6                     -0.96417246
                  1302.2                     -0.94838405
                  1304.8                     -0.93284383
                  1307.4                     -0.91768864
                    1310                     -0.90305683
                  1312.6                     -0.88899826
                  1315.2                     -0.87545482
                  1317.8                     -0.86230757
                  1320.4                     -0.84945871
                    1323                     -0.83689095
                  1325.6                     -0.82466726
                  1328.2                     -0.81287823
                  1330.8                     -0.80157506
                  1333.4                     -0.79073283
                    1336                     -0.78026681
                  1338.6                     -0.77008444
                  1341.2                     -0.76014084
                  1343.8                     -0.75045676
                  1346.4                     -0.74109578
                    1349                     -0.73211172
                  1351.6                     -0.72351328
                  1354.2                     -0.71525203
                  1356.8                      -0.7072568
                  1359.4                     -0.69947388
                    1362                     -0.69189868
                  1364.6                     -0.68456817
                  1367.2                     -0.67753372
                  1369.8                     -0.67082147
                  1372.4                     -0.66441472
                    1375                     -0.65826503
                  1377.6                     -0.65232363
                  1380.2                     -0.64656904
                  1382.8                     -0.64101887
                  1385.4                      -0.6357138
                    1388                     -0.63068911
                  1390.6                     -0.62595247
                  1393.2                     -0.62147999
                  1395.8                     -0.61723427
                  1398.4                      -0.6131913
                    1401                     -0.60935573
                  1403.6                     -0.60575991
                  1406.2                     -0.60244488
                  1408.8                     -0.59943805
                  1411.4                     -0.59674042
                    1414                     -0.59433243
                  1416.6                     -0.59219253
                  1419.2                     -0.59031402
                  1421.8                     -0.58870838
                  1424.4                     -0.58739247
                    1427                      -0.5863618
                  1429.6                     -0.58556634
                  1432.2                     -0.58490491
                  1434.8                     -0.58423917
                  1437.4                     -0.58342734
                    1440                      -0.5823598
                  1442.6                     -0.58098134
                  1445.2                     -0.57929535
                  1447.8                     -0.57735053
                  1450.4                      -0.5752221
                    1453                     -0.57299747
                  1455.6                     -0.57076535
                  1458.2                     -0.56861163
                  1460.8                     -0.56661124
                  1463.4                     -0.56481873
                    1466                     -0.56326285
                  1468.6                     -0.56194584
                  1471.2                     -0.56085141
                  1473.8                     -0.55995627
                  1476.4                     -0.55924253
                    1479                     -0.55870347
                  1481.6                     -0.55833976
                  1484.2                     -0.55815221
                  1486.8                     -0.55813457
                  1489.4                     -0.55827195
                    1492                     -0.55854391
                  1494.6                     -0.55893266
                  1497.2                     -0.55943002
                  1499.8                     -0.56003635
                  1502.4                     -0.56075844
                    1505                      -0.5615989
                  1507.6                     -0.56255316
                  1510.2                     -0.56360923
                  1512.8                     -0.56475383
                  1515.4                      -0.5659772
                    1518                     -0.56727828
                  1520.6                     -0.56866374
                  1523.2                     -0.57014051
                  1525.8                     -0.57171041
                  1528.4                     -0.57336818
                    1531                     -0.57510344
                  1533.6                      -0.5769068
                  1536.2                     -0.57877383
                  1538.8                     -0.58070872
                  1541.4                     -0.58271932
                    1544                     -0.58481186
                  1546.6                     -0.58698568
                  1549.2                     -0.58923507
                  1551.8                     -0.59154993
                  1554.4                     -0.59392504
                    1557                     -0.59636103
                  1559.6                     -0.59886363
                  1562.2                     -0.60144145
                  1564.8                     -0.60409864
                  1567.4                     -0.60683297
                    1570                     -0.60963621
                  1572.6                     -0.61250155
                  1575.2                     -0.61542715
                  1577.8                     -0.61841652
                  1580.4                     -0.62147757
                    1583                     -0.62461783
                  1585.6                     -0.62783836
                  1588.2                     -0.63113457
                  1590.8                     -0.63449915
                  1593.4                     -0.63792777
                    1596                      -0.6414212
                  1598.6                     -0.64498649
                  1601.2                     -0.64863174
                  1603.8                      -0.6523618
                  1606.4                     -0.65617569
                    1609                     -0.66006775
                  1611.6                     -0.66403057
                  1614.2                     -0.66806314
                  1616.8                     -0.67217052
                  1619.4                     -0.67636114
                    1622                     -0.68064166
                  1624.6                     -0.68501508
                  1627.2                     -0.68947827
                  1629.8                     -0.69402371
                  1632.4                     -0.69864755
                    1635                      -0.7033521
                  1637.6                     -0.70814518
                  1640.2                     -0.71303591
                  1642.8                     -0.71803003
                  1645.4                     -0.72312763
                    1648                     -0.72832331
                  1650.6                     -0.73361133
                  1653.2                     -0.73899122
                  1655.8                     -0.74446856
                  1658.4                     -0.75005462
                    1661                     -0.75575865
                  1663.6                     -0.76158359
                  1666.2                     -0.76752745
                  1668.8                     -0.77358549
                  1671.4                     -0.77975476
                    1674                     -0.78603856
                  1676.6                     -0.79244834
                  1679.2                     -0.79899775
                  1681.8                     -0.80569462
                  1684.4                     -0.81254082
                    1687                     -0.81953451
                  1689.6                     -0.82667249
                  1692.2                     -0.83395804
                  1694.8                     -0.84140173
                  1697.4                     -0.84902113
                    1700                     -0.85683126
                  1702.6                     -0.86484179
                  1705.2                     -0.87305533
                  1707.8                     -0.88147271
                  1710.4                      -0.8900999
                    1713                     -0.89895095
                  1715.6                     -0.90804656
                  1718.2                     -0.91741301
                  1720.8                     -0.92707247
                  1723.4                     -0.93704077
                    1726                     -0.94732724
                  1728.6                     -0.95794769
                  1731.2                     -0.96892733
                  1733.8                     -0.98029979
                  1736.4                     -0.99210875
                    1739                      -1.0044001
                  1741.6                      -1.0172129
                  1744.2                      -1.0305844
                  1746.8                      -1.0445529
                  1749.4                      -1.0591704
                    1752                       -1.074502
                  1754.6                      -1.0906265
                  1757.2                      -1.1076278
                  1759.8                      -1.1255847
                  1762.4                      -1.1445709
                    1765                      -1.1646539
                  1767.6                      -1.1858932
                  1770.2                      -1.2083499
                  1772.8                       -1.232062
                  1775.4                      -1.2570157
                    1778                      -1.2830989
                  1780.6                      -1.3100686
                  1783.2                      -1.3374957
                  1785.8                      -1.3647094
                  1788.4                      -1.3907596
                    1791                       -1.414381
                  1793.6                      -1.4340025
                  1796.2                      -1.4478809
                  1798.8                      -1.4543772
                  1801.4                      -1.4523596
                    1804                      -1.4416038
                  1806.6                      -1.4230056
                  1809.2                        -1.39847
                  1811.8                      -1.3705011
                  1814.4                      -1.3416705
                    1817                      -1.3141755
                  1819.6                       -1.289592
                  1822.2                      -1.2688303
                  1824.8                       -1.252238
                  1827.4                      -1.2397637
                    1830                      -1.2311152
                  1832.6                      -1.2258892
                  1835.2                      -1.2236558
                  1837.8                      -1.2240036
                  1840.4                      -1.2265568
                    1843                      -1.2309787
                  1845.6                      -1.2369753
                  1848.2                      -1.2442952
                  1850.8                      -1.2527298
                  1853.4                      -1.2621137
                    1856                      -1.2723092
                  1858.6                      -1.2831989
                  1861.2                       -1.294676
                  1863.8                       -1.306642
                  1866.4                      -1.3190104
                    1869                      -1.3317091
                  1871.6                      -1.3446765
                  1874.2                      -1.3578651
                  1876.8                      -1.3712254
                  1879.4                      -1.3847036
                    1882                      -1.3982381
                  1884.6                      -1.4117726
                  1887.2                      -1.4252585
                  1889.8                      -1.4386519
                  1892.4                      -1.4519175
                    1895                      -1.4650201
                  1897.6                      -1.4779142
                  1900.2                      -1.4905488
                  1902.8                      -1.5028707
                  1905.4                       -1.514839
                    1908                      -1.5264204
                  1910.6                      -1.5375921
                  1913.2                      -1.5483323
                  1915.8                      -1.5586123
                  1918.4                      -1.5683987
                    1921                      -1.5776575
                  1923.6                      -1.5863601
                  1926.2                      -1.5944968
                  1928.8                      -1.6020686
                  1931.4                      -1.6090795
                    1934                      -1.6155267
                  1936.6                      -1.6214016
                  1939.2                      -1.6266945
                  1941.8                       -1.631398
                  1944.4                      -1.6355232
                    1947                      -1.6390921
                  1949.6                      -1.6421302
                  1952.2                      -1.6446575
                  1954.8                      -1.6466839
                  1957.4                       -1.648214
                    1960                      -1.6492539
                  1962.6                      -1.6498205
                  1965.2                      -1.6499459
                  1967.8                      -1.6496635
                  1970.4                      -1.6490039
                    1973                      -1.6479838
                  1975.6                      -1.6466098
                  1978.2                      -1.6448896
                  1980.8                      -1.6428375
                  1983.4                      -1.6404821
                    1986                      -1.6378559
                  1988.6                      -1.6349888
                  1991.2                      -1.6318985
                  1993.8                      -1.6285904
                  1996.4                      -1.6250667
                    1999                      -1.6213347
                  2001.6                      -1.6174145
                  2004.2                      -1.6133337
                  2006.8                      -1.6091186
                  2009.4                      -1.6047862
                    2012                      -1.6003406
                  2014.6                      -1.5957782
                  2017.2                      -1.5911003
                  2019.8                      -1.5863169
                  2022.4                      -1.5814503
                    2025                      -1.5765235
                  2027.6                      -1.5715517
                  2030.2                       -1.566538
                  2032.8                      -1.5614777
                  2035.4                      -1.5563659
                    2038                      -1.5512045
                  2040.6                      -1.5460089
                  2043.2                      -1.5407983
                  2045.8                      -1.5355874
                  2048.4                       -1.530379
                    2051                      -1.5251669
                  2053.6                      -1.5199424
                  2056.2                      -1.5147021
                  2058.8                      -1.5094521
                  2061.4                      -1.5042071
                    2064                      -1.4989801
                  2066.6                       -1.493775
                  2069.2                      -1.4885848
                  2071.8                       -1.483395
                  2074.4                       -1.478201
                    2077                      -1.4730005
                  2079.6                      -1.4677997
                  2082.2                      -1.4626132
                  2084.8                      -1.4574416
                  2087.4                      -1.4522799
                    2090                      -1.4471147
                  2092.6                      -1.4419339
                  2095.2                      -1.4367322
                  2097.8                      -1.4315139
                  2100.4                       -1.426286
                    2103                      -1.4210526
                  2105.6                       -1.415813
                  2108.2                      -1.4105546
                  2110.8                      -1.4052657
                  2113.4                      -1.3999381
                    2116                      -1.3945728
                  2118.6                      -1.3891785
                  2121.2                      -1.3837628
                  2123.8                      -1.3783238
                  2126.4                       -1.372859
                    2129                      -1.3673556
                  2131.6                      -1.3618052
                  2134.2                      -1.3562122
                  2136.8                      -1.3505803
                  2139.4                      -1.3449181
                    2142                      -1.3392343
                  2144.6                      -1.3335215
                  2147.2                       -1.327776
                  2149.8                      -1.3219865
                  2152.4                      -1.3161556
                    2155                      -1.3102884
                  2157.6                      -1.3043899
                  2160.2                      -1.2984728
                  2162.8                      -1.2925321
                  2165.4                      -1.2865641
                    2168                      -1.2805577
                  2170.6                      -1.2745118
                  2173.2                      -1.2684279
                  2175.8                      -1.2623124
                  2178.4                      -1.2561744
                    2181                      -1.2500124
                  2183.6                      -1.2438221
                  2186.2                      -1.2375924
                  2188.8                      -1.2313159
                  2191.4                      -1.2249925
                    2194                      -1.2186265
                  2196.6                      -1.2122224
                  2199.2                       -1.205784
                  2201.8                      -1.1993033
                  2204.4                      -1.1927694
                    2207                      -1.1861723
                  2209.6                      -1.1795054
                  2212.2                      -1.1727716
                  2214.8                      -1.1659744
                  2217.4                       -1.159114
                    2220                       -1.152187
                  2222.6                      -1.1451801
                  2225.2                      -1.1380781
                  2227.8                      -1.1308741
                  2230.4                      -1.1235644
                    2233                      -1.1161503
                  2235.6                      -1.1086344
                  2238.2                      -1.1010102
                  2240.8                      -1.0932658
                  2243.4                      -1.0853859
                    2246                      -1.0773547
                  2248.6                      -1.0691689
                  2251.2                      -1.0608258
                  2253.8                      -1.0523254
                  2256.4                      -1.0436643
                    2259                      -1.0348295
                  2261.6                      -1.0258046
                  2264.2                      -1.0165739
                  2266.8                      -1.0071267
                  2269.4                     -0.99746111
                    2272                     -0.98757886
                  2274.6                     -0.97747642
                  2277.2                     -0.96714397
                  2279.8                     -0.95656708
                  2282.4                     -0.94572993
                    2285                     -0.93462047
                  2287.6                     -0.92323586
                  2290.2                     -0.91157751
                  2292.8                     -0.89964487
                  2295.4                     -0.88743295
                    2298                     -0.87492946
                  2300.6                     -0.86212036
                  2303.2                     -0.84899803
                  2305.8                     -0.83556019
                  2308.4                     -0.82181128
                    2311                     -0.80775792
                  2313.6                     -0.79340077
                  2316.2                     -0.77873697
                  2318.8                     -0.76376004
                  2321.4                     -0.74846758
                    2324                     -0.73286578
                  2326.6                     -0.71696692
                  2329.2                     -0.70078617
                  2331.8                     -0.68433722
                  2334.4                     -0.66762855
                    2337                     -0.65066715
                  2339.6                     -0.63346337
                  2342.2                      -0.6160351
                  2344.8                     -0.59840801
                  2347.4                     -0.58061175
                    2350                      -0.5626759
                  2352.6                     -0.54462692
                  2355.2                     -0.52649063
                  2357.8                     -0.50829642
                  2360.4                      -0.4900811
                    2363                     -0.47189057
                  2365.6                     -0.45377527
                  2368.2                     -0.43578782
                  2370.8                       -0.417981
                  2373.4                     -0.40040721
                    2376                      -0.3831235
                  2378.6                     -0.36619402
                  2381.2                     -0.34968968
                  2383.8                     -0.33368401
                  2386.4                     -0.31824849
                    2389                     -0.30344951
                  2391.6                     -0.28934331
                  2394.2                     -0.27597611
                  2396.8                     -0.26338121
                  2399.4                      -0.2515748
                    2402                      -0.2405521
                  2404.6                     -0.23028285
                  2407.2                     -0.22071174
                  2409.8                     -0.21176228
                  2412.4                     -0.20334446
                    2415                     -0.19536434
                  2417.6                     -0.18773256
                  2420.2                     -0.18037247
                  2422.8                     -0.17322341
                  2425.4                     -0.16624383
                    2428                     -0.15941115
                  2430.6                     -0.15271969
                  2433.2                     -0.14617867
                  2435.8                     -0.13980858
                  2438.4                     -0.13363727
                    2441                     -0.12769581
                  2443.6                     -0.12201512
                  2446.2                     -0.11662409
                  2448.8                     -0.11154811
                  2451.4                     -0.10680886
                    2454                      -0.1024245
                  2456.6                    -0.098409205
                  2459.2                    -0.094773419
                  2461.8                    -0.091523788
                  2464.4                    -0.088663346
                    2467                    -0.086192325
                  2469.6                    -0.084108274
                  2472.2                    -0.082406836
                  2474.8                    -0.081081828
                  2477.4                    -0.080125884
                    2480                     -0.07953022
                  2482.6                    -0.079285503
                  2485.2                    -0.079381632
                  2487.8                    -0.079807953
                  2490.4                    -0.080553065
                    2493                    -0.081605409
                  2495.6                    -0.082953025
                  2498.2                     -0.08458458
                  2500.8                    -0.086489201
                  2503.4                    -0.088656166
                    2506                    -0.091074824
                  2508.6                    -0.093734281
                  2511.2                    -0.096623327
                  2513.8                     -0.09973157
                  2516.4                     -0.10304942
                    2519                     -0.10656866
                  2521.6                     -0.11028219
                  2524.2                     -0.11418253
                  2526.8                     -0.11826207
                  2529.4                     -0.12251327
                    2532                      -0.1269294
                  2534.6                      -0.1315058
                  2537.2                     -0.13624056
                  2539.8                     -0.14113273
                  2542.4                     -0.14618254
                    2545                     -0.15138995
                  2547.6                     -0.15675513
                  2550.2                     -0.16228093
                  2552.8                     -0.16797267
                  2555.4                     -0.17384056
                    2558                      -0.1798979
                  2560.6                     -0.18615857
                  2563.2                     -0.19263546
                  2565.8                     -0.19934096
                  2568.4                     -0.20628758
                    2571                     -0.21348821
                  2573.6                     -0.22095697
                  2576.2                     -0.22870563
                  2578.8                     -0.23673901
                  2581.4                     -0.24505252
                    2584                      -0.2536295
                  2586.6                     -0.26244503
                  2589.2                     -0.27146976
                  2591.8                     -0.28067292
                  2594.4                     -0.29002428
                    2597                     -0.29949332
                  2599.6                     -0.30904728
                  2602.2                     -0.31865245
                  2604.8                     -0.32827909
                  2607.4                     -0.33790431
                    2610                      -0.3475205
                  2612.6                     -0.35713126
                  2615.2                     -0.36674686
                  2617.8                      -0.3763788
                  2620.4                     -0.38603306
                    2623                     -0.39571412
                  2625.6                     -0.40542972
                  2628.2                     -0.41519654
                  2630.8                     -0.42504135
                  2633.4                     -0.43499977
                    2636                     -0.44510027
                  2638.6                     -0.45536767
                  2641.2                     -0.46581543
                  2643.8                     -0.47645608
                  2646.4                     -0.48731237
                    2649                     -0.49841911
                  2651.6                     -0.50982062
                  2654.2                     -0.52156175
                  2656.8                     -0.53367287
                  2659.4                     -0.54616658
                    2662                     -0.55904076
                  2664.6                     -0.57228902
                  2667.2                      -0.5859054
                  2669.8                     -0.59988345
                  2672.4                     -0.61420257
                    2675                     -0.62881053
                  2677.6                     -0.64362279
                  2680.2                     -0.65852115
                  2682.8                     -0.67338426
                  2685.4                     -0.68810406
                    2688                     -0.70260549
                  2690.6                     -0.71684477
                  2693.2                     -0.73079851
                  2695.8                     -0.74445017
                  2698.4                     -0.75778708
                    2701                     -0.77081344
                  2703.6                     -0.78355395
                  2706.2                     -0.79607025
                  2708.8                      -0.8084485
                  2711.4                     -0.82077359
                    2714                     -0.83311235
                  2716.6                     -0.84550357
                  2719.2                     -0.85795775
                  2721.8                     -0.87049096
                  2724.4                      -0.8831342
                    2727                     -0.89594292
                  2729.6                     -0.90897905
                  2732.2                     -0.92228983
                  2734.8                      -0.9358901
                  2737.4                     -0.94977109
                    2740                     -0.96391703
                  2742.6                     -0.97833095
                  2745.2                     -0.99305539
                  2747.8                      -1.0081433
                  2750.4                      -1.0236532
                    2753                      -1.0396071
                  2755.6                      -1.0559903
                  2758.2                      -1.0727707
                  2760.8                       -1.089926
                  2763.4                      -1.1074538
                    2766                      -1.1253804
                  2768.6                      -1.1437122
                  2771.2                      -1.1624054
                  2773.8                      -1.1813551
                  2776.4                      -1.2003968
                    2779                      -1.2193535
                  2781.6                      -1.2380762
                  2784.2                      -1.2564616
                  2786.8                      -1.2744416
                  2789.4                      -1.2919606
                    2792                       -1.308957
                  2794.6                      -1.3253652
                  2797.2                       -1.341154
                  2799.8                      -1.3563628
                  2802.4                      -1.3711097
                    2805                      -1.3855634
                  2807.6                      -1.3998807
                  2810.2                      -1.4141665
                  2812.8                      -1.4284451
                  2815.4                      -1.4426922
                    2818                      -1.4569014
                  2820.6                      -1.4711235
                  2823.2                      -1.4854561
                  2825.8                      -1.5000146
                  2828.4                      -1.5148616
                    2831                      -1.5299744
                  2833.6                       -1.545281
                  2836.2                      -1.5607015
                  2838.8                      -1.5762341
                  2841.4                       -1.591963
                    2844                      -1.6080222
                  2846.6                      -1.6245364
                  2849.2                      -1.6415462
                  2851.8                      -1.6590145
                  2854.4                       -1.676881
                    2857                       -1.695143
                  2859.6                       -1.713899
                  2862.2                      -1.7333386
                  2864.8                      -1.7536607
                  2867.4                      -1.7749781
                    2870                      -1.7972864
                  2872.6                      -1.8204715
                  2875.2                      -1.8443959
                  2877.8                      -1.8689601
                  2880.4                      -1.8940991
                    2883                       -1.919717
                  2885.6                      -1.9455899
                  2888.2                      -1.9712862
                  2890.8                      -1.9962091
                  2893.4                      -2.0197094
                    2896                      -2.0412323
                  2898.6                      -2.0604192
                  2901.2                      -2.0771258
                  2903.8                       -2.091336
                  2906.4                      -2.1030561
                    2909                       -2.112279
                  2911.6                      -2.1190041
                  2914.2                      -2.1233276
                  2916.8                      -2.1255117
                  2919.4                      -2.1259495
                    2922                      -2.1250796
                  2924.6                      -2.1232453
                  2927.2                      -2.1205945
                  2929.8                      -2.1171354
                  2932.4                      -2.1128209
                    2935                      -2.1076938
                  2937.6                      -2.1019282
                  2940.2                      -2.0957796
                  2942.8                      -2.0894679
                  2945.4                      -2.0830656
                    2948                      -2.0764657
                  2950.6                      -2.0694964
                  2953.2                      -2.0620466
                  2955.8                      -2.0541651
                  2958.4                      -2.0460502
                    2961                       -2.037925
                  2963.6                      -2.0299166
                  2966.2                      -2.0219684
                  2968.8                      -2.0139059
                  2971.4                      -2.0055642
                    2974                      -1.9969286
                  2976.6                      -1.9881629
                  2979.2                      -1.9795235
                  2981.8                      -1.9712125
                  2984.4                      -1.9632518
                    2987                      -1.9554881
                  2989.6                      -1.9477066
                  2992.2                      -1.9397745
                  2994.8                      -1.9317346
                  2997.4                      -1.9237649
                    3000                       -1.916018
