        Frequency / GHz                System Tot. Efficiency [AC2]/abs,dB
----------------------------------------------------------------------
                    0.69                      -12.593523
                    0.78                      -2.6957804
                    0.87                       -1.530951
                    0.96                      -7.2373489
                     1.7                      -1.4967123
                     1.8                     -0.73654507
                     1.9                     -0.56034886
                       2                     -0.97072732
                     2.1                      -1.1156313
                     2.2                      -1.3538144
                     2.3                      -1.8247259
                     2.4                      -2.7265309
                     2.5                      -3.9731123
                     2.6                      -5.5067854
                     2.7                      -7.1384514

