        Frequency / GHz                System Tot. Efficiency [AC2]/abs,dB
----------------------------------------------------------------------
                    0.69                      -7.1273798
                    0.78                      -1.6290466
                    0.87                      -6.8571364
                    0.96                      -11.587078
                     1.7                      -1.7421374
                     1.8                      -1.9434539
                     1.9                      -2.8331504
                       2                      -3.8796867
                     2.1                      -4.1317666
                     2.2                       -4.854763
                     2.3                      -5.8421954
                     2.4                      -7.1743421
                     2.5                      -8.6829834
                     2.6                      -10.316229
                     2.7                      -11.915771

