        Frequency / GHz                System Tot. Efficiency [AC2]/abs,dB
----------------------------------------------------------------------
                    0.69                      -9.1369475
                    0.78                      -10.996055
                    0.87                       -13.80654
                    0.96                      -17.806725
                     1.7                      -13.075078
                     1.8                      -14.462381
                     1.9                      -20.805499
                       2                      -8.5726787
                     2.1                      -10.541781
                     2.2                       -13.86161
                     2.3                      -15.112592
                     2.4                      -19.974268
                     2.5                      -20.960653
                     2.6                      -21.709113
                     2.7                      -22.201248

