        Frequency / GHz                System Tot. Efficiency [AC2]/abs,dB
----------------------------------------------------------------------
                    0.69                      -11.401358
                    0.78                      -12.618368
                    0.87                      -14.131173
                    0.96                      -15.831369
                     1.7                      -13.134743
                     1.8                       -14.42998
                     1.9                      -20.842422
                       2                      -8.7008652
                     2.1                       -10.79845
                     2.2                      -13.939951
                     2.3                      -15.093153
                     2.4                      -19.929755
                     2.5                      -20.922697
                     2.6                      -21.698186
                     2.7                      -22.209852

