        Frequency / GHz                System Tot. Efficiency [AC2]/abs,dB
----------------------------------------------------------------------
                    0.69                       -11.36982
                    0.78                      -11.295027
                    0.87                      -13.464685
                    0.96                      -17.312233
                     1.7                      -13.057311
                     1.8                       -14.45531
                     1.9                      -20.818669
                       2                      -8.5801648
                     2.1                      -10.547495
                     2.2                      -13.853677
                     2.3                       -15.10589
                     2.4                      -19.962598
                     2.5                      -20.956466
                     2.6                      -21.708021
                     2.7                      -22.202142

