Frequency    S2,2_[78]

                     0.5                  -0.00095007733
                  0.5025                   -0.0010088785
                   0.505                   -0.0010705916
                  0.5075                   -0.0011337857
                    0.51                   -0.0011973754
                  0.5125                   -0.0012608669
                   0.515                   -0.0013245754
                  0.5175                   -0.0013896307
                    0.52                   -0.0014578031
                  0.5225                    -0.001531211
                   0.525                   -0.0016118782
                  0.5275                   -0.0017014048
                    0.53                   -0.0018006008
                  0.5325                   -0.0019093372
                   0.535                   -0.0020266058
                  0.5375                   -0.0021507218
                    0.54                   -0.0022798132
                  0.5425                   -0.0024122519
                   0.545                   -0.0025472021
                  0.5475                   -0.0026850243
                    0.55                   -0.0028272992
                  0.5525                   -0.0029767624
                   0.555                   -0.0031368741
                  0.5575                   -0.0033111539
                    0.56                   -0.0035025946
                  0.5625                   -0.0037129459
                   0.565                   -0.0039424787
                  0.5675                   -0.0041899341
                    0.57                   -0.0044529791
                  0.5725                   -0.0047289111
                   0.575                   -0.0050155225
                  0.5775                   -0.0053120155
                    0.58                    -0.005619498
                  0.5825                    -0.005941156
                   0.585                   -0.0062819384
                  0.5875                   -0.0066478262
                    0.59                   -0.0070447773
                  0.5925                   -0.0074777408
                   0.595                   -0.0079498447
                  0.5975                   -0.0084621028
                     0.6                   -0.0090135932
                  0.6025                   -0.0096020116
                   0.605                    -0.010224927
                  0.6075                    -0.010880811
                    0.61                    -0.011570176
                  0.6125                    -0.012296243
                   0.615                    -0.013065009
                  0.6175                    -0.013885122
                    0.62                    -0.014766692
                  0.6225                    -0.015720305
                   0.625                    -0.016755681
                  0.6275                    -0.017880746
                    0.63                    -0.019100657
                  0.6325                     -0.02041807
                   0.635                    -0.021833462
                  0.6375                     -0.02334671
                    0.64                    -0.024958358
                  0.6425                    -0.026672106
                   0.645                    -0.028495617
                  0.6475                     -0.03044212
                    0.65                    -0.032530006
                  0.6525                    -0.034781633
                   0.655                    -0.037221528
                  0.6575                    -0.039873772
                    0.66                    -0.042759497
                  0.6625                    -0.045895288
                   0.665                    -0.049292851
                  0.6675                    -0.052959967
                    0.67                    -0.056904083
                  0.6725                    -0.061135284
                   0.675                    -0.065670487
                  0.6775                    -0.070536069
                    0.68                    -0.075769764
                  0.6825                    -0.081418941
                   0.685                    -0.087537845
                  0.6875                     -0.09418431
                    0.69                     -0.10141357
                  0.6925                     -0.10927608
                   0.695                      -0.1178152
                  0.6975                     -0.12706903
                     0.7                     -0.13707183
                  0.7025                     -0.14786146
                   0.705                     -0.15948253
                  0.7075                     -0.17199306
                    0.71                     -0.18546765
                  0.7125                     -0.19999585
                   0.715                     -0.21568275
                  0.7175                     -0.23264245
                    0.72                      -0.2509946
                  0.7225                     -0.27085642
                   0.725                     -0.29234052
                  0.7275                     -0.31555002
                    0.73                     -0.34058111
                  0.7325                     -0.36752109
                   0.735                     -0.39645641
                  0.7375                      -0.4274775
                    0.74                     -0.46069004
                  0.7425                     -0.49622054
                   0.745                     -0.53422488
                  0.7475                     -0.57489571
                    0.75                     -0.61845385
                  0.7525                     -0.66514547
                   0.755                     -0.71522081
                  0.7575                     -0.76892285
                    0.76                      -0.8264644
                  0.7625                     -0.88802987
                   0.765                     -0.95378145
                  0.7675                      -1.0238939
                    0.77                         -1.0986
                  0.7725                      -1.1782314
                   0.775                      -1.2632581
                  0.7775                       -1.354308
                    0.78                      -1.4521487
                  0.7825                       -1.557657
                   0.785                      -1.6717835
                  0.7875                      -1.7955416
                    0.79                      -1.9300113
                  0.7925                      -2.0763912
                   0.795                      -2.2360911
                  0.7975                      -2.4108243
                     0.8                      -2.6027043
                  0.8025                      -2.8143321
                   0.805                       -3.048887
                  0.8075                      -3.3102216
                    0.81                      -3.6030611
                  0.8125                      -3.9332051
                   0.815                      -4.3079074
                  0.8175                      -4.7362875
                    0.82                      -5.2298629
                  0.8225                      -5.8032213
                   0.825                      -6.4749777
                  0.8275                      -7.2693998
                    0.83                      -8.2193596
                  0.8325                      -9.3719636
                   0.835                      -10.799745
                  0.8375                      -12.624706
                    0.84                      -15.077341
                  0.8425                      -18.675141
                   0.845                      -24.945187
                  0.8475                      -30.697478
                    0.85                      -21.502088
                  0.8525                      -16.581098
                   0.855                      -13.458204
                  0.8575                      -11.219625
                    0.86                      -9.5107102
                  0.8625                      -8.1565857
                   0.865                      -7.0568006
                  0.8675                       -6.147883
                    0.87                      -5.3870879
                  0.8725                      -4.7443791
                   0.875                      -4.1978937
                  0.8775                      -3.7310542
                    0.88                      -3.3308587
                  0.8825                      -2.9867532
                   0.885                      -2.6900279
                  0.8875                      -2.4334219
                    0.89                      -2.2108928
                  0.8925                      -2.0173996
                   0.895                      -1.8487046
                  0.8975                      -1.7011876
                     0.9                      -1.5717223
                  0.9025                      -1.4575859
                   0.905                      -1.3564533
                  0.9075                       -1.266396
                    0.91                      -1.1858995
                  0.9125                      -1.1138385
                   0.915                      -1.0493985
                  0.9175                     -0.99196587
                    0.92                     -0.94100646
                  0.9225                     -0.89596379
                   0.925                     -0.85620448
                  0.9275                     -0.82102264
                    0.93                     -0.78969288
                  0.9325                     -0.76155029
                   0.935                     -0.73605874
                  0.9375                     -0.71284768
                    0.94                     -0.69171235
                  0.9425                      -0.6725678
                   0.945                     -0.65539214
                  0.9475                     -0.64015636
                    0.95                     -0.62678323
                  0.9525                     -0.61513425
                   0.955                     -0.60501887
                  0.9575                      -0.5962232
                    0.96                      -0.5885408
                  0.9625                     -0.58179373
                   0.965                     -0.57583921
                  0.9675                      -0.5705698
                    0.97                     -0.56590037
                  0.9725                     -0.56176616
                   0.975                     -0.55811799
                  0.9775                     -0.55492334
                    0.98                     -0.55216904
                  0.9825                     -0.54985677
                   0.985                     -0.54799206
                  0.9875                     -0.54656921
                    0.99                     -0.54555439
                  0.9925                     -0.54487629
                   0.995                     -0.54443373
                  0.9975                     -0.54410538
                       1                     -0.54377832
                  1.0025                     -0.54337242
                   1.005                     -0.54285246
                  1.0075                     -0.54223611
                    1.01                      -0.5415775
                  1.0125                     -0.54094507
                   1.015                      -0.5403956
                  1.0175                     -0.53995481
                    1.02                     -0.53960576
                  1.0225                     -0.53929672
                   1.025                     -0.53895234
                  1.0275                     -0.53849619
                    1.03                     -0.53786764
                  1.0325                     -0.53703491
                   1.035                     -0.53599739
                  1.0375                     -0.53477948
                    1.04                     -0.53342213
                  1.0425                      -0.5319709
                   1.045                     -0.53046478
                  1.0475                     -0.52893283
                    1.05                     -0.52738912
                  1.0525                     -0.52583231
                   1.055                     -0.52425099
                  1.0575                      -0.5226234
                    1.06                     -0.52092469
                  1.0625                     -0.51912963
                   1.065                     -0.51721887
                  1.0675                     -0.51518427
                    1.07                     -0.51303228
                  1.0725                     -0.51078626
                   1.075                     -0.50848184
                  1.0775                     -0.50616296
                    1.08                     -0.50387025
                  1.0825                     -0.50163519
                   1.085                     -0.49947132
                  1.0875                     -0.49737232
                    1.09                     -0.49531481
                  1.0925                      -0.4932652
                   1.095                     -0.49118938
                  1.0975                     -0.48906379
                     1.1                     -0.48688035
                  1.1025                     -0.48465157
                   1.105                       -0.482406
                  1.1075                     -0.48018295
                    1.11                      -0.4780219
                  1.1125                     -0.47595537
                   1.115                     -0.47400008
                  1.1175                     -0.47215679
                    1.12                     -0.47040969
                  1.1225                     -0.46873318
                   1.125                     -0.46709834
                  1.1275                     -0.46548026
                    1.13                     -0.46386352
                  1.1325                     -0.46224553
                   1.135                     -0.46063696
                  1.1375                     -0.45905767
                    1.14                      -0.4575336
                  1.1425                     -0.45609149
                   1.145                     -0.45475216
                  1.1475                      -0.4535277
                    1.15                     -0.45242027
                  1.1525                     -0.45142014
                   1.155                     -0.45050951
                  1.1575                     -0.44966532
                    1.16                       -0.448865
                  1.1625                     -0.44809068
                   1.165                     -0.44733307
                  1.1675                     -0.44659493
                    1.17                     -0.44588925
                  1.1725                     -0.44523765
                   1.175                      -0.4446659
                  1.1775                     -0.44419707
                    1.18                     -0.44384731
                  1.1825                     -0.44362116
                   1.185                     -0.44351045
                  1.1875                     -0.44349592
                    1.19                      -0.4435529
                  1.1925                     -0.44365465
                   1.195                     -0.44378119
                  1.1975                     -0.44392349
                     1.2                     -0.44408423
                  1.2025                     -0.44427922
                   1.205                     -0.44453227
                  1.2075                     -0.44486906
                    1.21                     -0.44531244
                  1.2125                     -0.44587567
                   1.215                     -0.44656046
                  1.2175                      -0.4473565
                    1.22                     -0.44824409
                  1.2225                     -0.44919958
                   1.225                     -0.45019945
                  1.2275                     -0.45122746
                    1.23                     -0.45227694
                  1.2325                     -0.45335199
                   1.235                      -0.4544669
                  1.2375                      -0.4556421
                    1.24                     -0.45690086
                  1.2425                     -0.45826267
                   1.245                     -0.45974014
                  1.2475                     -0.46133652
                    1.25                     -0.46304444
                  1.2525                     -0.46484861
                   1.255                     -0.46672735
                  1.2575                     -0.46865965
                    1.26                     -0.47062806
                  1.2625                     -0.47262319
                   1.265                     -0.47464651
                  1.2675                     -0.47670916
                    1.27                     -0.47883237
                  1.2725                     -0.48103934
                   1.275                     -0.48335288
                  1.2775                     -0.48578915
                    1.28                     -0.48835474
                  1.2825                     -0.49104316
                   1.285                     -0.49383844
                  1.2875                     -0.49671716
                    1.29                      -0.4996558
                  1.2925                     -0.50263389
                   1.295                      -0.5056422
                  1.2975                     -0.50868262
                     1.3                     -0.51176992
                  1.3025                     -0.51492713
                   1.305                     -0.51818083
                  1.3075                     -0.52155563
                    1.31                     -0.52506796
                  1.3125                     -0.52872232
                   1.315                     -0.53251078
                  1.3175                     -0.53641623
                    1.32                     -0.54041448
                  1.3225                     -0.54448211
                   1.325                     -0.54860062
                  1.3275                     -0.55276227
                    1.33                     -0.55697131
                  1.3325                     -0.56124253
                   1.335                     -0.56559945
                  1.3375                     -0.57006844
                    1.34                     -0.57467421
                  1.3425                     -0.57943262
                   1.345                     -0.58434976
                  1.3475                     -0.58941992
                    1.35                     -0.59462663
                  1.3525                     -0.59994657
                   1.355                     -0.60535666
                  1.3575                     -0.61083788
                    1.36                     -0.61637915
                  1.3625                     -0.62198418
                   1.365                     -0.62766704
                  1.3675                     -0.63345259
                    1.37                     -0.63937023
                  1.3725                     -0.64544863
                   1.375                     -0.65170793
                  1.3775                     -0.65815721
                    1.38                     -0.66479007
                  1.3825                      -0.6715898
                   1.385                     -0.67852982
                  1.3875                     -0.68558087
                    1.39                     -0.69272273
                  1.3925                     -0.69994368
                   1.395                     -0.70724747
                  1.3975                     -0.71465346
                     1.4                      -0.7221918
                  1.4025                     -0.72989696
                   1.405                     -0.73780041
                  1.4075                     -0.74592363
                    1.41                     -0.75427587
                  1.4125                     -0.76284721
                   1.415                     -0.77161659
                  1.4175                     -0.78055531
                    1.42                     -0.78963372
                  1.4225                     -0.79882972
                   1.425                     -0.80813318
                  1.4275                     -0.81755237
                    1.43                     -0.82710955
                  1.4325                     -0.83683728
                   1.435                     -0.84677144
                  1.4375                     -0.85694816
                    1.44                     -0.86738893
                  1.4425                     -0.87810195
                   1.445                      -0.8890782
                  1.4475                     -0.90029526
                    1.45                     -0.91172236
                  1.4525                     -0.92332625
                   1.455                     -0.93508247
                  1.4575                     -0.94698143
                    1.46                     -0.95902832
                  1.4625                     -0.97124814
                   1.465                     -0.98367894
                  1.4675                     -0.99636333
                    1.47                      -1.0093416
                  1.4725                      -1.0226398
                   1.475                      -1.0362681
                  1.4775                      -1.0502152
                    1.48                      -1.0644516
                  1.4825                      -1.0789372
                   1.485                      -1.0936329
                  1.4875                      -1.1085075
                    1.49                      -1.1235505
                  1.4925                      -1.1387724
                   1.495                      -1.1542047
                  1.4975                      -1.1698949
                     1.5                      -1.1858928
                  1.5025                       -1.202244
                   1.505                      -1.2189747
                  1.5075                      -1.2360871
                    1.51                      -1.2535617
                  1.5125                      -1.2713585
                   1.515                      -1.2894272
                  1.5175                      -1.3077217
                    1.52                      -1.3262105
                  1.5225                      -1.3448827
                   1.525                       -1.363754
                  1.5275                      -1.3828608
                    1.53                      -1.4022597
                  1.5325                      -1.4220024
                   1.535                      -1.4421329
                  1.5375                      -1.4626744
                    1.54                      -1.4836234
                  1.5425                      -1.5049476
                   1.545                      -1.5265935
                  1.5475                      -1.5484985
                    1.55                      -1.5706069
                  1.5525                      -1.5928782
                   1.555                      -1.6152964
                  1.5575                      -1.6378822
                    1.56                      -1.6606773
                  1.5625                      -1.6837411
                   1.565                      -1.7071323
                  1.5675                      -1.7308963
                    1.57                      -1.7550484
                  1.5725                      -1.7795691
                   1.575                      -1.8044017
                  1.5775                       -1.829473
                    1.58                      -1.8546929
                  1.5825                      -1.8799851
                   1.585                      -1.9053005
                  1.5875                      -1.9306247
                    1.59                      -1.9559841
                  1.5925                      -1.9814297
                   1.595                      -2.0070318
                  1.5975                      -2.0328482
                     1.6                      -2.0589115
                  1.6025                      -2.0852134
                   1.605                      -2.1117045
                  1.6075                      -2.1382912
                    1.61                      -2.1648642
                  1.6125                      -2.1913108
                   1.615                       -2.217541
                  1.6175                      -2.2435044
                    1.62                      -2.2691907
                  1.6225                      -2.2946376
                   1.625                      -2.3199052
                  1.6275                      -2.3450599
                    1.63                      -2.3701499
                  1.6325                      -2.3951883
                   1.635                      -2.4201309
                  1.6375                      -2.4448933
                    1.64                      -2.4693457
                  1.6425                      -2.4933504
                   1.645                      -2.5167753
                  1.6475                      -2.5395216
                    1.65                      -2.5615478
                  1.6525                      -2.5828593
                   1.655                      -2.6035105
                  1.6575                      -2.6235774
                    1.66                      -2.6431355
                  1.6625                      -2.6622219
                   1.665                      -2.6808258
                  1.6675                      -2.6988761
                    1.67                      -2.7162497
                  1.6725                      -2.7327886
                   1.675                       -2.748335
                  1.6775                      -2.7627625
                    1.68                      -2.7759956
                  1.6825                        -2.78803
                   1.685                      -2.7989173
                  1.6875                      -2.8087556
                    1.69                      -2.8176504
                  1.6925                      -2.8256845
                   1.695                      -2.8328881
                  1.6975                       -2.839228
                     1.7                      -2.8446067
                  1.7025                      -2.8488825
                   1.705                      -2.8518996
                  1.7075                      -2.8535251
                    1.71                      -2.8536758
                  1.7125                      -2.8523435
                   1.715                      -2.8495852
                  1.7175                       -2.845515
                    1.72                      -2.8402731
                  1.7225                      -2.8339853
                   1.725                      -2.8267381
                  1.7275                      -2.8185526
                    1.73                      -2.8093766
                  1.7325                      -2.7991124
                   1.735                      -2.7876251
                  1.7375                      -2.7747884
                    1.74                      -2.7605165
                  1.7425                      -2.7447874
                   1.745                      -2.7276528
                  1.7475                      -2.7092315
                    1.75                      -2.6896757
                  1.7525                      -2.6691455
                   1.755                      -2.6477707
                  1.7575                      -2.6256241
                    1.76                      -2.6027082
                  1.7625                      -2.5789579
                   1.765                      -2.5542638
                  1.7675                      -2.5285044
                    1.77                      -2.5015828
                  1.7725                      -2.4734478
                   1.775                      -2.4441276
                  1.7775                      -2.4137126
                    1.78                      -2.3823423
                  1.7825                      -2.3501838
                   1.785                      -2.3173823
                  1.7875                      -2.2840457
                    1.79                      -2.2502051
                  1.7925                      -2.2158312
                   1.795                       -2.180837
                  1.7975                       -2.145105
                     1.8                       -2.108519
                  1.8025                      -2.0710022
                   1.805                      -2.0325308
                  1.8075                      -1.9931531
                    1.81                      -1.9529617
                  1.8125                      -1.9120957
                   1.815                      -1.8706984
                  1.8175                       -1.828877
                    1.82                       -1.786699
                  1.8225                      -1.7441664
                   1.825                      -1.7012236
                  1.8275                      -1.6577684
                    1.83                      -1.6136816
                  1.8325                      -1.5688579
                   1.835                      -1.5232345
                  1.8375                      -1.4767879
                    1.84                      -1.4295661
                  1.8425                      -1.3816632
                   1.845                      -1.3331936
                  1.8475                      -1.2842825
                    1.85                      -1.2350238
                  1.8525                      -1.1854792
                   1.855                      -1.1356552
                  1.8575                      -1.0855138
                    1.86                      -1.0349936
                  1.8625                     -0.98402756
                   1.865                     -0.93256238
                  1.8675                     -0.88059998
                    1.87                     -0.82819812
                  1.8725                     -0.77548717
                   1.875                     -0.72267717
                  1.8775                     -0.67003383
                    1.88                     -0.61789024
                  1.8825                     -0.56661756
                   1.885                     -0.51663968
                  1.8875                     -0.46843256
                    1.89                     -0.42253799
                  1.8925                     -0.37959362
                   1.895                     -0.34037792
                  1.8975                     -0.30584812
                     1.9                     -0.27720846
                  1.9025                     -0.25596437
                   1.905                      -0.2439956
                  1.9075                     -0.24360391
                    1.91                      -0.2575541
                  1.9125                     -0.28905635
                   1.915                     -0.34168497
                  1.9175                     -0.41920631
                    1.92                     -0.52528694
                  1.9225                     -0.66307306
                   1.925                     -0.83472702
                  1.9275                      -1.0409401
                    1.93                      -1.2806653
                  1.9325                      -1.5508437
                   1.935                      -1.8465457
                  1.9375                      -2.1613544
                    1.94                      -2.4876229
                  1.9425                      -2.8170287
                   1.945                      -3.1410198
                  1.9475                      -3.4513713
                    1.95                      -3.7406524
                  1.9525                      -4.0027258
                   1.955                       -4.233231
                  1.9575                      -4.4298169
                    1.96                      -4.5920212
                  1.9625                      -4.7210204
                   1.965                      -4.8191654
                  1.9675                      -4.8894288
                    1.97                      -4.9350246
                  1.9725                      -4.9590324
                   1.975                      -4.9643008
                  1.9775                      -4.9533827
                    1.98                      -4.9286142
                  1.9825                      -4.8921392
                   1.985                      -4.8460123
                  1.9875                      -4.7922482
                    1.99                      -4.7327963
                  1.9925                      -4.6695519
                   1.995                      -4.6042698
                  1.9975                      -4.5385332
                       2                       -4.473698
                  2.0025                      -4.4108735
                   2.005                      -4.3509226
                  2.0075                      -4.2944657
                    2.01                      -4.2419146
                  2.0125                      -4.1935174
                   2.015                      -4.1493938
                  2.0175                      -4.1095497
                    2.02                      -4.0739409
                  2.0225                       -4.042455
                   2.025                      -4.0149634
                  2.0275                       -3.991291
                    2.03                      -3.9712428
                  2.0325                      -3.9545799
                   2.035                      -3.9410155
                  2.0375                      -3.9301887
                    2.04                      -3.9216668
                  2.0425                      -3.9149351
                   2.045                      -3.9094154
                  2.0475                      -3.9044892
                    2.05                      -3.8995258
                  2.0525                      -3.8939311
                   2.055                      -3.8871812
                  2.0575                      -3.8788526
                    2.06                      -3.8686434
                  2.0625                      -3.8563724
                   2.065                      -3.8419737
                  2.0675                      -3.8254734
                    2.07                      -3.8069692
                  2.0725                      -3.7865982
                   2.075                      -3.7645127
                  2.0775                      -3.7408625
                    2.08                       -3.715789
                  2.0825                      -3.6894162
                   2.085                      -3.6618704
                  2.0875                      -3.6332957
                    2.09                      -3.6038657
                  2.0925                      -3.5738012
                   2.095                      -3.5433664
                  2.0975                      -3.5128541
                     2.1                      -3.4825546
                  2.1025                      -3.4527252
                   2.105                       -3.423543
                  2.1075                       -3.395096
                    2.11                      -3.3673584
                  2.1125                      -3.3402298
                   2.115                      -3.3135486
                  2.1175                      -3.2871477
                    2.12                      -3.2608913
                  2.1225                      -3.2347173
                   2.125                      -3.2086359
                  2.1275                      -3.1827392
                    2.13                      -3.1571518
                  2.1325                      -3.1320149
                   2.135                      -3.1074338
                  2.1375                      -3.0834501
                    2.14                      -3.0600258
                  2.1425                      -3.0370484
                   2.145                      -3.0143444
                  2.1475                      -2.9917129
                    2.15                      -2.9689649
                  2.1525                      -2.9459577
                   2.155                      -2.9226309
                  2.1575                      -2.8990062
                    2.16                      -2.8751952
                  2.1625                      -2.8513625
                   2.165                      -2.8276882
                  2.1675                      -2.8043322
                    2.17                       -2.781379
                  2.1725                      -2.7588232
                   2.175                       -2.736553
                  2.1775                      -2.7143761
                    2.18                      -2.6920661
                  2.1825                      -2.6694084
                   2.185                      -2.6462548
                  2.1875                      -2.6225793
                    2.19                      -2.5984697
                  2.1925                      -2.5741218
                   2.195                      -2.5497937
                  2.1975                      -2.5257302
                     2.2                      -2.5021147
                  2.2025                      -2.4790093
                   2.205                      -2.4563509
                  2.2075                      -2.4339645
                    2.21                      -2.4115996
                  2.2125                      -2.3890044
                   2.215                       -2.365982
                  2.2175                       -2.342439
                    2.22                       -2.318419
                  2.2225                      -2.2940809
                   2.225                      -2.2696695
                  2.2275                      -2.2454563
                    2.23                      -2.2216744
                  2.2325                      -2.1984697
                   2.235                      -2.1758693
                  2.2375                       -2.153779
                    2.24                      -2.1319999
                  2.2425                      -2.1102754
                   2.245                       -2.088348
                  2.2475                      -2.0660225
                    2.25                      -2.0432065
                  2.2525                      -2.0199482
                   2.255                      -1.9964262
                  2.2575                      -1.9729086
                    2.26                        -1.94971
                  2.2625                       -1.927104
                   2.265                      -1.9052661
                  2.2675                      -1.8842287
                    2.27                      -1.8638576
                  2.2725                      -1.8438834
                   2.275                      -1.8239646
                  2.2775                      -1.8037588
                    2.28                      -1.7830237
                  2.2825                      -1.7616758
                   2.285                      -1.7398218
                  2.2875                      -1.7177456
                    2.29                      -1.6958295
                  2.2925                      -1.6744746
                   2.295                      -1.6539869
                  2.2975                      -1.6345083
                     2.3                      -1.6159828
                  2.3025                      -1.5981606
                   2.305                      -1.5806625
                  2.3075                      -1.5630713
                    2.31                      -1.5450223
                  2.3125                      -1.5262928
                   2.315                        -1.50687
                  2.3175                      -1.4869464
                    2.32                      -1.4668884
                  2.3225                      -1.4471423
                   2.325                      -1.4281426
                  2.3275                      -1.4102216
                    2.33                      -1.3935354
                  2.3325                      -1.3780361
                   2.335                        -1.36347
                  2.3375                      -1.3494159
                    2.34                      -1.3353637
                  2.3425                      -1.3208201
                   2.345                      -1.3054477
                  2.3475                      -1.2891947
                    2.35                      -1.2723738
                  2.3525                      -1.2556709
                   2.355                      -1.2401001
                  2.3575                      -1.2268596
                    2.36                      -1.2171594
                  2.3625                      -1.2119946
                   2.365                      -1.2119244
                  2.3675                      -1.2168884
                    2.37                      -1.2261523
                  2.3725                      -1.2383857
                   2.375                      -1.2519042
                  2.3775                      -1.2649513
                    2.38                      -1.2759443
                  2.3825                      -1.2836304
                   2.385                      -1.2871229
                  2.3875                      -1.2858785
                    2.39                      -1.2796717
                  2.3925                      -1.2686056
                   2.395                      -1.2531587
                  2.3975                      -1.2342073
                     2.4                      -1.2129747
                  2.4025                        -1.19085
                   2.405                      -1.1691452
                  2.4075                      -1.1488883
                    2.41                        -1.13072
                  2.4125                      -1.1149207
                   2.415                       -1.101497
                  2.4175                      -1.0902931
                    2.42                      -1.0810783
                  2.4225                         -1.0736
                   2.425                      -1.0676225
                  2.4275                      -1.0629541
                    2.43                      -1.0594625
                  2.4325                      -1.0570943
                   2.435                      -1.0558929
                  2.4375                      -1.0560208
                    2.44                      -1.0577829
                  2.4425                      -1.0616517
                   2.445                      -1.0682888
                  2.4475                      -1.0785529
                    2.45                      -1.0935268
                  2.4525                      -1.1145407
                   2.455                      -1.1432563
                  2.4575                      -1.1817934
                    2.46                      -1.2329183
                  2.4625                      -1.3004388
                   2.465                      -1.3897082
                  2.4675                      -1.5084971
                    2.47                      -1.6684996
                  2.4725                      -1.8877482
                   2.475                      -2.1945592
                  2.4775                      -2.6339628
                    2.48                      -3.2745578
                  2.4825                      -4.2039143
                   2.485                      -5.4419098
                  2.4875                      -6.5808359
                    2.49                      -6.5422148
                  2.4925                      -5.2607364
                   2.495                      -3.8736151
                  2.4975                      -2.8638453
                     2.5                      -2.2010913
                  2.5025                      -1.7707243
                   2.505                      -1.4848968
                  2.5075                       -1.288189
                    2.51                      -1.1469805
                  2.5125                      -1.0409815
                   2.515                     -0.95793351
                  2.5175                       -0.890416
                    2.52                     -0.83409879
                  2.5225                     -0.78648267
                   2.525                     -0.74614105
                  2.5275                     -0.71218987
                    2.53                     -0.68391942
                  2.5325                     -0.66062496
                   2.535                     -0.64151433
                  2.5375                       -0.625716
                    2.54                     -0.61233697
                  2.5425                     -0.60051811
                   2.545                     -0.58952061
                  2.5475                     -0.57879126
                    2.55                     -0.56800504
                  2.5525                     -0.55708128
                   2.555                      -0.5461491
                  2.5575                     -0.53547879
                    2.56                     -0.52539565
                  2.5625                     -0.51618472
                   2.565                     -0.50802185
                  2.5675                     -0.50093595
                    2.57                     -0.49480274
                  2.5725                     -0.48937507
                   2.575                     -0.48433032
                  2.5775                     -0.47933923
                    2.58                     -0.47413196
                  2.5825                     -0.46854673
                   2.585                     -0.46255882
                  2.5875                     -0.45627535
                    2.59                      -0.4499001
                  2.5925                     -0.44367788
                   2.595                     -0.43783788
                  2.5975                     -0.43253768
                     2.6                     -0.42783566
                  2.6025                     -0.42367907
                   2.605                     -0.41992603
                  2.6075                     -0.41637716
                    2.61                     -0.41281974
                  2.6125                     -0.40907517
                   2.615                     -0.40503047
                  2.6175                     -0.40066208
                    2.62                     -0.39603596
                  2.6225                     -0.39128788
                   2.625                      -0.3865899
                  2.6275                     -0.38211215
                    2.63                     -0.37798168
                  2.6325                     -0.37425996
                   2.635                     -0.37093175
                  2.6375                     -0.36790925
                    2.64                      -0.3650542
                  2.6425                     -0.36220652
                   2.645                     -0.35921896
                  2.6475                      -0.3559906
                    2.65                     -0.35248645
                  2.6525                     -0.34874788
                   2.655                      -0.3448783
                  2.6575                     -0.34101912
                    2.66                     -0.33731643
                  2.6625                     -0.33388504
                   2.665                     -0.33078528
                  2.6675                      -0.3280103
                    2.67                     -0.32548809
                  2.6725                     -0.32310124
                   2.675                     -0.32071264
                  2.6775                     -0.31819776
                    2.68                     -0.31547344
                  2.6825                     -0.31251518
                   2.685                     -0.30935965
                  2.6875                     -0.30609667
                    2.69                     -0.30284296
                  2.6925                     -0.29971753
                   2.695                      -0.2968121
                  2.6975                     -0.29417339
                     2.7                     -0.29179439
                  2.7025                     -0.28961809
                   2.705                     -0.28755143
                  2.7075                     -0.28548737
                    2.71                     -0.28332707
                  2.7125                     -0.28100185
                   2.715                     -0.27848666
                  2.7175                     -0.27580498
                    2.72                     -0.27302298
                  2.7225                      -0.2702332
                   2.725                     -0.26753408
                  2.7275                      -0.2650084
                    2.73                     -0.26270448
                  2.7325                      -0.2606273
                   2.735                     -0.25873705
                  2.7375                     -0.25695813
                    2.74                     -0.25519658
                  2.7425                     -0.25335935
                   2.745                     -0.25137676
                  2.7475                     -0.24921814
                    2.75                     -0.24689906
                  2.7525                     -0.24447722
                   2.755                     -0.24203904
                  2.7575                     -0.23967827
                    2.76                     -0.23747425
                  2.7625                     -0.23547456
                   2.765                     -0.23368406
                  2.7675                     -0.23206507
                    2.77                     -0.23054582
                  2.7725                     -0.22903845
                   2.775                      -0.2274585
                  2.7775                     -0.22574423
                    2.78                     -0.22387149
                  2.7825                     -0.22185656
                   2.785                     -0.21975223
                  2.7875                     -0.21763501
                    2.79                     -0.21558616
                  2.7925                     -0.21367375
                   2.795                     -0.21193867
                  2.7975                     -0.21038536
                     2.8                     -0.20898312
                  2.8025                     -0.20767271
                   2.805                     -0.20638001
                  2.8075                     -0.20503214
                    2.81                     -0.20357289
                  2.8125                      -0.2019754
                   2.815                     -0.20024682
                  2.8175                     -0.19842771
                    2.82                     -0.19658268
                  2.8225                     -0.19478545
                   2.825                     -0.19310239
                  2.8275                     -0.19157834
                    2.83                     -0.19022645
                  2.8325                     -0.18902481
                   2.835                     -0.18792229
                  2.8375                     -0.18684819
                    2.84                     -0.18572894
                  2.8425                     -0.18450434
                   2.845                     -0.18314173
                  2.8475                     -0.18164458
                    2.85                     -0.18005097
                  2.8525                     -0.17842469
                   2.855                     -0.17684026
                  2.8575                     -0.17536507
                    2.86                     -0.17404484
                  2.8625                     -0.17289242
                   2.865                     -0.17188587
                  2.8675                     -0.17097365
                    2.87                     -0.17008619
                  2.8725                     -0.16915252
                   2.875                     -0.16811634
                  2.8775                     -0.16694831
                    2.88                     -0.16565292
                  2.8825                     -0.16426628
                   2.885                      -0.1628473
                  2.8875                     -0.16146453
                    2.89                     -0.16017968
                  2.8925                     -0.15903545
                   2.895                     -0.15804553
                  2.8975                     -0.15719234
                     2.9                     -0.15643168
                  2.9025                     -0.15570195
                   2.905                     -0.15493746
                  2.9075                      -0.1540831
                    2.91                     -0.15310585
                  2.9125                     -0.15200265
                   2.915                     -0.15080157
                  2.9175                     -0.14955501
                    2.92                     -0.14832897
                  2.9225                      -0.1471874
                   2.925                     -0.14617834
                  2.9275                      -0.1453228
                    2.93                     -0.14461015
                  2.9325                     -0.14400004
                   2.935                     -0.14343055
                  2.9375                     -0.14283208
                    2.94                     -0.14214325
                  2.9425                     -0.14132531
                   2.945                     -0.14037166
                  2.9475                     -0.13931003
                    2.95                     -0.13819553
                  2.9525                      -0.1370976
                   2.955                      -0.1360841
                  2.9575                     -0.13520541
                    2.96                     -0.13448346
                  2.9625                      -0.1339063
                   2.965                     -0.13343129
                  2.9675                     -0.13299475
                    2.97                     -0.13252641
                  2.9725                     -0.13196569
                   2.975                     -0.13127532
                  2.9775                     -0.13044987
                    2.98                     -0.12951662
                  2.9825                     -0.12852858
                   2.985                     -0.12755258
                  2.9875                     -0.12665437
                    2.99                     -0.12588378
                  2.9925                     -0.12526402
                   2.995                     -0.12478695
                  2.9975                     -0.12441464
                       3                     -0.12408788
