Frequency    S2,2_[45]

                     0.5                   -0.0018113905
                  0.5025                    -0.001916297
                   0.505                   -0.0020283899
                  0.5075                   -0.0021481646
                    0.51                   -0.0022760973
                  0.5125                   -0.0024127218
                   0.515                   -0.0025585811
                  0.5175                   -0.0027142219
                    0.52                   -0.0028802181
                  0.5225                   -0.0030571755
                   0.525                   -0.0032457287
                  0.5275                   -0.0034465195
                    0.53                   -0.0036602616
                  0.5325                   -0.0038876536
                   0.535                   -0.0041295544
                  0.5375                   -0.0043867666
                    0.54                   -0.0046602326
                  0.5425                   -0.0049509321
                   0.545                   -0.0052599988
                  0.5475                   -0.0055886083
                    0.55                   -0.0059381126
                  0.5525                    -0.006309936
                   0.555                   -0.0067057166
                  0.5575                   -0.0071272271
                    0.56                   -0.0075764523
                  0.5625                   -0.0080555558
                   0.565                   -0.0085670224
                  0.5675                   -0.0091134284
                    0.57                   -0.0096978323
                  0.5725                    -0.010323397
                   0.575                    -0.010993828
                  0.5775                    -0.011713005
                    0.58                    -0.012485325
                  0.5825                    -0.013315566
                   0.585                    -0.014209027
                  0.5875                    -0.015171375
                    0.59                    -0.016209054
                  0.5925                    -0.017328965
                   0.595                     -0.01853863
                  0.5975                    -0.019846404
                     0.6                     -0.02126143
                  0.6025                    -0.022793652
                   0.605                    -0.024453966
                  0.6075                    -0.026254311
                    0.61                    -0.028207933
                  0.6125                    -0.030329315
                   0.615                    -0.032634244
                  0.6175                    -0.035140254
                    0.62                     -0.03786682
                  0.6225                    -0.040835144
                   0.625                    -0.044068943
                  0.6275                    -0.047594456
                    0.63                    -0.051440967
                  0.6325                    -0.055641092
                   0.635                    -0.060230883
                  0.6375                    -0.065251258
                    0.64                    -0.070747942
                  0.6425                    -0.076772005
                   0.645                    -0.083381092
                  0.6475                    -0.090640543
                    0.65                    -0.098624093
                  0.6525                     -0.10741551
                   0.655                     -0.11710953
                  0.6575                     -0.12781445
                    0.66                     -0.13965385
                  0.6625                     -0.15276825
                   0.665                     -0.16732008
                  0.6675                     -0.18349403
                    0.67                     -0.20150386
                  0.6725                     -0.22159614
                   0.675                     -0.24405493
                  0.6775                     -0.26920935
                    0.68                     -0.29744226
                  0.6825                     -0.32919872
                   0.685                     -0.36499571
                  0.6875                     -0.40543992
                    0.69                     -0.45124067
                  0.6925                     -0.50322938
                   0.695                     -0.56238479
                  0.6975                     -0.62986026
                     0.7                     -0.70701498
                  0.7025                      -0.7954564
                   0.705                     -0.89708232
                  0.7075                       -1.014145
                    0.71                      -1.1493073
                  0.7125                       -1.305714
                   0.715                      -1.4870793
                  0.7175                      -1.6977722
                    0.72                       -1.942908
                  0.7225                      -2.2284178
                   0.725                      -2.5611299
                  0.7275                      -2.9487506
                    0.73                      -3.3998029
                  0.7325                       -3.923324
                   0.735                      -4.5282914
                  0.7375                      -5.2224008
                    0.74                      -6.0097525
                  0.7425                      -6.8864813
                   0.745                      -7.8328583
                  0.7475                        -8.80062
                    0.75                      -9.6975499
                  0.7525                       -10.38458
                   0.755                      -10.715913
                  0.7575                      -10.625179
                    0.76                      -10.175435
                  0.7625                      -9.5069086
                   0.765                      -8.7519764
                  0.7675                      -7.9971809
                    0.77                      -7.2871465
                  0.7725                      -6.6399386
                   0.775                      -6.0594144
                  0.7775                      -5.5426807
                    0.78                      -5.0840682
                  0.7825                      -4.6771088
                   0.785                      -4.3154483
                  0.7875                      -3.9932642
                    0.79                        -3.70538
                  0.7925                      -3.4472978
                   0.795                      -3.2151283
                  0.7975                      -3.0055336
                     0.8                       -2.815665
                  0.8025                      -2.6430761
                   0.805                      -2.4856788
                  0.8075                      -2.3416799
                    0.81                      -2.2095384
                  0.8125                      -2.0879299
                   0.815                      -1.9757104
                  0.8175                      -1.8718898
                    0.82                      -1.7756094
                  0.8225                      -1.6861223
                   0.825                      -1.6027751
                  0.8275                      -1.5249955
                    0.83                      -1.4522833
                  0.8325                      -1.3841949
                   0.835                      -1.3203405
                  0.8375                      -1.2603729
                    0.84                      -1.2039832
                  0.8425                      -1.1508971
                   0.845                      -1.1008681
                  0.8475                       -1.053675
                    0.85                      -1.0091177
                  0.8525                      -0.9670175
                   0.855                      -0.9272094
                  0.8575                     -0.88954585
                    0.86                     -0.85389126
                  0.8625                     -0.82012149
                   0.865                     -0.78812266
                  0.8675                     -0.75779109
                    0.87                      -0.7290295
                  0.8725                     -0.70174907
                   0.875                     -0.67586725
                  0.8775                     -0.65130739
                    0.88                      -0.6279984
                  0.8825                     -0.60587298
                   0.885                     -0.58486979
                  0.8875                     -0.56493048
                    0.89                     -0.54600044
                  0.8925                     -0.52802804
                   0.895                     -0.51096608
                  0.8975                     -0.49476834
                     0.9                     -0.47939224
                  0.9025                     -0.46479755
                   0.905                     -0.45094613
                  0.9075                     -0.43780189
                    0.91                     -0.42533031
                  0.9125                      -0.4134993
                   0.915                     -0.40227814
                  0.9175                     -0.39163772
                    0.92                     -0.38155059
                  0.9225                     -0.37199023
                   0.925                     -0.36293231
                  0.9275                     -0.35435318
                    0.93                     -0.34623034
                  0.9325                     -0.33854285
                   0.935                     -0.33127115
                  0.9375                     -0.32439601
                    0.94                     -0.31789984
                  0.9425                     -0.31176567
                   0.945                     -0.30597819
                  0.9475                      -0.3005222
                    0.95                     -0.29538367
                  0.9525                     -0.29055029
                   0.955                     -0.28600929
                  0.9575                     -0.28174943
                    0.96                     -0.27776045
                  0.9625                     -0.27403226
                   0.965                     -0.27055557
                  0.9675                     -0.26732253
                    0.97                     -0.26432467
                  0.9725                     -0.26155491
                   0.975                     -0.25900684
                  0.9775                     -0.25667366
                    0.98                     -0.25454998
                  0.9825                     -0.25263019
                   0.985                      -0.2509093
                  0.9875                     -0.24938254
                    0.99                     -0.24804534
                  0.9925                     -0.24689306
                   0.995                     -0.24592178
                  0.9975                     -0.24512711
                       1                     -0.24450522
                  1.0025                     -0.24405178
                   1.005                     -0.24376281
                  1.0075                       -0.243634
                    1.01                     -0.24366094
                  1.0125                     -0.24383916
                   1.015                     -0.24416403
                  1.0175                     -0.24463074
                    1.02                     -0.24523402
                  1.0225                      -0.2459689
                   1.025                      -0.2468292
                  1.0275                     -0.24780987
                    1.03                     -0.24890456
                  1.0325                      -0.2501071
                   1.035                     -0.25141126
                  1.0375                     -0.25281011
                    1.04                      -0.2542974
                  1.0425                     -0.25586613
                   1.045                     -0.25750927
                  1.0475                     -0.25922012
                    1.05                     -0.26099182
                  1.0525                     -0.26281744
                   1.055                     -0.26469014
                  1.0575                     -0.26660365
                    1.06                     -0.26855146
                  1.0625                     -0.27052734
                   1.065                     -0.27252553
                  1.0675                     -0.27454022
                    1.07                     -0.27656662
                  1.0725                     -0.27859942
                   1.075                     -0.28063458
                  1.0775                     -0.28266785
                    1.08                     -0.28469575
                  1.0825                     -0.28671483
                   1.085                     -0.28872258
                  1.0875                     -0.29071631
                    1.09                     -0.29269468
                  1.0925                     -0.29465544
                   1.095                     -0.29659792
                  1.0975                     -0.29852106
                     1.1                     -0.30042442
                  1.1025                     -0.30230785
                   1.105                     -0.30417125
                  1.1075                      -0.3060148
                    1.11                     -0.30783912
                  1.1125                     -0.30964508
                   1.115                     -0.31143308
                  1.1175                     -0.31320432
                    1.12                     -0.31495952
                  1.1225                     -0.31670012
                   1.125                     -0.31842702
                  1.1275                     -0.32014121
                    1.13                     -0.32184439
                  1.1325                     -0.32353752
                   1.135                     -0.32522188
                  1.1375                     -0.32689856
                    1.14                     -0.32856934
                  1.1425                     -0.33023512
                   1.145                     -0.33189737
                  1.1475                     -0.33355721
                    1.15                     -0.33521634
                  1.1525                      -0.3368764
                   1.155                     -0.33853827
                  1.1575                     -0.34020424
                    1.16                      -0.3418756
                  1.1625                     -0.34355428
                   1.165                     -0.34524161
                  1.1675                      -0.3469402
                    1.17                     -0.34865185
                  1.1725                     -0.35037844
                   1.175                     -0.35212203
                  1.1775                      -0.3538857
                    1.18                     -0.35567134
                  1.1825                     -0.35748141
                   1.185                     -0.35931843
                  1.1875                     -0.36118515
                    1.19                     -0.36308415
                  1.1925                     -0.36501832
                   1.195                     -0.36698973
                  1.1975                      -0.3690017
                     1.2                     -0.37105695
                  1.2025                     -0.37315742
                   1.205                      -0.3753064
                  1.2075                      -0.3775059
                    1.21                     -0.37975904
                  1.2125                     -0.38206723
                   1.215                     -0.38443348
                  1.2175                     -0.38685955
                    1.22                     -0.38934768
                  1.2225                     -0.39189933
                   1.225                     -0.39451709
                  1.2275                     -0.39720131
                    1.23                     -0.39995453
                  1.2325                     -0.40277763
                   1.235                     -0.40567197
                  1.2375                     -0.40863904
                    1.24                      -0.4116793
                  1.2425                     -0.41479436
                   1.245                     -0.41798477
                  1.2475                     -0.42125119
                    1.25                     -0.42459502
                  1.2525                     -0.42801687
                   1.255                     -0.43151758
                  1.2575                     -0.43509786
                    1.26                     -0.43875963
                  1.2625                     -0.44250318
                   1.265                     -0.44632988
                  1.2675                     -0.45024073
                    1.27                     -0.45423741
                  1.2725                     -0.45832176
                   1.275                     -0.46249478
                  1.2775                     -0.46675894
                    1.28                     -0.47111627
                  1.2825                     -0.47556832
                   1.285                     -0.48011831
                  1.2875                     -0.48476797
                    1.29                     -0.48952043
                  1.2925                      -0.4943783
                   1.295                     -0.49934423
                  1.2975                     -0.50442232
                     1.3                     -0.50961477
                  1.3025                     -0.51492489
                   1.305                     -0.52035601
                  1.3075                     -0.52591112
                    1.31                     -0.53159404
                  1.3125                     -0.53740841
                   1.315                     -0.54335599
                  1.3175                     -0.54944142
                    1.32                     -0.55566776
                  1.3225                     -0.56203786
                   1.325                      -0.5685542
                  1.3275                     -0.57521946
                    1.33                     -0.58203805
                  1.3325                     -0.58901152
                   1.335                      -0.5961426
                  1.3375                       -0.603434
                    1.34                     -0.61088797
                  1.3425                     -0.61850654
                   1.345                     -0.62629267
                  1.3475                     -0.63424735
                    1.35                     -0.64237377
                  1.3525                     -0.65067296
                   1.355                     -0.65914798
                  1.3575                     -0.66780128
                    1.36                     -0.67663361
                  1.3625                     -0.68564892
                   1.365                     -0.69484847
                  1.3675                     -0.70423444
                    1.37                     -0.71381047
                  1.3725                     -0.72357836
                   1.375                      -0.7335417
                  1.3775                      -0.7437042
                    1.38                     -0.75406796
                  1.3825                     -0.76463732
                   1.385                     -0.77541579
                  1.3875                     -0.78640603
                    1.39                     -0.79761448
                  1.3925                     -0.80904363
                   1.395                     -0.82069836
                  1.3975                     -0.83258241
                     1.4                     -0.84470116
                  1.4025                     -0.85705855
                   1.405                     -0.86965937
                  1.4075                     -0.88250551
                    1.41                     -0.89560507
                  1.4125                     -0.90895962
                   1.415                     -0.92257156
                  1.4175                     -0.93644757
                    1.42                     -0.95058898
                  1.4225                     -0.96499856
                   1.425                      -0.9796777
                  1.4275                     -0.99462805
                    1.43                      -1.0098519
                  1.4325                      -1.0253493
                   1.435                      -1.0411188
                  1.4375                       -1.057162
                    1.44                       -1.073476
                  1.4425                       -1.090059
                   1.445                       -1.106908
                  1.4475                      -1.1240194
                    1.45                      -1.1413904
                  1.4525                      -1.1590148
                   1.455                      -1.1768876
                  1.4575                       -1.195004
                    1.46                       -1.213356
                  1.4625                      -1.2319369
                   1.465                      -1.2507398
                  1.4675                      -1.2697557
                    1.47                       -1.288976
                  1.4725                      -1.3083915
                   1.475                      -1.3279919
                  1.4775                      -1.3477688
                    1.48                      -1.3677108
                  1.4825                      -1.3878041
                   1.485                       -1.408041
                  1.4875                      -1.4284046
                    1.49                      -1.4488848
                  1.4925                      -1.4694678
                   1.495                       -1.490136
                  1.4975                      -1.5108772
                     1.5                      -1.5316717
                  1.5025                      -1.5525042
                   1.505                      -1.5733545
                  1.5075                      -1.5942009
                    1.51                       -1.615024
                  1.5125                      -1.6358015
                   1.515                      -1.6565068
                  1.5175                      -1.6771154
                    1.52                      -1.6976011
                  1.5225                      -1.7179331
                   1.525                      -1.7380826
                  1.5275                      -1.7580143
                    1.53                      -1.7777012
                  1.5325                      -1.7971063
                   1.535                      -1.8161932
                  1.5375                      -1.8349279
                    1.54                      -1.8532736
                  1.5425                      -1.8711948
                   1.545                      -1.8886525
                  1.5475                      -1.9056082
                    1.55                        -1.92203
                  1.5525                      -1.9378806
                   1.555                      -1.9531228
                  1.5575                      -1.9677275
                    1.56                      -1.9816616
                  1.5625                      -1.9948938
                   1.565                      -2.0073967
                  1.5675                      -2.0191453
                    1.57                      -2.0301164
                  1.5725                      -2.0402899
                   1.575                      -2.0496456
                  1.5775                       -2.058171
                    1.58                      -2.0658507
                  1.5825                       -2.072676
                   1.585                      -2.0786377
                  1.5875                      -2.0837329
                    1.59                      -2.0879578
                  1.5925                      -2.0913114
                   1.595                       -2.093796
                  1.5975                      -2.0954155
                     1.6                      -2.0961756
                  1.6025                      -2.0960821
                   1.605                      -2.0951449
                  1.6075                       -2.093374
                    1.61                      -2.0907806
                  1.6125                      -2.0873786
                   1.615                       -2.083181
                  1.6175                      -2.0782038
                    1.62                      -2.0724627
                  1.6225                       -2.065975
                   1.625                      -2.0587601
                  1.6275                      -2.0508373
                    1.63                      -2.0422268
                  1.6325                      -2.0329506
                   1.635                      -2.0230315
                  1.6375                      -2.0124934
                    1.64                      -2.0013618
                  1.6425                      -1.9896615
                   1.645                      -1.9774202
                  1.6475                      -1.9646665
                    1.65                      -1.9514272
                  1.6525                      -1.9377325
                   1.655                      -1.9236125
                  1.6575                      -1.9090971
                    1.66                      -1.8942166
                  1.6625                      -1.8790017
                   1.665                      -1.8634832
                  1.6675                      -1.8476923
                    1.67                      -1.8316568
                  1.6725                       -1.815407
                   1.675                      -1.7989725
                  1.6775                      -1.7823786
                    1.68                      -1.7656527
                  1.6825                      -1.7488203
                   1.685                      -1.7319057
                  1.6875                      -1.7149309
                    1.69                      -1.6979167
                  1.6925                       -1.680883
                   1.695                       -1.663849
                  1.6975                      -1.6468293
                     1.7                      -1.6298395
                  1.7025                      -1.6128938
                   1.705                      -1.5960048
                  1.7075                      -1.5791826
                    1.71                      -1.5624367
                  1.7125                      -1.5457762
                   1.715                       -1.529209
                  1.7175                      -1.5127402
                    1.72                      -1.4963769
                  1.7225                      -1.4801246
                   1.725                      -1.4639866
                  1.7275                      -1.4479684
                    1.73                      -1.4320724
                  1.7325                      -1.4163038
                   1.735                      -1.4006649
                  1.7375                      -1.3851584
                    1.74                      -1.3697888
                  1.7425                      -1.3545584
                   1.745                      -1.3394709
                  1.7475                      -1.3245294
                    1.75                      -1.3097374
                  1.7525                      -1.2950971
                   1.755                      -1.2806136
                  1.7575                      -1.2662888
                    1.76                       -1.252127
                  1.7625                        -1.23813
                   1.765                      -1.2243017
                  1.7675                      -1.2106452
                    1.77                      -1.1971633
                  1.7725                       -1.183857
                   1.775                      -1.1707293
                  1.7775                      -1.1577815
                    1.78                       -1.145015
                  1.7825                      -1.1324295
                   1.785                      -1.1200266
                  1.7875                       -1.107806
                    1.79                      -1.0957655
                  1.7925                       -1.083905
                   1.795                      -1.0722227
                  1.7975                      -1.0607163
                     1.8                      -1.0493826
                  1.8025                      -1.0382192
                   1.805                      -1.0272222
                  1.8075                      -1.0163891
                    1.81                      -1.0057148
                  1.8125                     -0.99519498
                   1.815                     -0.98482693
                  1.8175                     -0.97460448
                    1.82                     -0.96452419
                  1.8225                     -0.95458169
                   1.825                     -0.94477329
                  1.8275                     -0.93509471
                    1.83                     -0.92554192
                  1.8325                      -0.9161121
                   1.835                     -0.90680241
                  1.8375                     -0.89760875
                    1.84                     -0.88852984
                  1.8425                     -0.87956394
                   1.845                     -0.87070837
                  1.8475                     -0.86196331
                    1.85                     -0.85332689
                  1.8525                     -0.84479947
                   1.855                     -0.83638027
                  1.8575                     -0.82806961
                    1.86                     -0.81986785
                  1.8625                       -0.811776
                   1.865                     -0.80379465
                  1.8675                     -0.79592476
                    1.87                     -0.78816723
                  1.8725                     -0.78052245
                   1.875                     -0.77299234
                  1.8775                     -0.76557649
                    1.88                     -0.75827667
                  1.8825                      -0.7510922
                   1.885                     -0.74402411
                  1.8875                      -0.7370724
                    1.89                     -0.73023667
                  1.8925                     -0.72351616
                   1.895                     -0.71691035
                  1.8975                      -0.7104181
                     1.9                     -0.70403829
                  1.9025                     -0.69776922
                   1.905                     -0.69160921
                  1.9075                      -0.6855571
                    1.91                     -0.67961031
                  1.9125                     -0.67376689
                   1.915                      -0.6680253
                  1.9175                     -0.66238344
                    1.92                     -0.65683936
                  1.9225                     -0.65139185
                   1.925                      -0.6460391
                  1.9275                     -0.64078057
                    1.93                     -0.63561473
                  1.9325                     -0.63054169
                   1.935                     -0.62556143
                  1.9375                     -0.62067402
                    1.94                     -0.61588074
                  1.9425                     -0.61118277
                   1.945                      -0.6065822
                  1.9475                     -0.60208127
                    1.95                     -0.59768255
                  1.9525                     -0.59338958
                   1.955                     -0.58920597
                  1.9575                     -0.58513564
                    1.96                     -0.58118288
                  1.9625                     -0.57735228
                   1.965                     -0.57364873
                  1.9675                     -0.57007711
                    1.97                     -0.56664194
                  1.9725                     -0.56334846
                   1.975                     -0.56020118
                  1.9775                     -0.55720464
                    1.98                     -0.55436314
                  1.9825                     -0.55168059
                   1.985                     -0.54916021
                  1.9875                     -0.54680493
                    1.99                     -0.54461693
                  1.9925                     -0.54259779
                   1.995                     -0.54074826
                  1.9975                     -0.53906814
                       2                     -0.53755651
                  2.0025                     -0.53621144
                   2.005                     -0.53502988
                  2.0075                     -0.53400784
                    2.01                     -0.53313999
                  2.0125                     -0.53242021
                   2.015                     -0.53184077
                  2.0175                     -0.53139323
                    2.02                     -0.53106737
                  2.0225                     -0.53085233
                   2.025                     -0.53073567
                  2.0275                     -0.53070403
                    2.03                     -0.53074305
                  2.0325                     -0.53083704
                   2.035                     -0.53096994
                  2.0375                     -0.53112471
                    2.04                     -0.53128321
                  2.0425                     -0.53142764
                   2.045                      -0.5315397
                  2.0475                     -0.53160074
                    2.05                     -0.53159266
                  2.0525                     -0.53149784
                   2.055                     -0.53129929
                  2.0575                     -0.53098101
                    2.06                      -0.5305282
                  2.0625                     -0.52992767
                   2.065                     -0.52916797
                  2.0675                     -0.52823952
                    2.07                     -0.52713481
                  2.0725                     -0.52584885
                   2.075                     -0.52437864
                  2.0775                     -0.52272386
                    2.08                     -0.52088649
                  2.0825                     -0.51887083
                   2.085                     -0.51668321
                  2.0875                     -0.51433258
                    2.09                     -0.51182909
                  2.0925                     -0.50918517
                   2.095                     -0.50641409
                  2.0975                     -0.50353072
                     2.1                     -0.50055025
                  2.1025                     -0.49748904
                   2.105                     -0.49436299
                  2.1075                     -0.49118898
                    2.11                     -0.48798217
                  2.1125                     -0.48475846
                   2.115                     -0.48153245
                  2.1175                     -0.47831778
                    2.12                     -0.47512702
                  2.1225                     -0.47197182
                   2.125                     -0.46886211
                  2.1275                     -0.46580693
                    2.13                     -0.46281298
                  2.1325                     -0.45988656
                   2.135                     -0.45703178
                  2.1375                     -0.45425171
                    2.14                     -0.45154761
                  2.1425                     -0.44892003
                   2.145                     -0.44636789
                  2.1475                     -0.44388879
                    2.15                     -0.44147953
                  2.1525                     -0.43913584
                   2.155                     -0.43685266
                  2.1575                     -0.43462417
                    2.16                     -0.43244396
                  2.1625                     -0.43030531
                   2.165                     -0.42820056
                  2.1675                     -0.42612267
                    2.17                     -0.42406386
                  2.1725                     -0.42201693
                   2.175                     -0.41997455
                  2.1775                     -0.41792956
                    2.18                     -0.41587567
                  2.1825                     -0.41380682
                   2.185                     -0.41171724
                  2.1875                     -0.40960234
                    2.19                     -0.40745817
                  2.1925                     -0.40528113
                   2.195                     -0.40306896
                  2.1975                     -0.40081977
                     2.2                     -0.39853293
                  2.2025                     -0.39620798
                   2.205                     -0.39384545
                  2.2075                     -0.39144683
                    2.21                     -0.38901368
                  2.2125                     -0.38654873
                   2.215                     -0.38405453
                  2.2175                     -0.38153424
                    2.22                      -0.3789917
                  2.2225                     -0.37643019
                   2.225                     -0.37385338
                  2.2275                     -0.37126534
                    2.23                     -0.36866949
                  2.2325                      -0.3660692
                   2.235                     -0.36346814
                  2.2375                     -0.36086907
                    2.24                     -0.35827478
                  2.2425                     -0.35568753
                   2.245                     -0.35310913
                  2.2475                     -0.35054158
                    2.25                     -0.34798569
                  2.2525                     -0.34544248
                   2.255                      -0.3429125
                  2.2575                     -0.34039528
                    2.26                     -0.33789116
                  2.2625                     -0.33539936
                   2.265                     -0.33291899
                  2.2675                     -0.33044955
                    2.27                     -0.32798956
                  2.2725                     -0.32553791
                   2.275                     -0.32309374
                  2.2775                     -0.32065521
                    2.28                     -0.31822161
                  2.2825                     -0.31579169
                   2.285                     -0.31336434
                  2.2875                     -0.31093907
                    2.29                       -0.308515
                  2.2925                     -0.30609218
                   2.295                     -0.30366996
                  2.2975                     -0.30124838
                     2.3                     -0.29882811
                  2.3025                     -0.29640945
                   2.305                     -0.29399298
                  2.3075                     -0.29158006
                    2.31                     -0.28917176
                  2.3125                     -0.28676886
                   2.315                     -0.28437339
                  2.3175                     -0.28198627
                    2.32                     -0.27960962
                  2.3225                     -0.27724479
                   2.325                     -0.27489314
                  2.3275                     -0.27255657
                    2.33                      -0.2702364
                  2.3325                     -0.26793397
                   2.335                     -0.26565048
                  2.3375                     -0.26338684
                    2.34                     -0.26114428
                  2.3425                      -0.2589234
                   2.345                     -0.25672453
                  2.3475                     -0.25454829
                    2.35                     -0.25239478
                  2.3525                     -0.25026354
                   2.355                     -0.24815477
                  2.3575                     -0.24606765
                    2.36                     -0.24400203
                  2.3625                     -0.24195684
                   2.365                     -0.23993127
                  2.3675                     -0.23792467
                    2.37                     -0.23593551
                  2.3725                     -0.23396315
                   2.375                     -0.23200637
                  2.3775                     -0.23006393
                    2.38                     -0.22813509
                  2.3825                      -0.2262187
                   2.385                     -0.22431375
                  2.3875                     -0.22241979
                    2.39                      -0.2205357
                  2.3925                     -0.21866091
                   2.395                     -0.21679527
                  2.3975                      -0.2149382
                     2.4                     -0.21308975
                  2.4025                     -0.21124984
                   2.405                     -0.20941854
                  2.4075                     -0.20759617
                    2.41                     -0.20578287
                  2.4125                     -0.20397949
                   2.415                      -0.2021864
                  2.4175                     -0.20040416
                    2.42                     -0.19863372
                  2.4225                      -0.1968758
                   2.425                     -0.19513081
                  2.4275                     -0.19339984
                    2.43                     -0.19168352
                  2.4325                     -0.18998237
                   2.435                     -0.18829736
                  2.4375                     -0.18662868
                    2.44                     -0.18497709
                  2.4425                     -0.18334299
                   2.445                     -0.18172615
                  2.4475                      -0.1801272
                    2.45                     -0.17854587
                  2.4525                      -0.1769823
                   2.455                     -0.17543618
                  2.4575                     -0.17390708
                    2.46                     -0.17239493
                  2.4625                     -0.17089886
                   2.465                     -0.16941828
                  2.4675                     -0.16795279
                    2.47                     -0.16650157
                  2.4725                      -0.1650637
                   2.475                     -0.16363872
                  2.4775                     -0.16222558
                    2.48                     -0.16082388
                  2.4825                     -0.15943251
                   2.485                     -0.15805085
                  2.4875                     -0.15667845
                    2.49                     -0.15531451
                  2.4925                     -0.15395882
                   2.495                      -0.1526108
                  2.4975                     -0.15127023
                     2.5                     -0.14993685
                  2.5025                      -0.1486106
                   2.505                     -0.14729135
                  2.5075                     -0.14597942
                    2.51                     -0.14467488
                  2.5125                     -0.14337793
                   2.515                     -0.14208922
                  2.5175                     -0.14080877
                    2.52                     -0.13953735
                  2.5225                     -0.13827536
                   2.525                      -0.1370233
                  2.5275                     -0.13578187
                    2.53                     -0.13455146
                  2.5325                     -0.13333278
                   2.535                     -0.13212637
                  2.5375                     -0.13093243
                    2.54                     -0.12975164
                  2.5425                     -0.12858429
                   2.545                     -0.12743057
                  2.5475                      -0.1262909
                    2.55                      -0.1251653
                  2.5525                     -0.12405384
                   2.555                     -0.12295648
                  2.5575                     -0.12187302
                    2.56                     -0.12080345
                  2.5625                     -0.11974736
                   2.565                     -0.11870438
                  2.5675                     -0.11767421
                    2.57                     -0.11665625
                  2.5725                     -0.11565022
                   2.575                     -0.11465533
                  2.5775                     -0.11367103
                    2.58                      -0.1126969
                  2.5825                     -0.11173225
                   2.585                     -0.11077649
                  2.5875                     -0.10982919
                    2.59                     -0.10888988
                  2.5925                     -0.10795787
                   2.595                     -0.10703296
                  2.5975                      -0.1061147
                     2.6                     -0.10520295
                  2.6025                     -0.10429742
                   2.605                     -0.10339796
                  2.6075                     -0.10250466
                    2.61                     -0.10161735
                  2.6125                     -0.10073629
                   2.615                    -0.099861584
                  2.6175                    -0.098993415
                    2.62                    -0.098132182
                  2.6225                     -0.09727815
                   2.625                    -0.096431638
                  2.6275                    -0.095593263
                    2.63                    -0.094763181
                  2.6325                    -0.093941876
                   2.635                    -0.093129881
                  2.6375                    -0.092327469
                    2.64                    -0.091535136
                  2.6425                    -0.090753174
                   2.645                    -0.089981829
                  2.6475                    -0.089221506
                    2.65                    -0.088472159
                  2.6525                    -0.087734114
                   2.655                    -0.087007348
                  2.6575                    -0.086291792
                    2.66                    -0.085587482
                  2.6625                     -0.08489422
                   2.665                    -0.084211762
                  2.6675                     -0.08353984
                    2.67                    -0.082878106
                  2.6725                    -0.082226101
                   2.675                    -0.081583505
                  2.6775                    -0.080949719
                    2.68                    -0.080324335
                  2.6825                    -0.079706831
                   2.685                    -0.079096535
                  2.6875                     -0.07849305
                    2.69                    -0.077895771
                  2.6925                     -0.07730431
                   2.695                    -0.076718126
                  2.6975                    -0.076136761
                     2.7                    -0.075559938
                  2.7025                    -0.074987337
                   2.705                    -0.074418592
                  2.7075                    -0.073853604
                    2.71                     -0.07329223
                  2.7125                    -0.072734365
                   2.715                    -0.072180109
                  2.7175                    -0.071629456
                    2.72                    -0.071082686
                  2.7225                    -0.070539877
                   2.725                    -0.070001279
                  2.7275                    -0.069467266
                    2.73                    -0.068938101
                  2.7325                    -0.068414241
                   2.735                    -0.067896034
                  2.7375                    -0.067383767
                    2.74                    -0.066878027
                  2.7425                    -0.066379013
                   2.745                    -0.065887117
                  2.7475                     -0.06540273
                    2.75                    -0.064926063
                  2.7525                    -0.064457341
                   2.755                    -0.063996844
                  2.7575                      -0.0635446
                    2.76                    -0.063100687
                  2.7625                    -0.062665114
                   2.765                    -0.062237751
                  2.7675                     -0.06181853
                    2.77                    -0.061407146
                  2.7725                    -0.061003424
                   2.775                    -0.060607005
                  2.7775                    -0.060217434
                    2.78                     -0.05983435
                  2.7825                    -0.059457268
                   2.785                    -0.059085666
                  2.7875                    -0.058719054
                    2.79                    -0.058356938
                  2.7925                     -0.05799871
                   2.795                    -0.057643995
                  2.7975                     -0.05729216
                     2.8                    -0.056942833
                  2.8025                    -0.056595613
                   2.805                    -0.056250074
                  2.8075                    -0.055905984
                    2.81                    -0.055563047
                  2.8125                    -0.055221167
                   2.815                    -0.054880172
                  2.8175                     -0.05454002
                    2.82                    -0.054200815
                  2.8225                     -0.05386264
                   2.825                     -0.05352567
                  2.8275                    -0.053190191
                    2.83                    -0.052856491
                  2.8325                    -0.052524885
                   2.835                    -0.052195812
                  2.8375                    -0.051869621
                    2.84                    -0.051546856
                  2.8425                    -0.051227902
                   2.845                      -0.0509132
                  2.8475                    -0.050603239
                    2.85                    -0.050298398
                  2.8525                    -0.049999055
                   2.855                    -0.049705543
                  2.8575                    -0.049418128
                    2.86                    -0.049137077
                  2.8625                    -0.048862533
                   2.865                    -0.048594542
                  2.8675                    -0.048333173
                    2.87                    -0.048078336
                  2.8725                    -0.047829848
                   2.875                    -0.047587552
                  2.8775                    -0.047351128
                    2.88                    -0.047120226
                  2.8825                    -0.046894463
                   2.885                    -0.046673329
                  2.8875                    -0.046456346
                    2.89                    -0.046242945
                  2.8925                    -0.046032584
                   2.895                    -0.045824675
                  2.8975                    -0.045618633
                     2.9                    -0.045413957
                  2.9025                    -0.045210052
                   2.905                    -0.045006479
                  2.9075                     -0.04480275
                    2.91                    -0.044598517
                  2.9125                    -0.044393423
                   2.915                    -0.044187293
                  2.9175                    -0.043979896
                    2.92                    -0.043771234
                  2.9225                    -0.043561274
                   2.925                    -0.043350127
                  2.9275                    -0.043137977
                    2.93                    -0.042925056
                  2.9325                    -0.042711761
                   2.935                    -0.042498473
                  2.9375                    -0.042285618
                    2.94                    -0.042073761
                  2.9425                    -0.041863439
                   2.945                    -0.041655169
                  2.9475                    -0.041449583
                    2.95                    -0.041247228
                  2.9525                    -0.041048616
                   2.955                    -0.040854359
                  2.9575                     -0.04066486
                    2.96                    -0.040480576
                  2.9625                     -0.04030186
                   2.965                     -0.04012896
                  2.9675                    -0.039962124
                    2.97                    -0.039801403
                  2.9725                    -0.039646863
                   2.975                    -0.039498368
                  2.9775                    -0.039355753
                    2.98                    -0.039218789
                  2.9825                    -0.039087072
                   2.985                    -0.038960146
                  2.9875                    -0.038837518
                    2.99                    -0.038718587
                  2.9925                     -0.03860273
                   2.995                    -0.038489267
                  2.9975                     -0.03837748
                       3                    -0.038266681
