        Frequency / GHz                System Tot. Efficiency [AC1]/abs,dB
----------------------------------------------------------------------
                    0.69                      -7.1610244
                    0.78                      -8.5571372
                    0.87                      -10.280239
                    0.96                      -10.531941
                     1.7                       -8.414758
                     1.8                      -6.3357254
                     1.9                       -6.478426
                       2                      -6.8583875
                     2.1                      -7.2415227
                     2.2                      -7.5908292
                     2.3                      -7.8293432
                     2.4                      -7.9229312
                     2.5                      -7.8969543
                     2.6                      -7.8026802
                     2.7                      -7.6724788

