        Frequency / GHz                System Tot. Efficiency [AC1]/abs,dB
----------------------------------------------------------------------
                    0.69                      -8.0317271
                    0.78                      -8.8736012
                    0.87                      -9.4125637
                    0.96                      -8.9805836
                     1.7                       -9.821886
                     1.8                      -7.0974963
                     1.9                       -4.613897
                       2                      -5.3971864
                     2.1                      -7.6169935
                     2.2                      -9.7535703
                     2.3                      -11.396237
                     2.4                      -12.472384
                     2.5                       -13.05182
                     2.6                      -13.276041
                     2.7                      -13.288542

