Frequency    S1,1_[97]

                       0                 -1.0423068e-006
                  0.0035                  2.1140149e-007
                   0.007                  3.4165629e-007
                  0.0105                 -8.8457479e-007
                   0.014                 -4.8841122e-006
                  0.0175                 -1.2419193e-005
                   0.021                 -2.2926378e-005
                  0.0245                 -3.4274532e-005
                   0.028                 -4.3098882e-005
                  0.0315                 -4.5717253e-005
                   0.035                  -3.943224e-005
                  0.0385                 -2.3794355e-005
                   0.042                 -1.4869439e-006
                  0.0455                  2.1597168e-005
                   0.049                  3.7161643e-005
                  0.0525                  3.6325169e-005
                   0.056                   1.186211e-005
                  0.0595                 -3.9440201e-005
                   0.063                  -0.00011487483
                  0.0665                  -0.00020538545
                    0.07                  -0.00029640276
                  0.0735                  -0.00037052141
                   0.077                  -0.00041124067
                  0.0805                  -0.00040736546
                   0.084                  -0.00035664374
                  0.0875                  -0.00026771092
                   0.091                   -0.0001602314
                  0.0945                  -6.177037e-005
                   0.098                  -3.198647e-006
                  0.1015                 -1.1761227e-005
                   0.105                   -0.0001049602
                  0.1085                  -0.00028498522
                   0.112                  -0.00053629559
                  0.1155                  -0.00082634872
                   0.119                   -0.0011107104
                  0.1225                   -0.0013412251
                   0.126                   -0.0014764066
                  0.1295                   -0.0014913078
                   0.133                   -0.0013847314
                  0.1365                   -0.0011820407
                    0.14                  -0.00093275714
                  0.1435                  -0.00070236399
                   0.147                  -0.00055995031
                  0.1505                  -0.00056455761
                   0.154                  -0.00075151619
                  0.1575                   -0.0011235143
                   0.161                   -0.0016461735
                  0.1645                    -0.002252244
                   0.168                   -0.0028525576
                  0.1715                   -0.0033526753
                   0.175                     -0.00367283
                  0.1785                   -0.0037655502
                   0.182                   -0.0036271063
                  0.1855                   -0.0033027779
                   0.189                   -0.0028792079
                  0.1925                   -0.0024703841
                   0.196                   -0.0021951225
                  0.1995                   -0.0021545306
                   0.203                   -0.0024104306
                  0.2065                   -0.0029700622
                    0.21                   -0.0037821058
                  0.2135                   -0.0047430484
                   0.217                     -0.00571472
                  0.2205                   -0.0065513132
                   0.224                    -0.007126915
                  0.2275                   -0.0073646417
                   0.231                   -0.0072517137
                  0.2345                   -0.0068463627
                   0.238                    -0.006267524
                  0.2415                   -0.0056737351
                   0.245                   -0.0052330914
                  0.2485                     -0.00509179
                   0.252                    -0.005343852
                  0.2555                   -0.0060118762
                   0.259                   -0.0070394805
                  0.2625                   -0.0083000338
                   0.266                   -0.0096175135
                  0.2695                    -0.010800069
                   0.273                    -0.011678263
                  0.2765                    -0.012137954
                    0.28                    -0.012145664
                  0.2835                    -0.011755661
                   0.287                     -0.01110253
                  0.2905                    -0.010375714
                   0.294                   -0.0097848987
                  0.2975                    -0.009519595
                   0.301                   -0.0097147627
                  0.3045                     -0.01042339
                   0.308                    -0.011604433
                  0.3115                    -0.013126797
                   0.315                    -0.014793077
                  0.3185                    -0.016374075
                   0.322                    -0.017653675
                  0.3255                    -0.018471065
                   0.329                    -0.018753462
                  0.3325                    -0.018532464
                   0.336                    -0.017939333
                  0.3395                    -0.017182098
                   0.343                     -0.01650752
                  0.3465                    -0.016156783
                    0.35                    -0.016319671
                  0.3535                    -0.017101314
                   0.357                    -0.018497339
                  0.3605                    -0.020391976
                   0.364                    -0.022576216
                  0.3675                    -0.024782226
                   0.371                    -0.026734529
                  0.3745                    -0.028202879
                   0.378                    -0.029049985
                  0.3815                     -0.02926019
                   0.385                    -0.028946792
                  0.3885                    -0.028333346
                   0.392                    -0.027715465
                  0.3955                    -0.027409136
                   0.399                     -0.02769552
                  0.4025                    -0.028768653
                   0.406                    -0.030698099
                  0.4095                    -0.033407758
                   0.413                    -0.036683136
                  0.4165                    -0.040201991
                    0.42                    -0.043592077
                  0.4235                    -0.046502097
                   0.427                    -0.048675573
                  0.4305                    -0.050005686
                   0.434                    -0.050565394
                  0.4375                    -0.050602362
                   0.441                    -0.050502393
                  0.4445                    -0.050727523
                   0.448                    -0.051743256
                  0.4515                    -0.053939208
                   0.455                    -0.057555502
                  0.4585                    -0.062628379
                   0.462                     -0.06896173
                  0.4655                    -0.076142392
                   0.469                    -0.083601248
                  0.4725                    -0.090720098
                   0.476                     -0.09696267
                  0.4795                     -0.10200004
                   0.483                     -0.10580457
                  0.4865                     -0.10868548
                    0.49                     -0.11126715
                  0.4935                     -0.11441956
                   0.497                     -0.11915011
                  0.5005                     -0.12646966
                   0.504                     -0.13723466
                  0.5075                     -0.15197754
                   0.511                        -0.17074
                  0.5145                     -0.19297045
                   0.518                     -0.21753053
                  0.5215                     -0.24288856
                   0.525                     -0.26747219
                  0.5285                     -0.29012183
                   0.532                     -0.31050286
                  0.5355                     -0.32937344
                   0.539                     -0.34867984
                  0.5425                     -0.37150403
                   0.546                     -0.40188834
                  0.5495                     -0.44444382
                   0.553                     -0.50344321
                  0.5565                     -0.58106827
                    0.56                     -0.67484837
                  0.5635                     -0.77577014
                   0.567                     -0.86983412
                  0.5705                     -0.94420003
                   0.574                     -0.99371022
                  0.5775                       -1.022085
                   0.581                      -1.0376738
                  0.5845                      -1.0483074
                   0.588                      -1.0585026
                  0.5915                      -1.0692501
                   0.595                      -1.0794936
                  0.5985                      -1.0882546
                   0.602                      -1.0964873
                  0.6055                      -1.1079734
                   0.609                      -1.1292677
                  0.6125                      -1.1691715
                   0.616                      -1.2382223
                  0.6195                       -1.348305
                   0.623                      -1.5119846
                  0.6265                      -1.7408482
                    0.63                      -2.0422403
                  0.6335                        -2.41444
                   0.637                      -2.8421655
                  0.6405                      -3.2961129
                   0.644                      -3.7398619
                  0.6475                      -4.1423578
                   0.651                      -4.4885417
                  0.6545                      -4.7813595
                   0.658                      -5.0351989
                  0.6615                      -5.2662189
                   0.665                      -5.4844424
                  0.6685                      -5.6893529
                   0.672                      -5.8693027
                  0.6755                       -6.005234
                   0.679                      -6.0783922
                  0.6825                      -6.0794797
                   0.686                      -6.0138178
                  0.6895                      -5.8994543
                   0.693                      -5.7600512
                  0.6965                      -5.6176635
                     0.7                      -5.4885867
                  0.7035                      -5.3824471
                   0.707                      -5.3030819
                  0.7105                      -5.2499887
                   0.714                       -5.219672
                  0.7175                      -5.2068513
                   0.721                      -5.2056004
                  0.7245                      -5.2104803
                   0.728                      -5.2175766
                  0.7315                      -5.2252342
                   0.735                      -5.2342712
                  0.7385                      -5.2476023
                   0.742                      -5.2694304
                  0.7455                      -5.3043056
                   0.749                       -5.356295
                  0.7525                      -5.4283771
                   0.756                      -5.5220722
                  0.7595                      -5.6372756
                   0.763                      -5.7722491
                  0.7665                      -5.9237874
                    0.77                      -6.0876437
                  0.7735                      -6.2591998
                   0.777                      -6.4343595
                  0.7805                      -6.6104651
                   0.784                       -6.786945
                  0.7875                      -6.9654889
                   0.791                      -7.1496013
                  0.7945                      -7.3437111
                   0.798                      -7.5520321
                  0.8015                      -7.7774257
                   0.805                      -8.0204316
                  0.8085                      -8.2785848
                   0.812                      -8.5461413
                  0.8155                      -8.8143811
                   0.819                      -9.0726555
                  0.8225                      -9.3101842
                   0.826                      -9.5182639
                  0.8295                      -9.6922035
                   0.833                       -9.831996
                  0.8365                      -9.9416772
                    0.84                      -10.027209
                  0.8435                       -10.09409
                   0.847                      -10.145295
                  0.8505                      -10.180222
                   0.854                      -10.194852
                  0.8575                      -10.182973
                   0.861                      -10.138259
                  0.8645                      -10.056514
                   0.868                      -9.9374325
                  0.8715                      -9.7850554
                   0.875                      -9.6070323
                  0.8785                      -9.4128796
                   0.882                      -9.2118793
                  0.8855                       -9.011499
                   0.889                      -8.8163761
                  0.8925                      -8.6282592
                   0.896                      -8.4463157
                  0.8995                      -8.2680367
                   0.903                      -8.0902067
                  0.9065                      -7.9098751
                    0.91                      -7.7250959
                  0.9135                      -7.5352974
                   0.917                      -7.3412782
                  0.9205                      -7.1448343
                   0.924                      -6.9482144
                  0.9275                      -6.7535777
                   0.931                       -6.562537
                  0.9345                      -6.3759655
                   0.938                      -6.1940159
                  0.9415                      -6.0162751
                   0.945                      -5.8422086
                  0.9485                      -5.6714704
                   0.952                      -5.5043034
                  0.9555                      -5.3417449
                   0.959                       -5.185629
                  0.9625                      -5.0385292
                   0.966                      -4.9035957
                  0.9695                      -4.7844336
                   0.973                      -4.6850745
                  0.9765                      -4.6100838
                    0.98                      -4.5645117
                  0.9835                       -4.553673
                   0.987                      -4.5824823
                  0.9905                      -4.6544228
                   0.994                      -4.7703009
                  0.9975                      -4.9273612
                   1.001                       -5.119113
                  1.0045                      -5.3360156
                   1.008                      -5.5667176
                  1.0115                      -5.7992927
                   1.015                      -6.0221593
                  1.0185                      -6.2246713
                   1.022                       -6.397568
                  1.0255                      -6.5335003
                   1.029                      -6.6276494
                  1.0325                      -6.6782676
                   1.036                      -6.6868294
                  1.0395                      -6.6576071
                   1.043                      -6.5967839
                  1.0465                      -6.5112765
                    1.05                       -6.407687
                  1.0535                      -6.2915256
                   1.057                      -6.1668214
                  1.0605                      -6.0361132
                   1.064                      -5.9006418
                  1.0675                       -5.760715
                   1.071                      -5.6161423
                  1.0745                      -5.4666429
                   1.078                      -5.3121892
                  1.0815                      -5.1532545
                   1.085                      -4.9909024
                  1.0885                      -4.8268068
                   1.092                      -4.6630773
                  1.0955                      -4.5020316
                   1.099                      -4.3459521
                  1.1025                        -4.19679
                   1.106                       -4.055945
                  1.1095                      -3.9241278
                   1.113                      -3.8012869
                  1.1165                      -3.6866724
                    1.12                      -3.5789421
                  1.1235                      -3.4763643
                   1.127                      -3.3770805
                  1.1305                      -3.2793875
                   1.134                      -3.1820505
                  1.1375                      -3.0845725
                   1.141                      -2.9873714
                  1.1445                      -2.8918277
                   1.148                      -2.8001329
                  1.1515                      -2.7149921
                   1.155                      -2.6392331
                  1.1585                      -2.5753992
                   1.162                      -2.5254394
                  1.1655                      -2.4905024
                   1.169                      -2.4708657
                  1.1725                      -2.4659145
                   1.176                      -2.4741562
                  1.1795                      -2.4932035
                   1.183                      -2.5196791
                  1.1865                      -2.5491271
                    1.19                      -2.5759119
                  1.1935                      -2.5933385
                   1.197                      -2.5941108
                  1.2005                      -2.5713054
                   1.204                      -2.5198943
                  1.2075                      -2.4383619
                   1.211                      -2.3297624
                  1.2145                      -2.2014658
                   1.218                      -2.0635575
                  1.2215                      -1.9264495
                   1.225                      -1.7987806
                  1.2285                      -1.6862964
                   1.232                      -1.5916764
                  1.2355                      -1.5150861
                   1.239                      -1.4549566
                  1.2425                      -1.4087067
                   1.246                      -1.3733168
                  1.2495                      -1.3457123
                   1.253                      -1.3230387
                  1.2565                      -1.3028489
                    1.26                      -1.2832482
                  1.2635                      -1.2629904
                   1.267                      -1.2415087
                  1.2705                      -1.2188692
                   1.274                      -1.1956341
                  1.2775                      -1.1726571
                   1.281                       -1.150858
                  1.2845                      -1.1310237
                   1.288                      -1.1136689
                  1.2915                      -1.0989768
                   1.295                      -1.0868099
                  1.2985                      -1.0767704
                   1.302                      -1.0682866
                  1.3055                      -1.0607105
                   1.309                       -1.053415
                  1.3125                      -1.0458774
                   1.316                      -1.0377505
                  1.3195                      -1.0289031
                   1.323                       -1.019427
                  1.3265                      -1.0096051
                    1.33                     -0.99984636
                  1.3335                      -0.9906017
                   1.337                     -0.98227955
                  1.3405                     -0.97517627
                   1.344                      -0.9694333
                  1.3475                     -0.96502522
                   1.351                     -0.96177074
                  1.3545                     -0.95937346
                   1.358                     -0.95746855
                  1.3615                     -0.95568031
                   1.365                       -0.953679
                  1.3685                     -0.95122657
                   1.372                     -0.94821222
                  1.3755                     -0.94466011
                   1.379                     -0.94071938
                  1.3825                     -0.93662856
                   1.386                      -0.9326683
                  1.3895                     -0.92910603
                   1.393                     -0.92615293
                  1.3965                     -0.92392439
                     1.4                     -0.92242532
                  1.4035                     -0.92155078
                   1.407                     -0.92110277
                  1.4105                     -0.92081942
                   1.414                     -0.92041228
                  1.4175                     -0.91961321
                   1.421                     -0.91821429
                  1.4245                     -0.91610309
                   1.428                      -0.9132842
                  1.4315                     -0.90987768
                   1.435                      -0.9061001
                  1.4385                     -0.90222717
                   1.442                     -0.89854473
                  1.4455                     -0.89530195
                   1.449                     -0.89267803
                  1.4525                     -0.89075216
                   1.456                     -0.88950706
                  1.4595                     -0.88883247
                   1.463                     -0.88855429
                  1.4665                     -0.88846523
                    1.47                     -0.88835763
                  1.4735                     -0.88806108
                   1.477                     -0.88746918
                  1.4805                     -0.88655192
                   1.484                     -0.88536092
                  1.4875                     -0.88401839
                   1.491                      -0.8826893
                  1.4945                     -0.88155585
                   1.498                     -0.88078081
                  1.5015                     -0.88048197
                   1.505                     -0.88071188
                  1.5085                     -0.88144788
                   1.512                     -0.88259985
                  1.5155                     -0.88402361
                   1.519                     -0.88554809
                  1.5225                     -0.88700685
                   1.526                     -0.88826653
                  1.5295                     -0.88925445
                   1.533                       -0.889973
                  1.5365                     -0.89049847
                    1.54                     -0.89097145
                  1.5435                     -0.89157008
                   1.547                      -0.8924797
                  1.5505                     -0.89386409
                   1.554                     -0.89583418
                  1.5575                     -0.89843346
                   1.561                     -0.90163124
                  1.5645                     -0.90532372
                   1.568                     -0.90935761
                  1.5715                     -0.91355224
                   1.575                     -0.91773281
                  1.5785                     -0.92176469
                   1.582                     -0.92557682
                  1.5855                     -0.92917896
                   1.589                     -0.93266235
                  1.5925                     -0.93618317
                   1.596                     -0.93993863
                  1.5995                     -0.94413211
                   1.603                     -0.94893822
                  1.6065                     -0.95447626
                    1.61                     -0.96078623
                  1.6135                     -0.96782392
                   1.617                     -0.97546689
                  1.6205                     -0.98353056
                   1.624                     -0.99180632
                  1.6275                      -1.0000928
                   1.631                      -1.0082388
                  1.6345                      -1.0161753
                   1.638                      -1.0239285
                  1.6415                      -1.0316263
                   1.645                      -1.0394724
                  1.6485                      -1.0477151
                   1.652                      -1.0566076
                  1.6555                      -1.0663604
                   1.659                      -1.0771062
                  1.6625                      -1.0888777
                   1.666                      -1.1015894
                  1.6695                      -1.1150581
                   1.673                      -1.1290242
                  1.6765                      -1.1431955
                    1.68                      -1.1573105
                  1.6835                      -1.1711835
                   1.687                      -1.1847547
                  1.6905                      -1.1981098
                   1.694                      -1.2114685
                  1.6975                      -1.2251574
                   1.701                      -1.2395508
                  1.7045                      -1.2550021
                   1.708                      -1.2717875
                  1.7115                      -1.2900431
                   1.715                      -1.3097317
                  1.7185                      -1.3306399
                   1.722                      -1.3523879
                  1.7255                      -1.3745005
                   1.729                      -1.3964861
                  1.7325                      -1.4179348
                   1.736                      -1.4386274
                  1.7395                      -1.4585855
                   1.743                      -1.4780931
                  1.7465                      -1.4976527
                    1.75                      -1.5178727
                  1.7535                      -1.5393444
                   1.757                      -1.5624668
                  1.7605                      -1.5872808
                   1.764                      -1.6133272
                  1.7675                      -1.6395213
                   1.771                      -1.6641218
                  1.7745                      -1.6848366
                   1.778                      -1.6990857
                  1.7815                      -1.7044724
                   1.785                      -1.6993233
                  1.7885                      -1.6831621
                   1.792                      -1.6569116
                  1.7955                      -1.6227246
                   1.799                      -1.5835205
                  1.8025                      -1.5424143
                   1.806                      -1.5022279
                  1.8095                      -1.4651845
                   1.813                      -1.4328211
                  1.8165                      -1.4060271
                    1.82                      -1.3851518
                  1.8235                      -1.3701322
                   1.827                      -1.3606006
                  1.8305                      -1.3559652
                   1.834                      -1.3554686
                  1.8375                      -1.3582372
                   1.841                      -1.3633184
                  1.8445                      -1.3697267
                   1.848                      -1.3765023
                  1.8515                      -1.3827628
                   1.855                      -1.3877673
                  1.8585                      -1.3909586
                   1.862                      -1.3919873
                  1.8655                      -1.3907161
                   1.869                      -1.3871858
                  1.8725                      -1.3815686
                   1.876                      -1.3741141
                  1.8795                      -1.3650908
                   1.883                      -1.3547436
                  1.8865                      -1.3432654
                    1.89                      -1.3307843
                  1.8935                      -1.3173669
                   1.897                      -1.3030292
                  1.9005                      -1.2877573
                   1.904                      -1.2715291
                  1.9075                      -1.2543336
                   1.911                      -1.2361884
                  1.9145                        -1.21715
                   1.918                      -1.1973171
                  1.9215                      -1.1768254
                   1.925                      -1.1558403
                  1.9285                      -1.1345417
                   1.932                       -1.113108
                  1.9355                       -1.091703
                   1.939                      -1.0704624
                  1.9425                      -1.0494857
                   1.946                       -1.028834
                  1.9495                      -1.0085282
                   1.953                     -0.98855637
                  1.9565                      -0.9688838
                    1.96                     -0.94946309
                  1.9635                     -0.93024704
                   1.967                     -0.91120025
                  1.9705                     -0.89230782
                   1.974                     -0.87358021
                  1.9775                     -0.85505151
                   1.981                      -0.8367756
                  1.9845                     -0.81881686
                   1.988                     -0.80123841
                  1.9915                     -0.78409119
                   1.995                     -0.76740411
                  1.9985                     -0.75117851
                   2.002                     -0.73538614
                  2.0055                     -0.71997237
                   2.009                     -0.70486434
                  2.0125                      -0.6899814
                   2.016                     -0.67524641
                  2.0195                     -0.66059785
                   2.023                     -0.64599791
                  2.0265                     -0.63143711
                    2.03                     -0.61693243
                  2.0335                     -0.60252156
                   2.037                     -0.58825231
                  2.0405                     -0.57417105
                   2.044                     -0.56031033
                  2.0475                     -0.54668031
                   2.051                      -0.5332642
                  2.0545                     -0.52002012
                   2.058                     -0.50688409
                  2.0615                     -0.49378158
                   2.065                     -0.48063969
                  2.0685                       -0.467397
                   2.072                     -0.45401499
                  2.0755                     -0.44048353
                   2.079                     -0.42681987
                  2.0825                     -0.41306382
                   2.086                     -0.39926781
                  2.0895                     -0.38548433
                   2.093                     -0.37175453
                  2.0965                     -0.35810008
                     2.1                     -0.34451865
                  2.1035                     -0.33098659
                   2.107                     -0.31746508
                  2.1105                     -0.30391148
                   2.114                     -0.29029009
                  2.1175                     -0.27658354
                   2.121                      -0.2628017
                  2.1245                     -0.24898211
                   2.128                     -0.23518815
                  2.1315                     -0.22150027
                   2.135                     -0.20800463
                  2.1385                     -0.19478207
                   2.142                      -0.1818997
                  2.1455                     -0.16940777
                   2.149                     -0.15734124
                  2.1525                       -0.145726
                   2.156                      -0.1345878
                  2.1595                      -0.1239608
                   2.163                     -0.11389388
                  2.1665                     -0.10445272
                    2.17                    -0.095716867
                  2.1735                    -0.087772709
                   2.177                    -0.080703879
                  2.1805                    -0.074582283
                   2.184                    -0.069461923
                  2.1875                    -0.065376645
                   2.191                    -0.062342809
                  2.1945                    -0.060364266
                   2.198                    -0.059438427
                  2.2015                    -0.059560755
                   2.205                    -0.060726878
                  2.2085                    -0.062930649
                   2.212                    -0.066160368
                  2.2155                    -0.070393123
                   2.219                    -0.075590151
                  2.2225                    -0.081694082
                   2.226                    -0.088629052
                  2.2295                     -0.09630376
                   2.233                     -0.10461586
                  2.2365                     -0.11345682
                    2.24                     -0.12271657
                  2.2435                     -0.13228714
                   2.247                     -0.14206605
                  2.2505                     -0.15195959
                   2.254                     -0.16188678
                  2.2575                     -0.17178468
                   2.261                     -0.18161338
                  2.2645                     -0.19136067
                   2.268                     -0.20104503
                  2.2715                     -0.21071395
                   2.275                     -0.22043967
                  2.2785                     -0.23030759
                   2.282                     -0.24040504
                  2.2855                     -0.25080555
                   2.289                      -0.2615543
                  2.2925                     -0.27265872
                   2.296                     -0.28408254
                  2.2995                     -0.29575044
                   2.303                     -0.30755724
                  2.3065                      -0.3193847
                    2.31                     -0.33112249
                  2.3135                     -0.34268633
                   2.317                     -0.35403867
                  2.3205                     -0.36519159
                   2.324                     -0.37620712
                  2.3275                     -0.38718316
                   2.331                     -0.39823396
                  2.3345                     -0.40946421
                   2.338                     -0.42094925
                  2.3415                     -0.43271851
                   2.345                     -0.44474784
                  2.3485                     -0.45696799
                   2.352                     -0.46928001
                  2.3555                     -0.48158764
                   2.359                     -0.49382712
                  2.3625                     -0.50599849
                   2.366                     -0.51819246
                  2.3695                     -0.53059305
                   2.373                     -0.54347564
                  2.3765                     -0.55717599
                    2.38                     -0.57205204
                  2.3835                     -0.58843507
                   2.387                      -0.6065814
                  2.3905                     -0.62662576
                   2.394                      -0.6485489
                  2.3975                     -0.67216018
                   2.401                      -0.6970998
                  2.4045                     -0.72286125
                   2.408                     -0.74883514
                  2.4115                     -0.77437293
                   2.415                     -0.79885412
                  2.4185                     -0.82175945
                   2.422                     -0.84272725
                  2.4255                     -0.86158719
                   2.429                     -0.87836772
                  2.4325                     -0.89326959
                   2.436                     -0.90661712
                  2.4395                     -0.91879756
                   2.443                     -0.93019956
                  2.4465                     -0.94115685
                    2.45                      -0.9519228
                  2.4535                     -0.96265853
                   2.457                     -0.97344095
                  2.4605                     -0.98429066
                   2.464                      -0.9952047
                  2.4675                       -1.006195
                   2.471                      -1.0173093
                  2.4745                       -1.028641
                   2.478                      -1.0403284
                  2.4815                      -1.0525245
                   2.485                      -1.0653812
                  2.4885                      -1.0790008
                   2.492                      -1.0934168
                  2.4955                      -1.1085747
                   2.499                      -1.1243373
                  2.5025                      -1.1404943
                   2.506                      -1.1568134
                  2.5095                      -1.1730733
                   2.513                      -1.1891151
                  2.5165                      -1.2048816
                    2.52                      -1.2204274
                  2.5235                      -1.2359316
                   2.527                      -1.2516599
                  2.5305                      -1.2679284
                   2.534                      -1.2850428
                  2.5375                      -1.3032399
                   2.541                      -1.3226499
                  2.5445                       -1.343262
                   2.548                      -1.3649265
                  2.5515                      -1.3873913
                   2.555                      -1.4103432
                  2.5585                      -1.4334874
                   2.562                      -1.4566026
                  2.5655                      -1.4796107
                   2.569                      -1.5025909
                  2.5725                      -1.5257907
                   2.576                      -1.5495684
                  2.5795                      -1.5743433
                   2.583                       -1.600499
                  2.5865                      -1.6282932
                    2.59                      -1.6577941
                  2.5935                      -1.6888291
                   2.597                      -1.7209929
                  2.6005                      -1.7536869
                   2.604                      -1.7862049
                  2.6075                      -1.8178387
                   2.611                      -1.8479977
                  2.6145                      -1.8763126
                   2.618                      -1.9026941
                  2.6215                      -1.9273644
                   2.625                       -1.950812
                  2.6285                       -1.973715
                   2.632                      -1.9968102
                  2.6355                      -2.0207704
                   2.639                      -2.0460708
                  2.6425                      -2.0729049
                   2.646                      -2.1011427
                  2.6495                       -2.130352
                   2.653                      -2.1598783
                  2.6565                      -2.1889772
                    2.66                      -2.2169485
                  2.6635                      -2.2432844
                   2.667                      -2.2677703
                  2.6705                      -2.2905313
                   2.674                      -2.3120272
                  2.6775                      -2.3329548
                   2.681                      -2.3541163
                  2.6845                      -2.3762526
                   2.688                       -2.399877
                  2.6915                      -2.4251603
                   2.695                      -2.4518401
                  2.6985                       -2.479259
                   2.702                      -2.5064416
                  2.7055                      -2.5322516
                   2.709                      -2.5555936
                  2.7125                      -2.5756094
                   2.716                      -2.5918414
                  2.7195                      -2.6043244
                   2.723                      -2.6135868
                  2.7265                      -2.6205728
                    2.73                      -2.6264616
                  2.7335                      -2.6324664
                   2.737                      -2.6395828
                  2.7405                      -2.6484276
                   2.744                      -2.6590989
                  2.7475                      -2.6711649
                   2.751                      -2.6837262
                  2.7545                      -2.6955724
                   2.758                      -2.7054172
                  2.7615                      -2.7121039
                   2.765                      -2.7148502
                  2.7685                      -2.7133708
                   2.772                      -2.7079528
                  2.7755                      -2.6993887
                   2.779                      -2.6888434
                  2.7825                       -2.677631
                   2.786                      -2.6669667
                  2.7895                      -2.6577513
                   2.793                      -2.6503973
                  2.7965                      -2.6447629
                     2.8                      -2.6401745
                  2.8035                      -2.6355614
                   2.807                      -2.6296625
                  2.8105                      -2.6212694
                   2.814                      -2.6094645
                  2.8175                       -2.593806
                   2.821                      -2.5744281
                  2.8245                      -2.5520369
                   2.828                       -2.527774
                  2.8315                      -2.5030344
                   2.835                      -2.4791787
                  2.8385                      -2.4573224
                   2.842                      -2.4381129
                  2.8455                      -2.4216424
                   2.849                      -2.4074351
                  2.8525                      -2.3945486
                   2.856                       -2.381759
                  2.8595                      -2.3677969
                   2.863                      -2.3515866
                  2.8665                      -2.3324445
                    2.87                      -2.3102135
                  2.8735                      -2.2852951
                   2.877                      -2.2585702
                  2.8805                      -2.2312316
                   2.884                      -2.2045398
                  2.8875                      -2.1796041
                   2.891                      -2.1571541
                  2.8945                      -2.1374199
                   2.898                      -2.1200759
                  2.9015                      -2.1043252
                   2.905                      -2.0890211
                  2.9085                      -2.0728945
                   2.912                      -2.0547783
                  2.9155                        -2.03382
                   2.919                      -2.0096559
                  2.9225                      -1.9824725
                   2.926                      -1.9529829
                  2.9295                      -1.9222957
                   2.933                      -1.8917167
                  2.9365                       -1.862503
                    2.94                      -1.8356433
                  2.9435                      -1.8116854
                   2.947                      -1.7906592
                  2.9505                      -1.7720895
                   2.954                      -1.7551029
                  2.9575                      -1.7386026
                   2.961                      -1.7214609
                  2.9645                       -1.702768
                   2.968                       -1.681974
                  2.9715                      -1.6590034
                   2.975                      -1.6342854
                  2.9785                      -1.6086689
                   2.982                       -1.583254
                  2.9855                      -1.5591977
                   2.989                       -1.537488
                  2.9925                      -1.5187756
                   2.996                      -1.5032391
                  2.9995                      -1.4905704
                   3.003                      -1.4800235
                  3.0065                       -1.470547
                    3.01                      -1.4609495
                  3.0135                      -1.4501165
                   3.017                      -1.4371856
                  3.0205                       -1.421689
                   3.024                      -1.4036216
                  3.0275                      -1.3834346
                   3.031                      -1.3619197
                  3.0345                      -1.3400579
                   3.038                      -1.3188123
                  3.0415                      -1.2989699
                   3.045                      -1.2809849
                  3.0485                      -1.2649238
                   3.052                      -1.2504621
                  3.0555                      -1.2369846
                   3.059                      -1.2236889
                  3.0625                      -1.2097641
                   3.066                      -1.1945458
                  3.0695                      -1.1776431
                   3.073                      -1.1590264
                  3.0765                      -1.1390262
                    3.08                      -1.1182796
                  3.0835                      -1.0976106
                   3.087                      -1.0778646
                  3.0905                      -1.0597544
                   3.094                      -1.0437322
                  3.0975                      -1.0299072
                   3.101                      -1.0180376
                  3.1045                      -1.0075768
                   3.108                     -0.99778288
                  3.1115                     -0.98784714
                   3.115                     -0.97704424
                  3.1185                     -0.96486706
                   3.122                     -0.95110937
                  3.1255                     -0.93591146
                   3.129                     -0.91972694
                  3.1325                     -0.90322747
                   3.136                     -0.88718212
                  3.1395                     -0.87229999
                   3.143                     -0.85910322
                  3.1465                     -0.84783408
                    3.15                     -0.83841421
                  3.1535                     -0.83046903
                   3.157                     -0.82339889
                  3.1605                     -0.81648881
                   3.164                     -0.80904252
                  3.1675                     -0.80050378
                   3.171                     -0.79056182
                  3.1745                     -0.77920604
                   3.178                     -0.76672462
                  3.1815                     -0.75364826
                   3.185                     -0.74064661
                  3.1885                     -0.72839164
                   3.192                     -0.71743763
                  3.1955                     -0.70811783
                   3.199                     -0.70048275
                  3.2025                     -0.69430059
                   3.206                     -0.68910302
                  3.2095                     -0.68426658
                   3.213                     -0.67913225
                  3.2165                     -0.67312061
                    3.22                     -0.66583859
                  3.2235                     -0.65715264
                   3.227                     -0.64721149
                  3.2305                     -0.63641747
                   3.234                     -0.62534832
                  3.2375                     -0.61464653
                   3.241                     -0.60489553
                  3.2445                     -0.59651394
                   3.248                     -0.58968249
                  3.2515                     -0.58431602
                   3.255                     -0.58008309
                  3.2585                      -0.5764735
                   3.262                     -0.57288509
                  3.2655                      -0.5687425
                   3.269                     -0.56359617
                  3.2725                     -0.55720646
                   3.276                     -0.54958996
                  3.2795                     -0.54101215
                   3.283                     -0.53193779
                  3.2865                      -0.5229396
                    3.29                     -0.51458703
                  3.2935                     -0.50734126
                   3.297                     -0.50147043
                  3.3005                     -0.49700424
                   3.304                     -0.49373316
                  3.3075                      -0.4912494
                   3.311                     -0.48902247
                  3.3145                      -0.4864955
                   3.318                     -0.48318552
                  3.3215                     -0.47877418
                   3.325                     -0.47316613
                  3.3285                     -0.46650417
                   3.332                     -0.45914629
                  3.3355                     -0.45158966
                   3.339                     -0.44437787
                  3.3425                     -0.43799848
                   3.346                     -0.43279253
                  3.3495                     -0.42889241
                   3.353                     -0.42620549
                  3.3565                     -0.42442987
                    3.36                     -0.42311568
                  3.3635                     -0.42174295
                   3.367                     -0.41981851
                  3.3705                     -0.41696647
                   3.374                     -0.41299713
                  3.3775                     -0.40794267
                   3.381                     -0.40205238
                  3.3845                     -0.39574306
                   3.388                     -0.38951766
                  3.3915                     -0.38386859
                   3.395                     -0.37918928
                  3.3985                     -0.37569898
                   3.402                     -0.37340893
                  3.4055                     -0.37212112
                   3.409                      -0.3714672
                  3.4125                     -0.37097634
                   3.416                     -0.37015893
                  3.4195                     -0.36859893
                   3.423                     -0.36602708
                  3.4265                     -0.36237527
                    3.43                     -0.35778738
                  3.4335                      -0.3525912
                   3.437                     -0.34723778
                  3.4405                     -0.34221102
                   3.444                     -0.33793721
                  3.4475                     -0.33470882
                   3.451                     -0.33263131
                  3.4545                       -0.331607
                   3.458                     -0.33135566
                  3.4615                     -0.33146563
                   3.465                     -0.33146806
                  3.4685                     -0.33092378
                   3.472                     -0.32950198
                  3.4755                     -0.32704398
                   3.479                     -0.32359433
                  3.4825                     -0.31939015
                   3.486                     -0.31481626
                  3.4895                     -0.31033164
                   3.493                     -0.30638129
                  3.4965                     -0.30331283
                     3.5                     -0.30131521
