Frequency    S1,1_[111]

                       0                 -1.0423068e-006
                  0.0035                   2.114031e-007
                   0.007                   3.416667e-007
                  0.0105                  -8.846354e-007
                   0.014                 -4.8847064e-006
                  0.0175                 -1.2421551e-005
                   0.021                 -2.2932633e-005
                  0.0245                 -3.4287231e-005
                   0.028                 -4.3119685e-005
                  0.0315                   -4.57451e-005
                   0.035                 -3.9461794e-005
                  0.0385                 -2.3815854e-005
                   0.042                 -1.4885362e-006
                  0.0455                  2.1624188e-005
                   0.049                    3.72153e-005
                  0.0525                  3.6385057e-005
                   0.056                  1.1884232e-005
                  0.0595                 -3.9522715e-005
                   0.063                  -0.00011514245
                  0.0665                  -0.00020591471
                    0.07                   -0.0002972425
                  0.0735                   -0.0003716691
                   0.077                  -0.00041262627
                  0.0805                  -0.00040885141
                   0.084                  -0.00035804599
                  0.0875                  -0.00026884082
                   0.091                  -0.00016095453
                  0.0945                 -6.2067363e-005
                   0.098                 -3.2149446e-006
                  0.1015                 -1.1824724e-005
                   0.105                   -0.0001055583
                  0.1085                  -0.00028669314
                   0.112                  -0.00053966576
                  0.1155                  -0.00083177836
                   0.119                   -0.0011183201
                  0.1225                   -0.0013507804
                   0.126                   -0.0014873156
                  0.1295                   -0.0015027064
                   0.133                    -0.001395652
                  0.1365                    -0.001191635
                    0.14                  -0.00094052967
                  0.1435                  -0.00070835752
                   0.147                  -0.00056483141
                  0.1505                  -0.00056957255
                   0.154                   -0.0007583026
                  0.1575                   -0.0011338029
                   0.161                   -0.0016614228
                  0.1645                    -0.002273296
                   0.168                   -0.0028793937
                  0.1715                   -0.0033843401
                   0.175                   -0.0037075647
                  0.1785                   -0.0038011155
                   0.182                   -0.0036612275
                  0.1855                   -0.0033336389
                   0.189                   -0.0029058542
                  0.1925                   -0.0024929621
                   0.196                   -0.0022148752
                  0.1995                   -0.0021735602
                   0.203                   -0.0024312618
                  0.2065                   -0.0029950945
                    0.21                   -0.0038130855
                  0.2135                   -0.0047806678
                   0.217                   -0.0057584389
                  0.2205                   -0.0065994542
                   0.224                   -0.0071769942
                  0.2275                   -0.0074138863
                   0.231                   -0.0072976085
                  0.2345                   -0.0068871287
                   0.238                   -0.0063023991
                  0.2415                   -0.0057030123
                   0.245                   -0.0052579123
                  0.2485                   -0.0051137624
                   0.252                   -0.0053645798
                  0.2555                   -0.0060325302
                   0.259                    -0.007060505
                  0.2625                   -0.0083210601
                   0.266                   -0.0096374853
                  0.2695                     -0.01081754
                   0.273                    -0.011691783
                  0.2765                     -0.01214642
                    0.28                    -0.012148552
                  0.2835                    -0.011753065
                   0.287                    -0.011095007
                  0.2905                    -0.010363974
                   0.294                   -0.0097694236
                  0.2975                   -0.0095003079
                   0.301                   -0.0096908331
                  0.3045                     -0.01039325
                   0.308                    -0.011566016
                  0.3115                    -0.013077971
                   0.315                    -0.014732148
                  0.3185                    -0.016300263
                   0.322                    -0.017567404
                  0.3255                    -0.018373984
                   0.329                    -0.018648164
                  0.3325                    -0.018421933
                   0.336                    -0.017826245
                  0.3395                    -0.017068114
                   0.343                    -0.016392732
                  0.3465                    -0.016039448
                    0.35                     -0.01619632
                  0.3535                    -0.016967223
                   0.357                    -0.018347332
                  0.3605                    -0.020221404
                   0.364                    -0.022381911
                  0.3675                    -0.024563244
                   0.371                    -0.026492466
                  0.3745                    -0.027941684
                   0.378                    -0.028775233
                  0.3815                    -0.028977981
                   0.385                    -0.028662463
                  0.3885                    -0.028050265
                   0.392                    -0.027434138
                  0.3955                    -0.027126819
                   0.399                    -0.027406416
                  0.4025                    -0.028464709
                   0.406                    -0.030370273
                  0.4095                    -0.033047599
                   0.413                    -0.036284351
                  0.4165                    -0.039761734
                    0.42                    -0.043111608
                  0.4235                    -0.045986649
                   0.427                    -0.048133359
                  0.4305                    -0.049446244
                   0.434                    -0.049997565
                  0.4375                    -0.050032285
                   0.441                    -0.049931916
                  0.4445                    -0.050153304
                   0.448                    -0.051156714
                  0.4515                    -0.053327391
                   0.455                    -0.056902806
                  0.4585                    -0.061918902
                   0.462                    -0.068181931
                  0.4655                    -0.075283548
                   0.469                    -0.082661176
                  0.4725                     -0.08970362
                   0.476                    -0.095880583
                  0.4795                     -0.10086669
                   0.483                     -0.10463443
                  0.4865                     -0.10748944
                    0.49                     -0.11004917
                  0.4935                     -0.11317416
                   0.497                      -0.1178612
                  0.5005                     -0.12511083
                   0.504                      -0.1357712
                  0.5075                     -0.15037018
                   0.511                     -0.16895035
                  0.5145                     -0.19096718
                   0.518                      -0.2152952
                  0.5215                     -0.24041914
                   0.525                     -0.26478283
                  0.5285                       -0.287238
                   0.532                     -0.30745277
                  0.5355                     -0.32617739
                   0.539                     -0.34533931
                  0.5425                     -0.36799214
                   0.546                     -0.39814274
                  0.5495                     -0.44036392
                   0.553                       -0.498896
                  0.5565                     -0.57590919
                    0.56                     -0.66896242
                  0.5635                      -0.7691252
                   0.567                     -0.86251703
                  0.5705                     -0.93640015
                   0.574                     -0.98565186
                  0.5775                      -1.0139547
                   0.581                      -1.0295857
                  0.5845                      -1.0403111
                   0.588                      -1.0506119
                  0.5915                      -1.0614715
                   0.595                      -1.0718429
                  0.5985                      -1.0807563
                   0.602                      -1.0891623
                  0.6055                      -1.1008227
                   0.609                      -1.1222591
                  0.6125                      -1.1622336
                   0.616                       -1.231246
                  0.6195                      -1.3411508
                   0.623                      -1.5044953
                  0.6265                      -1.7328677
                    0.63                      -2.0336331
                  0.6335                      -2.4051064
                   0.637                      -2.8320442
                  0.6405                      -3.2851757
                   0.644                      -3.7281158
                  0.6475                      -4.1298605
                   0.651                      -4.4754115
                  0.6545                      -4.7677561
                   0.658                      -5.0212794
                  0.6615                      -5.2520934
                   0.665                      -5.4701493
                  0.6685                      -5.6748618
                   0.672                      -5.8545489
                  0.6755                      -5.9901833
                   0.679                      -6.0631195
                  0.6825                      -6.0642159
                   0.686                      -5.9989284
                  0.6895                       -5.885359
                   0.693                      -5.7471371
                  0.6965                       -5.606234
                     0.7                      -5.4788542
                  0.7035                      -5.3745505
                   0.707                      -5.2971121
                  0.7105                        -5.24601
                   0.714                      -5.2177383
                  0.7175                       -5.207016
                   0.721                      -5.2079243
                  0.7245                      -5.2150386
                   0.728                      -5.2244664
                  0.7315                      -5.2345817
                   0.735                      -5.2462379
                  0.7385                      -5.2623891
                   0.742                      -5.2872791
                  0.7455                      -5.3254997
                   0.749                      -5.3811578
                  0.7525                      -5.4572689
                   0.756                      -5.5553837
                  0.7595                      -5.6754191
                   0.763                      -5.8156459
                  0.7665                      -5.9728541
                    0.77                      -6.1427811
                  0.7735                      -6.3207895
                   0.777                      -6.5027719
                  0.7805                      -6.6860824
                   0.784                      -6.8701935
                  0.7875                      -7.0568747
                   0.791                      -7.2497376
                  0.7945                      -7.4533301
                   0.798                      -7.6719736
                  0.8015                      -7.9086003
                   0.805                      -8.1637559
                  0.8085                      -8.4348888
                   0.812                      -8.7160552
                  0.8155                      -8.9982197
                   0.819                      -9.2703309
                  0.8225                      -9.5211893
                   0.826                      -9.7417535
                  0.8295                      -9.9271637
                   0.833                      -10.077441
                  0.8365                      -10.196798
                    0.84                      -10.291412
                  0.8435                      -10.366917
                   0.847                      -10.426264
                  0.8505                      -10.468652
                   0.854                      -10.489749
                  0.8575                      -10.483015
                   0.861                      -10.441926
                  0.8645                      -10.362334
                   0.868                      -10.244256
                  0.8715                      -10.092267
                   0.875                      -9.9146164
                  0.8785                      -9.7213495
                   0.882                      -9.5221011
                  0.8855                      -9.3244898
                   0.889                      -9.1331207
                  0.8925                       -8.949578
                   0.896                      -8.7727859
                  0.8995                      -8.5999669
                   0.903                      -8.4276568
                  0.9065                      -8.2527105
                    0.91                      -8.0730569
                  0.9135                      -7.8880686
                   0.917                       -7.698539
                  0.9205                      -7.5062828
                   0.924                      -7.3135624
                  0.9275                      -7.1225226
                   0.931                      -6.9347193
                  0.9345                      -6.7509227
                   0.938                      -6.5711432
                  0.9415                      -6.3947958
                   0.945                      -6.2211693
                  0.9485                       -6.049754
                   0.952                      -5.8806657
                  0.9555                      -5.7148658
                   0.959                      -5.5541662
                  0.9625                       -5.401171
                   0.966                      -5.2591044
                  0.9695                      -5.1316782
                   0.973                      -5.0230555
                  0.9765                      -4.9379556
                    0.98                      -4.8815912
                  0.9835                      -4.8594255
                   0.987                       -4.876466
                  0.9905                      -4.9361898
                   0.994                      -5.0392708
                  0.9975                      -5.1827123
                   1.001                      -5.3597397
                  1.0045                      -5.5605746
                   1.008                      -5.7737468
                  1.0115                      -5.9873591
                   1.015                      -6.1899879
                  1.0185                       -6.371217
                   1.022                      -6.5220163
                  1.0255                      -6.6351984
                   1.029                      -6.7060013
                  1.0325                      -6.7326403
                   1.036                      -6.7165124
                  1.0395                      -6.6618485
                   1.043                      -6.5748864
                  1.0465                      -6.4627162
                    1.05                      -6.3322162
                  1.0535                      -6.1892348
                   1.057                      -6.0381602
                  1.0605                      -5.8818746
                   1.064                      -5.7219232
                  1.0675                      -5.5588655
                   1.071                       -5.392704
                  1.0745                      -5.2232892
                   1.078                      -5.0506648
                  1.0815                      -4.8753165
                   1.085                      -4.6982686
                  1.0885                      -4.5211094
                   1.092                      -4.3458261
                  1.0955                      -4.1745904
                   1.099                      -4.0095253
                  1.1025                      -3.8524254
                   1.106                      -3.7045516
                  1.1095                      -3.5665079
                   1.113                      -3.4381805
                  1.1165                      -3.3188068
                    1.12                      -3.2070815
                  1.1235                        -3.10135
                   1.127                      -2.9998504
                  1.1305                       -2.900969
                   1.134                      -2.8035191
                  1.1375                      -2.7069758
                   1.141                      -2.6116274
                  1.1445                      -2.5186093
                   1.148                      -2.4297623
                  1.1515                      -2.3473642
                   1.155                      -2.2737829
                  1.1585                      -2.2111199
                   1.162                      -2.1609446
                  1.1655                      -2.1241239
                   1.169                       -2.100771
                  1.1725                      -2.0902391
                   1.176                      -2.0911451
                  1.1795                      -2.1013664
                   1.183                       -2.117972
                  1.1865                      -2.1371584
                    1.19                      -2.1541777
                  1.1935                      -2.1634491
                   1.197                       -2.158949
                  1.2005                      -2.1350196
                   1.204                      -2.0876175
                  1.2075                      -2.0156268
                   1.211                         -1.9217
                  1.2145                      -1.8120205
                   1.218                      -1.6949609
                  1.2215                      -1.5791044
                   1.225                      -1.4715172
                  1.2285                      -1.3768411
                   1.232                      -1.2971744
                  1.2355                      -1.2325482
                   1.239                      -1.1815844
                  1.2425                      -1.1420968
                   1.246                      -1.1115652
                  1.2495                      -1.0874486
                   1.253                      -1.0674066
                  1.2565                      -1.0494479
                    1.26                       -1.032043
                  1.2635                      -1.0141957
                   1.267                     -0.99546157
                  1.2705                     -0.97590359
                   1.274                     -0.95597654
                  1.2775                     -0.93635957
                   1.281                     -0.91777403
                  1.2845                     -0.90082605
                   1.288                     -0.88589962
                  1.2915                     -0.87311334
                   1.295                     -0.86233451
                  1.2985                     -0.85323053
                   1.302                     -0.84533977
                  1.3055                     -0.83814923
                   1.309                      -0.8311707
                  1.3125                     -0.82400385
                   1.316                     -0.81639023
                  1.3195                     -0.80824172
                   1.323                      -0.7996432
                  1.3265                     -0.79082508
                    1.33                     -0.78211031
                  1.3335                     -0.77384832
                   1.337                     -0.76634939
                  1.3405                     -0.75983177
                   1.344                     -0.75439068
                  1.3475                     -0.74999134
                   1.351                     -0.74647983
                  1.3545                     -0.74361692
                   1.358                     -0.74111532
                  1.3615                     -0.73868487
                   1.365                     -0.73607595
                  1.3685                     -0.73311336
                   1.372                     -0.72972183
                  1.3755                     -0.72592937
                   1.379                      -0.7218572
                  1.3825                     -0.71769059
                   1.386                      -0.7136418
                  1.3895                     -0.70990774
                   1.393                     -0.70663864
                  1.3965                     -0.70390962
                     1.4                     -0.70171209
                  1.4035                     -0.69995665
                   1.407                     -0.69848799
                  1.4105                     -0.69710867
                   1.414                     -0.69560799
                  1.4175                     -0.69379738
                   1.421                     -0.69153888
                  1.4245                     -0.68876923
                   1.428                     -0.68551262
                  1.4315                     -0.68187569
                   1.435                     -0.67803034
                  1.4385                     -0.67418393
                   1.442                      -0.6705422
                  1.4455                     -0.66727617
                   1.449                     -0.66449993
                  1.4525                     -0.66225094
                   1.456                     -0.66049618
                  1.4595                     -0.65913661
                   1.463                     -0.65803075
                  1.4665                       -0.657018
                    1.47                     -0.65594301
                  1.4735                     -0.65468304
                   1.477                     -0.65316668
                  1.4805                     -0.65138118
                   1.484                     -0.64937475
                  1.4875                      -0.6472465
                   1.491                     -0.64512425
                  1.4945                     -0.64314502
                   1.498                     -0.64142757
                  1.5015                      -0.6400544
                   1.505                     -0.63905806
                  1.5085                     -0.63841527
                   1.512                      -0.6380545
                  1.5155                      -0.6378668
                   1.519                     -0.63772669
                  1.5225                     -0.63751532
                   1.526                     -0.63714052
                  1.5295                     -0.63655597
                   1.533                     -0.63577006
                  1.5365                      -0.6348433
                    1.54                      -0.6338802
                  1.5435                     -0.63300883
                   1.547                     -0.63235872
                  1.5505                     -0.63204074
                   1.554                      -0.6321255
                  1.5575                      -0.6326346
                   1.561                     -0.63353742
                  1.5645                     -0.63475321
                   1.568                     -0.63616949
                  1.5715                     -0.63765814
                   1.575                     -0.63909898
                  1.5785                     -0.64040339
                   1.582                     -0.64152906
                  1.5855                     -0.64249043
                   1.589                      -0.6433571
                  1.5925                     -0.64424044
                   1.596                     -0.64527601
                  1.5995                      -0.6465989
                   1.603                     -0.64832003
                  1.6065                     -0.65050936
                    1.61                     -0.65318092
                  1.6135                     -0.65629171
                   1.617                     -0.65974791
                  1.6205                     -0.66341744
                   1.624                      -0.6671573
                  1.6275                     -0.67083474
                   1.631                     -0.67435542
                  1.6345                     -0.67768329
                   1.638                     -0.68084608
                  1.6415                     -0.68393707
                   1.645                     -0.68709493
                  1.6485                     -0.69048093
                   1.652                     -0.69425236
                  1.6555                     -0.69853148
                   1.659                     -0.70338436
                  1.6625                     -0.70880905
                   1.666                     -0.71472723
                  1.6695                     -0.72100114
                   1.673                     -0.72745076
                  1.6765                     -0.73388406
                    1.68                      -0.7401388
                  1.6835                      -0.7461095
                   1.687                     -0.75177557
                  1.6905                     -0.75720871
                   1.694                     -0.76255906
                  1.6975                      -0.7680332
                   1.701                     -0.77385342
                  1.7045                     -0.78021332
                   1.708                     -0.78724498
                  1.7115                     -0.79498327
                   1.715                     -0.80335213
                  1.7185                     -0.81217029
                   1.722                     -0.82116567
                  1.7255                     -0.83002666
                   1.729                     -0.83845421
                  1.7325                     -0.84622101
                   1.736                     -0.85322994
                  1.7395                      -0.8595308
                   1.743                     -0.86531686
                  1.7465                     -0.87088254
                    1.75                     -0.87654453
                  1.7535                     -0.88256456
                   1.757                     -0.88905026
                  1.7605                     -0.89587284
                   1.764                      -0.9026108
                  1.7675                     -0.90851822
                   1.771                     -0.91256085
                  1.7745                     -0.91353677
                   1.778                     -0.91027483
                  1.7815                     -0.90190677
                   1.785                     -0.88811456
                  1.7885                     -0.86927272
                   1.792                     -0.84641127
                  1.7955                     -0.82100562
                   1.799                     -0.79467953
                  1.8025                     -0.76892919
                   1.806                     -0.74493985
                  1.8095                     -0.72351182
                   1.813                     -0.70508121
                  1.8165                     -0.68978158
                    1.82                     -0.67751969
                  1.8235                     -0.66804246
                   1.827                     -0.66098987
                  1.8305                      -0.6559287
                   1.834                     -0.65237762
                  1.8375                     -0.64983052
                   1.841                     -0.64777434
                  1.8445                     -0.64571344
                   1.848                     -0.64320024
                  1.8515                     -0.63985868
                   1.855                     -0.63541066
                  1.8585                      -0.6296873
                   1.862                      -0.6226284
                  1.8655                     -0.61427104
                   1.869                      -0.6047223
                  1.8725                     -0.59412973
                   1.876                     -0.58265348
                  1.8795                     -0.57044135
                   1.883                     -0.55761467
                  1.8865                     -0.54426242
                    1.89                      -0.5304428
                  1.8935                     -0.51619105
                   1.897                     -0.50152905
                  1.9005                      -0.4864772
                   1.904                      -0.4710638
                  1.9075                     -0.45533177
                   1.911                     -0.43934217
                  1.9145                     -0.42317358
                   1.918                     -0.40691798
                  1.9215                     -0.39067363
                   1.925                     -0.37453844
                  1.9285                     -0.35860297
                   1.932                     -0.34294364
                  1.9355                     -0.32762123
                   1.939                     -0.31267908
                  1.9425                      -0.2981457
                   1.946                     -0.28403868
                  1.9495                     -0.27036829
                   1.953                     -0.25714364
                  1.9565                     -0.24437712
                    1.96                     -0.23208661
                  1.9635                     -0.22029758
                   1.967                     -0.20904178
                  1.9705                     -0.19835578
                   1.974                     -0.18827806
                  1.9775                     -0.17884449
                   1.981                     -0.17008728
                  1.9845                     -0.16203319
                   1.988                     -0.15470326
                  1.9915                      -0.1481154
                   1.995                     -0.14228625
                  1.9985                     -0.13723488
                   2.002                      -0.1329854
                  2.0055                     -0.12956839
                   2.009                      -0.1270208
                  2.0125                      -0.1253864
                   2.016                     -0.12471229
                  2.0195                     -0.12504634
                   2.023                     -0.12643606
                  2.0265                     -0.12892677
                    2.03                     -0.13256236
                  2.0335                     -0.13738713
                   2.037                     -0.14344878
                  2.0405                     -0.15080106
                   2.044                     -0.15950592
                  2.0475                     -0.16963284
                   2.051                     -0.18125667
                  2.0545                     -0.19445206
                   2.058                     -0.20928839
                  2.0615                      -0.2258227
                   2.065                      -0.2440952
                  2.0685                     -0.26412856
                   2.072                     -0.28593061
                  2.0755                     -0.30950105
                   2.079                     -0.33484036
                  2.0825                     -0.36195779
                   2.086                     -0.39087596
                  2.0895                     -0.42162874
                   2.093                     -0.45425296
                  2.0965                     -0.48877232
                     2.1                     -0.52517977
                  2.1035                     -0.56341849
                   2.107                      -0.6033706
                  2.1105                     -0.64485522
                   2.114                     -0.68763842
                  2.1175                     -0.73145819
                   2.121                     -0.77605429
                  2.1245                     -0.82119864
                   2.128                      -0.8667194
                  2.1315                     -0.91250431
                   2.135                     -0.95848912
                  2.1385                      -1.0046271
                   2.142                      -1.0508516
                  2.1455                      -1.0970354
                   2.149                      -1.1429676
                  2.1525                      -1.1883458
                   2.156                      -1.2327969
                  2.1595                      -1.2759194
                   2.163                      -1.3173403
                  2.1665                      -1.3567736
                    2.17                      -1.3940674
                  2.1735                      -1.4292231
                   2.177                      -1.4623745
                  2.1805                      -1.4937446
                   2.184                      -1.5235826
                  2.1875                      -1.5520903
                   2.191                      -1.5793741
                  2.1945                       -1.605412
                   2.198                      -1.6300524
                  2.2015                      -1.6530509
                   2.205                      -1.6741257
                  2.2085                      -1.6930299
                   2.212                      -1.7096162
                  2.2155                      -1.7238849
                   2.219                      -1.7359986
                  2.2225                      -1.7462544
                   2.226                      -1.7550434
                  2.2295                      -1.7627808
                   2.233                      -1.7698318
                  2.2365                       -1.776459
                    2.24                      -1.7827984
                  2.2435                      -1.7888507
                   2.247                      -1.7945229
                  2.2505                      -1.7996711
                   2.254                      -1.8041675
                  2.2575                      -1.8079625
                   2.261                      -1.8111282
                  2.2645                      -1.8138767
                   2.268                      -1.8165461
                  2.2715                      -1.8195499
                   2.275                      -1.8233126
                  2.2785                      -1.8281813
                   2.282                      -1.8343675
                  2.2855                      -1.8418926
                   2.289                      -1.8505697
                  2.2925                       -1.860029
                   2.296                      -1.8697706
                  2.2995                      -1.8792575
                   2.303                      -1.8880087
                  2.3065                      -1.8956916
                    2.31                      -1.9021946
                  2.3135                      -1.9076454
                   2.317                      -1.9124206
                  2.3205                      -1.9170628
                   2.324                      -1.9222009
                  2.3275                      -1.9284374
                   2.331                      -1.9362466
                  2.3345                      -1.9458865
                   2.338                      -1.9573668
                  2.3415                      -1.9704519
                   2.345                      -1.9847128
                  2.3485                      -1.9996336
                   2.352                      -2.0147304
                  2.3555                      -2.0297001
                   2.359                      -2.0445233
                  2.3625                      -2.0595342
                   2.366                      -2.0754446
                  2.3695                      -2.0932676
                   2.373                      -2.1142197
                  2.3765                      -2.1395453
                    2.38                      -2.1703342
                  2.3835                      -2.2073353
                   2.387                      -2.2508011
                  2.3905                      -2.3003745
                   2.394                       -2.355046
                  2.3975                      -2.4131918
                   2.401                      -2.4727064
                  2.4045                      -2.5311962
                   2.408                      -2.5862394
                  2.4115                      -2.6356669
                   2.415                      -2.6777998
                  2.4185                      -2.7116376
                   2.422                      -2.7369336
                  2.4255                       -2.754155
                   2.429                       -2.764364
                  2.4325                      -2.7690098
                   2.436                      -2.7697024
                  2.4395                       -2.768002
                   2.443                      -2.7652491
                  2.4465                      -2.7624465
                    2.45                      -2.7602437
                  2.4535                      -2.7589615
                   2.457                      -2.7586666
                  2.4605                      -2.7592824
                   2.464                      -2.7606992
                  2.4675                      -2.7628759
                   2.471                      -2.7658883
                  2.4745                      -2.7699343
                   2.478                      -2.7753117
                  2.4815                      -2.7823272
                   2.485                      -2.7912445
                  2.4885                      -2.8021676
                   2.492                      -2.8150031
                  2.4955                      -2.8294342
                   2.499                      -2.8449574
                  2.5025                      -2.8609308
                   2.506                      -2.8767118
                  2.5095                      -2.8917467
                   2.513                      -2.9056878
                  2.5165                      -2.9184684
                    2.52                      -2.9303028
                  2.5235                      -2.9416856
                   2.527                      -2.9532765
                  2.5305                      -2.9657983
                   2.534                      -2.9798877
                  2.5375                      -2.9959676
                   2.541                      -3.0141752
                  2.5445                      -3.0343093
                   2.548                      -3.0558651
                  2.5515                      -3.0781377
                   2.555                      -3.1003371
                  2.5585                      -3.1217702
                   2.562                      -3.1419594
                  2.5655                      -3.1607762
                   2.569                      -3.1784519
                  2.5725                      -3.1955695
                   2.576                      -3.2129217
                  2.5795                      -3.2313864
                   2.583                      -3.2517197
                  2.5865                      -3.2743783
                    2.59                      -3.2994029
                  2.5935                      -3.3263417
                   2.597                      -3.3542918
                  2.6005                      -3.3820048
                   2.604                      -3.4080699
                  2.6075                      -3.4311312
                   2.611                      -3.4501116
                  2.6145                      -3.4643965
                   2.618                      -3.4739228
                  2.6215                      -3.4792098
                   2.625                      -3.4812492
                  2.6285                      -3.4813431
                   2.632                      -3.4808551
                  2.6355                      -3.4809905
                   2.639                      -3.4825702
                  2.6425                      -3.4859021
                   2.646                      -3.4907338
                  2.6495                      -3.4963112
                   2.653                      -3.5015373
                  2.6565                      -3.5051997
                    2.66                      -3.5061946
                  2.6635                      -3.5037657
                   2.667                      -3.4976485
                  2.6705                      -3.4881326
                   2.674                      -3.4760311
                  2.6775                      -3.4625174
                   2.681                      -3.4489076
                  2.6845                      -3.4364083
                   2.688                      -3.4258667
                  2.6915                       -3.417616
                   2.695                      -3.4113581
                  2.6985                      -3.4062319
                   2.702                      -3.4009363
                  2.7055                      -3.3939546
                   2.709                      -3.3838384
                  2.7125                      -3.3694695
                   2.716                      -3.3502752
                  2.7195                      -3.3263479
                   2.723                      -3.2984316
                  2.7265                      -3.2678181
                    2.73                      -3.2360995
                  2.7335                      -3.2049067
                   2.737                      -3.1755873
                  2.7405                      -3.1490061
                   2.744                      -3.1253819
                  2.7475                      -3.1042812
                   2.751                       -3.084707
                  2.7545                      -3.0652881
                   2.758                      -3.0445604
                  2.7615                      -3.0212093
                   2.765                       -2.994347
                  2.7685                      -2.9636569
                   2.772                      -2.9294714
                  2.7755                       -2.892697
                   2.779                      -2.8546569
                  2.7825                      -2.8168405
                   2.786                      -2.7806209
                  2.7895                      -2.7470212
                   2.793                      -2.7165235
                  2.7965                      -2.6890061
                     2.8                      -2.6637716
                  2.8035                      -2.6396949
                   2.807                      -2.6154406
                  2.8105                      -2.5897175
                   2.814                      -2.5615229
                  2.8175                      -2.5303343
                   2.821                      -2.4962152
                  2.8245                      -2.4598105
                   2.828                      -2.4222158
                  2.8315                      -2.3847907
                   2.835                      -2.3488736
                  2.8385                      -2.3155692
                   2.842                      -2.2855274
                  2.8455                      -2.2588572
                   2.849                      -2.2351144
                  2.8525                      -2.2133988
                   2.856                      -2.1925311
                  2.8595                      -2.1712783
                   2.863                       -2.148579
                  2.8665                      -2.1237353
                    2.87                      -2.0965401
                  2.8735                      -2.0673133
                   2.877                      -2.0368303
                  2.8805                      -2.0061697
                   2.884                      -1.9764842
                  2.8875                      -1.9487976
                   2.891                      -1.9237894
                  2.8945                      -1.9016832
                   2.898                       -1.882192
                  2.9015                       -1.864593
                   2.905                      -1.8478375
                  2.9085                      -1.8307547
                   2.912                      -1.8122559
                  2.9155                       -1.791528
                   2.919                      -1.7681935
                  2.9225                      -1.7423714
                   2.926                      -1.7146606
                  2.9295                       -1.686025
                   2.933                      -1.6576176
                  2.9365                      -1.6305582
                    2.94                      -1.6057347
                  2.9435                      -1.5836458
                   2.947                      -1.5643285
                  2.9505                      -1.5473671
                   2.954                      -1.5319867
                  2.9575                      -1.5172072
                   2.961                      -1.5020135
                  2.9645                      -1.4855775
                   2.968                      -1.4673872
                  2.9715                      -1.4473497
                   2.975                      -1.4258234
                  2.9785                      -1.4035446
                   2.982                      -1.3814803
                  2.9855                      -1.3606548
                   2.989                      -1.3419489
                  2.9925                      -1.3259477
                   2.996                      -1.3128187
                  2.9995                      -1.3022967
                   3.003                      -1.2937246
                  3.0065                      -1.2861689
                    3.01                      -1.2785665
                  3.0135                      -1.2699153
                   3.017                      -1.2594331
                  3.0205                      -1.2466844
                   3.024                      -1.2316453
                  3.0275                      -1.2147008
                   3.031                      -1.1965444
                  3.0345                      -1.1780447
                   3.038                      -1.1600608
                  3.0415                      -1.1433006
                   3.045                      -1.1281777
                  3.0485                       -1.114762
                   3.052                      -1.1027722
                  3.0555                      -1.0916652
                   3.059                      -1.0807268
                  3.0625                      -1.0692302
                   3.066                      -1.0565759
                  3.0695                      -1.0424061
                   3.073                      -1.0266856
                  3.0765                      -1.0097026
                    3.08                     -0.99202299
                  3.0835                     -0.97438368
                   3.087                     -0.95754478
                  3.0905                     -0.94215061
                   3.094                      -0.9286132
                  3.0975                     -0.91703704
                   3.101                     -0.90721013
                  3.1045                     -0.89864419
                   3.108                     -0.89067237
                  3.1115                      -0.8825645
                   3.115                     -0.87366282
                  3.1185                     -0.86350413
                   3.122                     -0.85189651
                  3.1255                     -0.83896146
                   3.129                     -0.82510569
                  3.1325                     -0.81093607
                   3.136                     -0.79715026
                  3.1395                     -0.78439433
                   3.143                     -0.77314645
                  3.1465                     -0.76363136
                    3.15                      -0.7557823
                  3.1535                     -0.74926188
                   3.157                     -0.74352609
                  3.1605                      -0.7379236
                   3.164                     -0.73181794
                  3.1675                     -0.72469874
                   3.171                      -0.7162787
                  3.1745                     -0.70654487
                   3.178                     -0.69575849
                  3.1815                     -0.68440465
                   3.185                     -0.67309758
                  3.1885                     -0.66245588
                   3.192                     -0.65299171
                  3.1955                     -0.64501507
                   3.199                     -0.63857648
                  3.2025                     -0.63346609
                   3.206                     -0.62925497
                  3.2095                     -0.62536984
                   3.213                     -0.62120245
                  3.2165                      -0.6162164
                    3.22                     -0.61004583
                  3.2235                     -0.60256414
                   3.227                     -0.59390578
                  3.2305                     -0.58444071
                   3.234                     -0.57470274
                  3.2375                     -0.56528724
                   3.241                     -0.55673649
                  3.2445                       -0.549441
                   3.248                     -0.54357117
                  3.2515                     -0.53905043
                   3.255                     -0.53557282
                  3.2585                     -0.53266501
                   3.262                     -0.52976694
                  3.2655                     -0.52634205
                   3.269                     -0.52196996
                  3.2725                     -0.51642546
                   3.276                     -0.50972227
                  3.2795                     -0.50210708
                   3.283                     -0.49401366
                  3.2865                     -0.48597792
                    3.29                     -0.47853386
                  3.2935                     -0.47211508
                   3.297                     -0.46697486
                  3.3005                     -0.46314316
                   3.304                     -0.46042519
                  3.3075                     -0.45843926
                   3.311                     -0.45668751
                  3.3145                     -0.45464615
                   3.318                     -0.45185986
                  3.3215                     -0.44802745
                   3.325                     -0.44305739
                  3.3285                     -0.43708272
                   3.332                     -0.43043987
                  3.3355                     -0.42359743
                   3.339                     -0.41706887
                  3.3425                     -0.41131557
                   3.346                     -0.40666131
                  3.3495                     -0.40323302
                   3.353                     -0.40094484
                  3.3565                     -0.39951264
                    3.36                     -0.39851151
                  3.3635                     -0.39744942
                   3.367                     -0.39585889
                  3.3705                     -0.39338292
                   3.374                     -0.38984083
                  3.3775                      -0.3852623
                   3.381                     -0.37988351
                  3.3845                     -0.37410017
                   3.388                     -0.36839061
                  3.3915                     -0.36322377
                   3.395                      -0.3589749
                  3.3985                     -0.35585383
                   3.402                     -0.35387229
                  3.4055                     -0.35284248
                   3.409                      -0.3524138
                  3.4125                     -0.35213734
                   3.416                     -0.35154562
                  3.4195                     -0.35024081
                   3.423                     -0.34796496
                  3.4265                      -0.3446521
                    3.43                     -0.34043913
                  3.4335                     -0.33563918
                   3.437                      -0.3306838
                  3.4405                     -0.32603656
                   3.444                     -0.32210639
                  3.4475                     -0.31917435
                   3.451                     -0.31734242
                  3.4545                     -0.31651774
                   3.458                     -0.31643209
                  3.4615                      -0.3166907
                   3.465                     -0.31684338
                  3.4685                     -0.31646796
                   3.472                     -0.31524599
                  3.4755                     -0.31302431
                   3.479                     -0.30984512
                  3.4825                     -0.30593613
                   3.486                     -0.30166761
                  3.4895                     -0.29748155
                   3.493                     -0.29380702
                  3.4965                     -0.29097952
                     3.5                      -0.2891819
