Frequency    S1,1_[83]

                       0                 -1.0423068e-006
                  0.0035                  2.1139988e-007
                   0.007                  3.4164588e-007
                  0.0105                 -8.8451419e-007
                   0.014                 -4.8835181e-006
                  0.0175                 -1.2416837e-005
                   0.021                 -2.2920126e-005
                  0.0245                  -3.426184e-005
                   0.028                 -4.3078093e-005
                  0.0315                 -4.5689432e-005
                   0.035                  -3.940272e-005
                  0.0385                 -2.3772885e-005
                   0.042                 -1.4853541e-006
                  0.0455                  2.1570197e-005
                   0.049                    3.71081e-005
                  0.0525                  3.6265426e-005
                   0.056                  1.1840048e-005
                  0.0595                 -3.9357937e-005
                   0.063                  -0.00011460811
                  0.0665                  -0.00020485814
                    0.07                  -0.00029556642
                  0.0735                  -0.00036937875
                   0.077                  -0.00040986164
                  0.0805                  -0.00040588708
                   0.084                  -0.00035524915
                  0.0875                  -0.00026658759
                   0.091                  -0.00015951272
                  0.0945                 -6.1475306e-005
                   0.098                 -3.1824605e-006
                  0.1015                 -1.1698183e-005
                   0.105                  -0.00010436655
                  0.1085                  -0.00028329048
                   0.112                  -0.00053295231
                  0.1155                  -0.00082096366
                   0.119                   -0.0011031648
                  0.1225                   -0.0013317518
                   0.126                   -0.0014655928
                  0.1295                   -0.0014800097
                   0.133                   -0.0013739076
                  0.1365                   -0.0011725315
                    0.14                  -0.00092505313
                  0.1435                  -0.00069642265
                   0.147                  -0.00055511089
                  0.1505                  -0.00055958432
                   0.154                   -0.0007447841
                  0.1575                   -0.0011133041
                   0.161                   -0.0016310336
                  0.1645                   -0.0022313316
                   0.168                   -0.0028258825
                  0.1715                   -0.0033211776
                   0.175                     -0.00363825
                  0.1785                   -0.0037301103
                   0.182                   -0.0035930697
                  0.1855                   -0.0032719573
                   0.189                    -0.002852562
                  0.1925                   -0.0024477738
                   0.196                   -0.0021753102
                  0.1995                   -0.0021354102
                   0.203                   -0.0023894597
                  0.2065                   -0.0029448089
                    0.21                   -0.0037507804
                  0.2135                   -0.0047049123
                   0.217                   -0.0056702769
                  0.2205                   -0.0065022237
                   0.224                    -0.007075675
                  0.2275                   -0.0073140646
                   0.231                   -0.0072043768
                  0.2345                   -0.0068041145
                   0.238                   -0.0062311839
                  0.2415                   -0.0056430368
                   0.245                   -0.0052068755
                  0.2485                   -0.0050683822
                   0.252                   -0.0053215402
                  0.2555                   -0.0059893587
                   0.259                   -0.0070161856
                  0.2625                   -0.0082762351
                   0.266                   -0.0095942298
                  0.2695                    -0.010778779
                   0.273                     -0.01166052
                  0.2765                    -0.012125017
                    0.28                    -0.012138235
                  0.2835                    -0.011753809
                   0.287                    -0.011105816
                  0.2905                    -0.010383475
                   0.294                   -0.0097966134
                  0.2975                   -0.0095352268
                   0.301                   -0.0097349762
                  0.3045                     -0.01044957
                   0.308                     -0.01163848
                  0.3115                    -0.013170739
                   0.315                     -0.01484858
                  0.3185                    -0.016441981
                   0.322                      -0.0177337
                  0.3255                    -0.018561751
                   0.329                    -0.018852422
                  0.3325                    -0.018636895
                   0.336                    -0.018046684
                  0.3395                    -0.017290757
                   0.343                    -0.016617363
                  0.3465                    -0.016269451
                    0.35                    -0.016438487
                  0.3535                    -0.017230845
                   0.357                    -0.018642622
                  0.3605                    -0.020557572
                   0.364                    -0.022765271
                  0.3675                    -0.024995731
                   0.371                    -0.026970986
                  0.3745                    -0.028458481
                   0.378                    -0.029319304
                  0.3815                    -0.029537253
                   0.385                    -0.029226349
                  0.3885                    -0.028612067
                   0.392                    -0.027992825
                  0.3955                    -0.027687819
                   0.399                    -0.027981238
                  0.4025                    -0.029069368
                   0.406                    -0.031022777
                  0.4095                    -0.033764801
                   0.413                    -0.037078825
                  0.4165                    -0.040639196
                    0.42                     -0.04406959
                  0.4235                     -0.04701475
                   0.427                    -0.049215221
                  0.4305                    -0.050562844
                   0.434                    -0.051131255
                  0.4375                    -0.051170793
                   0.441                    -0.051071538
                  0.4445                    -0.051300698
                   0.448                    -0.052329014
                  0.4515                    -0.054550482
                   0.455                    -0.058207882
                  0.4585                    -0.063337774
                   0.462                    -0.069741697
                  0.4655                    -0.077001675
                   0.469                    -0.084542046
                  0.4725                    -0.091737595
                   0.476                    -0.098046062
                  0.4795                     -0.10313496
                   0.483                     -0.10697651
                  0.4865                     -0.10988353
                    0.49                     -0.11248732
                  0.4935                     -0.11566731
                   0.497                     -0.12044154
                  0.5005                     -0.12783121
                   0.504                     -0.13870109
                  0.5075                     -0.15358812
                   0.511                     -0.17253317
                  0.5145                     -0.19497753
                   0.518                     -0.21976988
                  0.5215                     -0.24536208
                   0.525                      -0.2701656
                  0.5285                     -0.29300947
                   0.532                     -0.31355635
                  0.5355                     -0.33257235
                   0.539                     -0.35202256
                  0.5425                      -0.3750173
                   0.546                     -0.40563435
                  0.5495                     -0.44852291
                   0.553                     -0.50798797
                  0.5565                     -0.58622262
                    0.56                      -0.6807265
                  0.5635                     -0.78240326
                   0.567                     -0.87713466
                  0.5705                     -0.95197828
                   0.574                       -1.001742
                  0.5775                      -1.0301839
                   0.581                      -1.0457261
                  0.5845                      -1.0562637
                   0.588                      -1.0663491
                  0.5915                        -1.07698
                   0.595                      -1.0870914
                  0.5985                      -1.0956959
                   0.602                      -1.1037512
                  0.6055                       -1.115059
                   0.609                      -1.1362068
                  0.6125                      -1.1760345
                   0.616                      -1.2451167
                  0.6195                      -1.3553682
                   0.623                      -1.5193704
                  0.6265                      -1.7487094
                    0.63                      -2.0507085
                  0.6335                      -2.4236112
                   0.637                      -2.8520978
                  0.6405                      -3.3068316
                   0.644                      -3.7513583
                  0.6475                      -4.1545737
                   0.651                      -4.5013602
                  0.6545                      -4.7946232
                   0.658                      -5.0487532
                  0.6615                      -5.2799552
                   0.665                      -5.4983221
                  0.6685                       -5.703405
                   0.672                      -5.8835906
                  0.6755                      -6.0197915
                   0.679                      -6.0931485
                  0.6825                      -6.0942125
                   0.686                      -6.0281743
                  0.6895                      -5.9130289
                   0.693                      -5.7724701
                  0.6965                      -5.6286344
                     0.7                      -5.4979065
                  0.7035                      -5.3899844
                   0.707                      -5.3087528
                  0.7105                       -5.253735
                   0.714                      -5.2214468
                  0.7175                      -5.2066086
                   0.721                      -5.2032876
                  0.7245                      -5.2060318
                   0.728                      -5.2109067
                  0.7315                      -5.2162302
                   0.735                      -5.2227878
                  0.7385                      -5.2334581
                   0.742                      -5.2524061
                  0.7455                      -5.2841444
                   0.749                      -5.3327039
                  0.7525                      -5.4010304
                   0.756                      -5.4906172
                  0.7595                       -5.601342
                   0.763                      -5.7314603
                  0.7665                      -5.8777735
                    0.77                      -6.0360523
                  0.7735                      -6.2016992
                   0.777                       -6.370631
                  0.7805                      -6.5401823
                   0.784                      -6.7097445
                  0.7875                      -6.8809375
                   0.791                      -7.0571723
                  0.7945                      -7.2427735
                   0.798                      -7.4418615
                  0.8015                      -7.6572384
                   0.805                      -7.8894434
                  0.8085                      -8.1360932
                   0.812                       -8.391625
                  0.8155                      -8.6476008
                   0.819                      -8.8937274
                  0.8225                       -9.119592
                   0.826                      -9.3167851
                  0.8295                      -9.4807604
                   0.833                      -9.6114846
                  0.8365                      -9.7128363
                    0.84                      -9.7905881
                  0.8435                      -9.8501161
                   0.847                      -9.8944087
                  0.8505                      -9.9230275
                   0.854                      -9.9322237
                  0.8575                      -9.9160692
                   0.861                      -9.8684186
                  0.8645                      -9.7850566
                   0.868                      -9.6654217
                  0.8715                      -9.5131173
                   0.875                      -9.3352854
                  0.8785                      -9.1409876
                   0.882                      -8.9391931
                  0.8855                      -8.7372272
                   0.889                      -8.5397428
                  0.8925                      -8.3486186
                   0.896                      -8.1632232
                  0.8995                      -7.9812719
                   0.903                      -7.7997574
                  0.9065                      -7.6158918
                    0.91                      -7.4278299
                  0.9135                      -7.2350414
                   0.917                      -7.0383197
                  0.9205                      -6.8394325
                   0.924                      -6.6406013
                  0.9275                      -6.4439783
                   0.931                      -6.2512027
                  0.9345                      -6.0632091
                   0.938                      -5.8802428
                  0.9415                       -5.702004
                   0.945                      -5.5280732
                  0.9485                      -5.3582054
                   0.952                      -5.1927115
                  0.9555                       -5.032653
                   0.959                      -4.8798416
                  0.9625                      -4.7367847
                   0.966                      -4.6065299
                  0.9695                       -4.492552
                   0.973                      -4.3987301
                  0.9765                       -4.329455
                    0.98                        -4.28959
                  0.9835                      -4.2842692
                   0.987                      -4.3182688
                  0.9905                      -4.3950198
                   0.994                         -4.5154
                  0.9975                      -4.6768499
                   1.001                       -4.873159
                  1.0045                      -5.0950829
                   1.008                      -5.3315188
                  1.0115                      -5.5707092
                   1.015                       -5.801168
                  1.0185                      -6.0123096
                   1.022                      -6.1949472
                  1.0255                      -6.3418572
                   1.029                      -6.4484048
                  1.0325                       -6.513047
                   1.036                      -6.5374206
                  1.0395                       -6.525852
                   1.043                       -6.484433
                  1.0465                      -6.4198488
                    1.05                      -6.3383673
                  1.0535                      -6.2451153
                   1.057                      -6.1437342
                  1.0605                      -6.0364053
                   1.064                      -5.9240607
                  1.0675                      -5.8067565
                   1.071                      -5.6841055
                  1.0745                      -5.5556834
                   1.078                      -5.4213639
                  1.0815                      -5.2815607
                   1.085                      -5.1373089
                  1.0885                      -4.9902794
                   1.092                       -4.842598
                  1.0955                      -4.6966131
                   1.099                      -4.5546475
                  1.1025                      -4.4186968
                   1.106                      -4.2902007
                  1.1095                      -4.1698989
                   1.113                      -4.0577475
                  1.1165                      -3.9529794
                    1.12                       -3.854208
                  1.1235                      -3.7596361
                   1.127                      -3.6673319
                  1.1305                      -3.5755308
                   1.134                      -3.4829747
                  1.1375                      -3.3892072
                   1.141                      -3.2947705
                  1.1445                      -3.2012627
                   1.148                      -3.1111793
                  1.1515                      -3.0275931
                   1.155                      -2.9537293
                  1.1585                      -2.8925185
                   1.162                      -2.8462486
                  1.1655                      -2.8163291
                   1.169                      -2.8031984
                  1.1725                      -2.8062841
                   1.176                      -2.8240037
                  1.1795                      -2.8537291
                   1.183                      -2.8916633
                  1.1865                      -2.9327251
                    1.19                      -2.9704233
                  1.1935                      -2.9969916
                   1.197                      -3.0039242
                  1.2005                       -2.983123
                   1.204                      -2.9286901
                  1.2075                      -2.8388284
                   1.211                      -2.7170753
                  1.2145                      -2.5719953
                   1.218                      -2.4153108
                  1.2215                       -2.259131
                   1.225                       -2.113528
                  1.2285                      -1.9852425
                   1.232                      -1.8774754
                  1.2355                      -1.7905097
                   1.239                      -1.7225984
                  1.2425                       -1.670792
                   1.246                       -1.631602
                  1.2495                      -1.6014483
                   1.253                      -1.5769852
                  1.2565                      -1.5553269
                    1.26                      -1.5342261
                  1.2635                      -1.5121948
                   1.267                      -1.4885501
                  1.2705                      -1.4633653
                   1.274                       -1.437314
                  1.2775                       -1.411429
                   1.281                      -1.3868334
                  1.2845                      -1.3644998
                   1.288                      -1.3450801
                  1.2915                      -1.3288269
                   1.295                      -1.3156021
                  1.2985                      -1.3049454
                   1.302                      -1.2961759
                  1.3055                      -1.2885094
                   1.309                      -1.2811783
                  1.3125                      -1.2735346
                   1.316                      -1.2651394
                  1.3195                      -1.2558167
                   1.323                      -1.2456643
                  1.3265                      -1.2350187
                    1.33                       -1.224377
                  1.3335                      -1.2142954
                   1.337                      -1.2052848
                  1.3405                      -1.1977242
                   1.344                      -1.1918051
                  1.3475                      -1.1875143
                   1.351                      -1.1846448
                  1.3545                      -1.1828429
                   1.358                      -1.1816648
                  1.3615                      -1.1806468
                   1.365                      -1.1793758
                  1.3685                      -1.1775474
                   1.372                      -1.1750124
                  1.3755                      -1.1717894
                   1.379                       -1.168055
                  1.3825                      -1.1641024
                   1.386                      -1.1602836
                  1.3895                      -1.1569406
                   1.393                      -1.1543502
                  1.3965                      -1.1526726
                     1.4                        -1.15193
                  1.4035                      -1.1520044
                   1.407                       -1.152656
                  1.4105                      -1.1535572
                   1.414                      -1.1543386
                  1.4175                      -1.1546474
                   1.421                      -1.1541994
                  1.4245                      -1.1528261
                   1.428                      -1.1505057
                  1.4315                      -1.1473665
                   1.435                      -1.1436665
                  1.4385                      -1.1397492
                   1.442                      -1.1359826
                  1.4455                      -1.1326978
                   1.449                      -1.1301441
                  1.4525                      -1.1284481
                   1.456                       -1.127613
                  1.4595                      -1.1275216
                   1.463                      -1.1279701
                  1.4665                      -1.1287063
                    1.47                      -1.1294707
                  1.4735                      -1.1300451
                   1.477                      -1.1302872
                  1.4805                      -1.1301486
                   1.484                      -1.1296831
                  1.4875                      -1.1290349
                   1.491                      -1.1284054
                  1.4945                      -1.1280219
                   1.498                      -1.1280913
                  1.5015                      -1.1287673
                   1.505                      -1.1301231
                  1.5085                      -1.1321375
                   1.512                      -1.1347019
                  1.5155                      -1.1376368
                   1.519                      -1.1407247
                  1.5225                      -1.1437502
                   1.526                       -1.146537
                  1.5295                       -1.148984
                   1.533                      -1.1510856
                  1.5365                      -1.1529325
                    1.54                      -1.1547004
                  1.5435                      -1.1566173
                   1.547                      -1.1589251
                  1.5505                      -1.1618418
                   1.554                      -1.1655205
                  1.5575                      -1.1700285
                   1.561                      -1.1753368
                  1.5645                      -1.1813199
                   1.568                      -1.1877841
                  1.5715                       -1.194496
                   1.575                      -1.2012246
                  1.5785                       -1.207787
                   1.582                      -1.2140803
                  1.5855                      -1.2201065
                   1.589                      -1.2259753
                  1.5925                      -1.2318856
                   1.596                      -1.2380948
                  1.5995                      -1.2448747
                   1.603                      -1.2524648
                  1.6065                       -1.261036
                    1.61                      -1.2706572
                  1.6135                      -1.2812864
                   1.617                      -1.2927754
                  1.6205                      -1.3048893
                   1.624                      -1.3173545
                  1.6275                         -1.3299
                   1.631                      -1.3423144
                  1.6345                      -1.3544912
                   1.638                      -1.3664492
                  1.6415                      -1.3783446
                   1.645                      -1.3904409
                  1.6485                      -1.4030698
                   1.652                       -1.416579
                  1.6555                      -1.4312687
                   1.659                      -1.4473427
                  1.6625                      -1.4648741
                   1.666                      -1.4837789
                  1.6695                      -1.5038362
                   1.673                      -1.5247141
                  1.6765                      -1.5460244
                    1.68                      -1.5674064
                  1.6835                      -1.5885896
                   1.687                      -1.6094654
                  1.6905                      -1.6301211
                   1.694                      -1.6508325
                  1.6975                      -1.6720342
                   1.701                      -1.6942455
                  1.7045                      -1.7179789
                   1.708                      -1.7436626
                  1.7115                      -1.7715497
                   1.715                      -1.8016662
                  1.7185                       -1.833796
                   1.722                      -1.8674832
                  1.7255                      -1.9021176
                   1.729                      -1.9370345
                  1.7325                      -1.9716487
                   1.736                      -2.0056107
                  1.7395                       -2.038894
                   1.743                      -2.0718481
                  1.7465                      -2.1051641
                    1.75                      -2.1397419
                  1.7535                      -2.1765327
                   1.757                         -2.2163
                  1.7605                       -2.259377
                   1.764                      -2.3054419
                  1.7675                      -2.3532901
                   1.771                      -2.4007091
                  1.7745                      -2.4445193
                   1.778                      -2.4808292
                  1.7815                      -2.5056285
                   1.785                      -2.5155774
                  1.7885                      -2.5088369
                   1.792                      -2.4856185
                  1.7955                      -2.4482014
                   1.799                      -2.4004273
                  1.8025                      -2.3468827
                   1.806                      -2.2920821
                  1.8095                      -2.2398619
                   1.813                       -2.193111
                  1.8165                      -2.1537325
                    1.82                      -2.1227504
                  1.8235                       -2.100489
                   1.827                      -2.0867348
                  1.8305                       -2.080871
                   1.834                      -2.0819774
                  1.8375                      -2.0889092
                   1.841                      -2.1003583
                  1.8445                      -2.1149188
                   1.848                      -2.1311704
                  1.8515                      -2.1477539
                   1.855                      -2.1634694
                  1.8585                       -2.177349
                   1.862                      -2.1887098
                  1.8655                      -2.1971795
                   1.869                      -2.2026678
                  1.8725                      -2.2053119
                   1.876                      -2.2054044
                  1.8795                      -2.2033064
                   1.883                      -2.1993783
                  1.8865                      -2.1939261
                    1.89                      -2.1871692
                  1.8935                       -2.179235
                   1.897                      -2.1701637
                  1.9005                      -2.1599327
                   1.904                      -2.1484866
                  1.9075                      -2.1357648
                   1.911                      -2.1217336
                  1.9145                      -2.1064067
                   1.918                        -2.08986
                  1.9215                      -2.0722338
                   1.925                      -2.0537291
                  1.9285                      -2.0345921
                   1.932                      -2.0150926
                  1.9355                       -1.995503
                   1.939                      -1.9760751
                  1.9425                      -1.9570193
                   1.946                      -1.9384921
                  1.9495                      -1.9205851
                   1.953                      -1.9033248
                  1.9565                      -1.8866826
                    1.96                      -1.8705858
                  1.9635                      -1.8549377
                   1.967                      -1.8396405
                  1.9705                      -1.8246173
                   1.974                      -1.8098307
                  1.9775                      -1.7952929
                   1.981                      -1.7810695
                  1.9845                      -1.7672723
                   1.988                      -1.7540433
                  1.9915                      -1.7415324
                   1.995                      -1.7298745
                  1.9985                      -1.7191666
                   2.002                      -1.7094504
                  2.0055                      -1.7007041
                   2.009                      -1.6928457
                  2.0125                      -1.6857425
                   2.016                      -1.6792317
                  2.0195                      -1.6731489
                   2.023                      -1.6673533
                  2.0265                      -1.6617537
                    2.03                      -1.6563245
                  2.0335                      -1.6511102
                   2.037                      -1.6462183
                  2.0405                      -1.6417996
                   2.044                       -1.638019
                  2.0475                      -1.6350244
                   2.051                      -1.6329174
                  2.0545                      -1.6317363
                   2.058                       -1.631436
                  2.0615                       -1.631899
                   2.065                       -1.632953
                  2.0685                      -1.6343889
                   2.072                       -1.636003
                  2.0755                      -1.6376339
                   2.079                      -1.6391853
                  2.0825                      -1.6406503
                   2.086                      -1.6421101
                  2.0895                       -1.643719
                   2.093                      -1.6456723
                  2.0965                      -1.6481686
                     2.1                      -1.6513636
                  2.1035                      -1.6553388
                   2.107                       -1.660074
                  2.1105                      -1.6654487
                   2.114                      -1.6712425
                  2.1175                       -1.677172
                   2.121                      -1.6829419
                  2.1245                      -1.6882786
                   2.128                      -1.6929903
                  2.1315                      -1.6969981
                   2.135                      -1.7003428
                  2.1385                      -1.7031723
                   2.142                      -1.7057011
                  2.1455                      -1.7081567
                   2.149                      -1.7107141
                  2.1525                       -1.713446
                   2.156                      -1.7162833
                  2.1595                      -1.7190052
                   2.163                      -1.7212555
                  2.1665                      -1.7225926
                    2.17                      -1.7225494
                  2.1735                      -1.7207088
                   2.177                      -1.7167835
                  2.1805                      -1.7106541
                   2.184                      -1.7023804
                  2.1875                      -1.6921744
                   2.191                      -1.6803234
                  2.1945                      -1.6671074
                   2.198                      -1.6527137
                  2.2015                      -1.6371689
                   2.205                      -1.6203095
                  2.2085                      -1.6017988
                   2.212                      -1.5811763
                  2.2155                      -1.5579548
                   2.219                      -1.5317239
                  2.2225                      -1.5022531
                   2.226                      -1.4695623
                  2.2295                      -1.4339395
                   2.233                       -1.395903
                  2.2365                      -1.3561138
                    2.24                      -1.3152555
                  2.2435                       -1.273927
                   2.247                      -1.2325586
                  2.2505                      -1.1913759
                   2.254                      -1.1504117
                  2.2575                      -1.1095549
                   2.261                      -1.0686335
                  2.2645                      -1.0274887
                   2.268                     -0.98605021
                  2.2715                     -0.94437085
                   2.275                     -0.90263078
                  2.2785                     -0.86110218
                   2.282                     -0.82009683
                  2.2855                     -0.77990706
                   2.289                     -0.74075099
                  2.2925                     -0.70274973
                   2.296                     -0.66592156
                  2.2995                     -0.63020807
                   2.303                     -0.59550679
                  2.3065                     -0.56171717
                    2.31                       -0.528779
                  2.3135                     -0.49669825
                   2.317                     -0.46555875
                  2.3205                     -0.43550422
                   2.324                     -0.40671255
                  2.3275                      -0.3793568
                   2.331                      -0.3535706
                  2.3345                     -0.32942107
                   2.338                     -0.30690193
                  2.3415                     -0.28593962
                   2.345                     -0.26641021
                  2.3485                     -0.24816664
                   2.352                     -0.23106441
                  2.3555                      -0.2149854
                   2.359                     -0.19985258
                  2.3625                     -0.18563474
                   2.366                     -0.17234132
                  2.3695                     -0.16000687
                   2.373                      -0.1486733
                  2.3765                     -0.13836806
                    2.38                      -0.1290898
                  2.3835                     -0.12079986
                   2.387                     -0.11342164
                  2.3905                     -0.10684734
                   2.394                     -0.10094843
                  2.3975                    -0.095587766
                   2.401                    -0.090631809
                  2.4045                    -0.085961279
                   2.408                    -0.081480275
                  2.4115                    -0.077121363
                   2.415                    -0.072849575
                  2.4185                    -0.068662062
                   2.422                     -0.06458477
                  2.4255                    -0.060665618
                   2.429                    -0.056965979
                  2.4325                    -0.053550727
                   2.436                    -0.050479588
                  2.4395                    -0.047800251
                   2.443                    -0.045544868
                  2.4465                    -0.043729069
                    2.45                    -0.042353488
                  2.4535                    -0.041406657
                   2.457                    -0.040868184
                  2.4605                     -0.04071206
                   2.464                    -0.040909521
                  2.4675                    -0.041431446
                   2.471                    -0.042250404
                  2.4745                    -0.043342215
                   2.478                    -0.044687231
                  2.4815                    -0.046271148
                   2.485                    -0.048085176
                  2.4885                    -0.050125265
                   2.492                    -0.052390641
                  2.4955                    -0.054882122
                   2.499                     -0.05759965
                  2.5025                    -0.060539923
                   2.506                    -0.063695708
                  2.5095                    -0.067055017
                   2.513                    -0.070602349
                  2.5165                    -0.074320951
                    2.52                     -0.07819518
                  2.5235                    -0.082214655
                   2.527                    -0.086375954
                  2.5305                    -0.090684566
                   2.534                    -0.095154436
                  2.5375                    -0.099805161
                   2.541                     -0.10465983
                  2.5445                     -0.10973945
                   2.548                     -0.11505924
                  2.5515                     -0.12062631
                   2.555                     -0.12643753
                  2.5585                      -0.1324824
                   2.562                     -0.13874488
                  2.5655                      -0.1452104
                   2.569                     -0.15186937
                  2.5725                     -0.15872406
                   2.576                     -0.16578838
                  2.5795                     -0.17308961
                   2.583                     -0.18066337
                  2.5865                     -0.18854595
                    2.59                     -0.19676788
                  2.5935                     -0.20534312
                   2.597                     -0.21426519
                  2.6005                     -0.22350252
                   2.604                     -0.23300207
                  2.6075                     -0.24269449
                   2.611                     -0.25250676
                  2.6145                     -0.26237552
                   2.618                     -0.27225901
                  2.6215                     -0.28215029
                   2.625                     -0.29207962
                  2.6285                     -0.30211534
                   2.632                     -0.31235198
                  2.6355                     -0.32289781
                   2.639                     -0.33385374
                  2.6425                     -0.34529735
                   2.646                     -0.35726711
                  2.6495                     -0.36975405
                   2.653                     -0.38270477
                  2.6565                     -0.39603261
                    2.66                     -0.40963563
                  2.6635                     -0.42341925
                   2.667                     -0.43732114
                  2.6705                      -0.4513259
                   2.674                     -0.46547968
                  2.6775                       -0.479883
                   2.681                     -0.49467626
                  2.6845                     -0.51001526
                   2.688                     -0.52603692
                  2.6915                     -0.54283169
                   2.695                       -0.560412
                  2.6985                     -0.57870849
                   2.702                     -0.59756875
                  2.7055                     -0.61678223
                   2.709                     -0.63611525
                  2.7125                     -0.65535646
                   2.716                     -0.67436253
                  2.7195                     -0.69309149
                   2.723                     -0.71162284
                  2.7265                     -0.73015314
                    2.73                      -0.7489672
                  2.7335                     -0.76839351
                   2.737                     -0.78873654
                  2.7405                     -0.81022604
                   2.744                     -0.83296031
                  2.7475                     -0.85688437
                   2.751                     -0.88178322
                  2.7545                     -0.90731341
                   2.758                     -0.93306141
                  2.7615                     -0.95860434
                   2.765                     -0.98359884
                  2.7685                      -1.0078334
                   2.772                      -1.0312792
                  2.7755                      -1.0540913
                   2.779                      -1.0765852
                  2.7825                      -1.0991729
                   2.786                      -1.1222807
                  2.7895                      -1.1462618
                   2.793                      -1.1713169
                  2.7965                      -1.1974412
                     2.8                      -1.2244107
                  2.8035                      -1.2518113
                   2.807                      -1.2791103
                  2.8105                      -1.3057543
                   2.814                      -1.3312814
                  2.8175                      -1.3554186
                   2.821                      -1.3781473
                  2.8245                      -1.3997277
                   2.828                      -1.4206503
                  2.8315                      -1.4415628
                   2.835                      -1.4631281
                  2.8385                      -1.4859106
                   2.842                      -1.5102414
                  2.8455                      -1.5361491
                   2.849                      -1.5633272
                  2.8525                      -1.5911728
                   2.856                      -1.6188817
                  2.8595                      -1.6455875
                   2.863                      -1.6705196
                  2.8665                      -1.6931392
                    2.87                      -1.7132496
                  2.8735                      -1.7310338
                   2.877                      -1.7470204
                  2.8805                      -1.7619769
                   2.884                      -1.7767491
                  2.8875                      -1.7920948
                   2.891                      -1.8085105
                  2.8945                      -1.8261206
                   2.898                      -1.8446157
                  2.9015                      -1.8633033
                   2.905                      -1.8811912
                  2.9085                      -1.8971751
                   2.912                      -1.9102279
                  2.9155                      -1.9195891
                   2.919                      -1.9249286
                  2.9225                      -1.9264103
                   2.926                      -1.9246786
                  2.9295                      -1.9207504
                   2.933                      -1.9158356
                  2.9365                       -1.911115
                    2.94                      -1.9075273
                  2.9435                      -1.9055963
                   2.947                      -1.9053465
                  2.9505                      -1.9063031
                   2.954                      -1.9075904
                  2.9575                      -1.9081008
                   2.961                      -1.9066987
                  2.9645                      -1.9024749
                   2.968                      -1.8949015
                  2.9715                      -1.8839591
                   2.975                      -1.8701657
                  2.9785                      -1.8544909
                   2.982                      -1.8381751
                  2.9855                      -1.8225209
                   2.989                      -1.8086449
                  2.9925                      -1.7972897
                   2.996                      -1.7886731
                  2.9995                      -1.7824633
                   3.003                      -1.7778334
                  3.0065                      -1.7736108
                    3.01                      -1.7684654
                  3.0135                      -1.7611653
                   3.017                      -1.7507739
                  3.0205                      -1.7368207
                   3.024                      -1.7193723
                  3.0275                       -1.699021
                   3.031                      -1.6767474
                  3.0345                       -1.653738
                   3.038                      -1.6311465
                  3.0415                      -1.6099053
                   3.045                      -1.5905481
                  3.0485                      -1.5731424
                   3.052                      -1.5572941
                  3.0555                      -1.5422655
                   3.059                      -1.5271045
                  3.0625                      -1.5108586
                   3.066                      -1.4927609
                  3.0695                      -1.4723813
                   3.073                      -1.4497276
                  3.0765                      -1.4252392
                    3.08                      -1.3997178
                  3.0835                      -1.3741812
                   3.087                      -1.3496629
                  3.0905                      -1.3270277
                   3.094                      -1.3068183
                  3.0975                      -1.2891606
                   3.101                      -1.2737555
                  3.1045                      -1.2599386
                   3.108                      -1.2468137
                  3.1115                      -1.2334122
                   3.115                      -1.2188726
                  3.1185                      -1.2026049
                   3.122                      -1.1843846
                  3.1255                      -1.1644059
                   3.129                      -1.1432371
                  3.1325                      -1.1217018
                   3.136                      -1.1007338
                  3.1395                      -1.0811862
                   3.143                      -1.0636817
                  3.1465                      -1.0485028
                    3.15                      -1.0355457
                  3.1535                      -1.0243529
                   3.157                      -1.0142006
                  3.1605                      -1.0042323
                   3.164                     -0.99361988
                  3.1675                     -0.98170801
                   3.171                     -0.96813811
                  3.1745                     -0.95291056
                   3.178                      -0.9363796
                  3.1815                      -0.9191833
                   3.185                     -0.90211968
                  3.1885                      -0.8859829
                   3.192                     -0.87142287
                  3.1955                     -0.85882488
                   3.199                     -0.84823809
                  3.2025                     -0.83937973
                   3.206                     -0.83169106
                  3.2095                     -0.82443461
                   3.213                      -0.8168368
                  3.2165                     -0.80822258
                    3.22                     -0.79813986
                  3.2235                     -0.78644271
                   3.227                     -0.77331552
                  3.2305                      -0.7592369
                   3.234                     -0.74488597
                  3.2375                     -0.73101296
                   3.241                     -0.71829434
                  3.2445                     -0.70721161
                   3.248                     -0.69796752
                  3.2515                     -0.69045612
                   3.255                     -0.68428707
                  3.2585                     -0.67886615
                   3.262                     -0.67349578
                  3.2655                     -0.66751355
                   3.269                      -0.6604051
                  3.2725                     -0.65189958
                   3.276                     -0.64202139
                  3.2795                     -0.63107924
                   3.283                     -0.61960809
                  3.2865                     -0.60826312
                    3.29                      -0.5976926
                  3.2935                     -0.58841856
                   3.297                      -0.5807412
                  3.3005                     -0.57468855
                   3.304                     -0.57001731
                  3.3075                     -0.56626093
                   3.311                     -0.56281617
                  3.3145                     -0.55905279
                   3.318                     -0.55442694
                  3.3215                     -0.54858279
                   3.325                     -0.54141721
                  3.3285                     -0.53309478
                   3.332                     -0.52402115
                  3.3355                     -0.51475602
                   3.339                     -0.50590857
                  3.3425                     -0.49802294
                   3.346                     -0.49147718
                  3.3495                     -0.48641474
                   3.353                      -0.4827277
                  3.3565                       -0.480075
                    3.36                     -0.47795251
                  3.3635                     -0.47577969
                   3.367                     -0.47300821
                  3.3705                     -0.46922182
                   3.374                     -0.46421214
                  3.3775                      -0.4580172
                   3.381                     -0.45091502
                  3.3845                     -0.44336777
                   3.388                     -0.43593112
                  3.3915                     -0.42914738
                   3.395                     -0.42344829
                  3.3985                     -0.41907264
                   3.402                     -0.41603002
                  3.4055                     -0.41410019
                   3.409                     -0.41287675
                  3.4125                      -0.4118422
                   3.416                      -0.4104601
                  3.4195                     -0.40827611
                   3.423                     -0.40499739
                  3.4265                     -0.40055158
                    3.43                     -0.39509749
                  3.4335                     -0.38899382
                   3.437                      -0.3827324
                  3.4405                      -0.3768395
                   3.444                     -0.37177738
                  3.4475                     -0.36786192
                   3.451                     -0.36520547
                  3.4545                     -0.36369992
                   3.458                     -0.36303981
                  3.4615                     -0.36277835
                   3.465                     -0.36240796
                  3.4685                     -0.36145445
                   3.472                      -0.3595616
                  3.4755                     -0.35655964
                   3.479                     -0.35249803
                  3.4825                     -0.34763341
                   3.486                     -0.34238044
                  3.4895                     -0.33723279
                   3.493                      -0.3326679
                  3.4965                     -0.32905784
                     3.5                     -0.32660381
