        Frequency / GHz                System Tot. Efficiency [AC2]/abs,linear
----------------------------------------------------------------------
                    0.69                      0.29912888
                    0.78                     0.050781849
                    0.87                     0.024835748
                    0.96                     0.016843201
                     1.7                      0.47490171
                     1.8                      0.51787544
                     1.9                      0.38574575
                       2                      0.28922802
                     2.1                      0.27105278
                     2.2                      0.28243409
                     2.3                      0.30674256
                     2.4                      0.33160355
                     2.5                       0.3613178
                     2.6                      0.32052639
                     2.7                      0.26293456

