Frequency    S2,2_[24]

                       0                 -8.6858896e-007
                  0.0035                 -5.7859648e-015
                   0.007                 -7.8110525e-014
                  0.0105                 -6.7888654e-013
                   0.014                 -3.3963613e-012
                  0.0175                 -1.2148597e-011
                   0.021                 -3.4677216e-011
                  0.0245                 -8.4294757e-011
                   0.028                 -1.8207081e-010
                  0.0315                 -3.5873946e-010
                   0.035                 -6.5766747e-010
                  0.0385                 -1.1374802e-009
                   0.042                 -1.8758628e-009
                  0.0455                 -2.9742742e-009
                   0.049                 -4.5628456e-009
                  0.0525                 -6.8069668e-009
                   0.056                 -9.9160829e-009
                  0.0595                 -1.4150051e-008
                   0.063                 -1.9832859e-008
                  0.0665                 -2.7353755e-008
                    0.07                 -3.7185214e-008
                  0.0735                 -4.9886469e-008
                   0.077                 -6.6114144e-008
                  0.0805                 -8.6630369e-008
                   0.084                  -1.123056e-007
                  0.0875                 -1.4413283e-007
                   0.091                  -1.832102e-007
                  0.0945                 -2.3080446e-007
                   0.098                 -2.8828761e-007
                  0.1015                 -3.5722553e-007
                   0.105                 -4.3933442e-007
                  0.1085                 -5.3656912e-007
                   0.112                 -6.5112307e-007
                  0.1155                 -7.8543902e-007
                   0.119                 -9.4228419e-007
                  0.1225                 -1.1247688e-006
                   0.126                 -1.3364192e-006
                  0.1295                  -1.581198e-006
                   0.133                 -1.8634995e-006
                  0.1365                  -2.188209e-006
                    0.14                 -2.5607508e-006
                  0.1435                 -2.9870127e-006
                   0.147                 -3.4735631e-006
                  0.1505                 -4.0273065e-006
                   0.154                 -4.6559354e-006
                  0.1575                 -5.3675221e-006
                   0.161                 -6.1709808e-006
                  0.1645                 -7.0757696e-006
                   0.168                 -8.0922393e-006
                  0.1715                 -9.2315602e-006
                   0.175                 -1.0506022e-005
                  0.1785                 -1.1929079e-005
                   0.182                 -1.3515495e-005
                  0.1855                 -1.5281821e-005
                   0.189                 -1.7246296e-005
                  0.1925                 -1.9429043e-005
                   0.196                 -2.1852441e-005
                  0.1995                 -2.4541014e-005
                   0.203                 -2.7522425e-005
                  0.2065                 -3.0825747e-005
                    0.21                  -3.448389e-005
                  0.2135                 -3.8531671e-005
                   0.217                 -4.3007611e-005
                  0.2205                 -4.7952113e-005
                   0.224                 -5.3410318e-005
                  0.2275                 -5.9429261e-005
                   0.231                  -6.606083e-005
                  0.2345                 -7.3360304e-005
                   0.238                 -8.1388183e-005
                  0.2415                 -9.0210792e-005
                   0.245                 -9.9899422e-005
                  0.2485                  -0.00011053357
                   0.252                  -0.00012219894
                  0.2555                  -0.00013499261
                   0.259                  -0.00014901903
                  0.2625                  -0.00016439525
                   0.266                   -0.0001812481
                  0.2695                  -0.00019972016
                   0.273                  -0.00021996201
                  0.2765                  -0.00024214437
                    0.28                  -0.00026644975
                  0.2835                  -0.00029307733
                   0.287                  -0.00032224332
                  0.2905                  -0.00035418171
                   0.294                   -0.0003891477
                  0.2975                   -0.0004274168
                   0.301                  -0.00046928659
                  0.3045                  -0.00051508661
                   0.308                  -0.00056517006
                  0.3115                  -0.00061992899
                   0.315                  -0.00067978801
                  0.3185                  -0.00074522018
                   0.322                  -0.00081674011
                  0.3255                  -0.00089492287
                   0.329                  -0.00098039916
                  0.3325                   -0.0010738694
                   0.336                   -0.0011761017
                  0.3395                   -0.0012879533
                   0.343                   -0.0014103587
                  0.3465                   -0.0015443613
                    0.35                   -0.0016911045
                  0.3535                    -0.001851846
                   0.357                   -0.0020279756
                  0.3605                   -0.0022210304
                   0.364                   -0.0024326952
                  0.3675                     -0.00266484
                   0.371                   -0.0029195302
                  0.3745                   -0.0031990585
                   0.378                   -0.0035059661
                  0.3815                   -0.0038430907
                   0.385                    -0.004213584
                  0.3885                   -0.0046209814
                   0.392                   -0.0050692355
                  0.3955                   -0.0055627802
                   0.399                   -0.0061065864
                  0.4025                   -0.0067062619
                   0.406                   -0.0073680942
                  0.4095                   -0.0080991703
                   0.413                   -0.0089074806
                  0.4165                   -0.0098020074
                    0.42                    -0.010792915
                  0.4235                    -0.011891645
                   0.427                    -0.013111128
                  0.4305                    -0.014465943
                   0.434                    -0.015972625
                  0.4375                    -0.017649839
                   0.441                    -0.019518735
                  0.4445                    -0.021603248
                   0.448                    -0.023930566
                  0.4515                    -0.026531368
                   0.455                    -0.029440563
                  0.4585                    -0.032697511
                   0.462                    -0.036346802
                  0.4655                    -0.040438593
                   0.469                     -0.04502931
                  0.4725                    -0.050181906
                   0.476                    -0.055966373
                  0.4795                    -0.062459583
                   0.483                    -0.069745396
                  0.4865                    -0.077913386
                    0.49                    -0.087057732
                  0.4935                    -0.097274325
                   0.497                     -0.10865729
                  0.5005                     -0.12129301
                   0.504                     -0.13525319
                  0.5075                     -0.15058574
                   0.511                     -0.16730305
                  0.5145                     -0.18536999
                   0.518                     -0.20469172
                  0.5215                     -0.22510398
                   0.525                     -0.24636625
                  0.5285                     -0.26816434
                   0.532                     -0.29012142
                  0.5355                     -0.31182128
                   0.539                     -0.33283882
                  0.5425                     -0.35277944
                   0.546                     -0.37131761
                  0.5495                     -0.38822862
                   0.553                     -0.40340948
                  0.5565                      -0.4168846
                    0.56                     -0.42879877
                  0.5635                     -0.43939889
                   0.567                     -0.44900897
                  0.5705                     -0.45800659
                   0.574                     -0.46679806
                  0.5775                     -0.47580293
                   0.581                     -0.48544295
                  0.5845                     -0.49613543
                   0.588                     -0.50829066
                  0.5915                     -0.52231687
                   0.595                     -0.53862091
                  0.5985                     -0.55761579
                   0.602                     -0.57972366
                  0.6055                     -0.60537793
                   0.609                     -0.63502745
                  0.6125                     -0.66912926
                   0.616                     -0.70814351
                  0.6195                      -0.7525175
                   0.623                     -0.80266413
                  0.6265                     -0.85892766
                    0.63                     -0.92154197
                  0.6335                     -0.99057541
                   0.637                      -1.0658683
                  0.6405                       -1.146969
                   0.644                      -1.2330729
                  0.6475                      -1.3229802
                   0.651                      -1.4150945
                  0.6545                      -1.5074604
                   0.658                      -1.5978619
                  0.6615                      -1.6839826
                   0.665                      -1.7635961
                  0.6685                      -1.8347677
                   0.672                      -1.8960356
                  0.6755                      -1.9465211
                   0.679                      -1.9859732
                  0.6825                      -2.0147242
                   0.686                      -2.0335889
                  0.6895                       -2.043724
                   0.693                      -2.0464852
                  0.6965                      -2.0432989
                     0.7                      -2.0355565
                  0.7035                      -2.0245419
                   0.707                      -2.0113922
                  0.7105                      -1.9970839
                   0.714                      -1.9824284
                  0.7175                        -1.96808
                   0.721                      -1.9545575
                  0.7245                      -1.9422672
                   0.728                       -1.931515
                  0.7315                       -1.922524
                   0.735                      -1.9154549
                  0.7385                      -1.9104191
                   0.742                      -1.9074901
                  0.7455                      -1.9067074
                   0.749                      -1.9080878
                  0.7525                      -1.9116363
                   0.756                      -1.9173399
                  0.7595                      -1.9251809
                   0.763                       -1.935134
                  0.7665                      -1.9471708
                    0.77                      -1.9612621
                  0.7735                      -1.9773791
                   0.777                      -1.9954889
                  0.7805                       -2.015564
                   0.784                      -2.0375752
                  0.7875                      -2.0614952
                   0.791                      -2.0872963
                  0.7945                      -2.1149516
                   0.798                      -2.1444326
                  0.8015                      -2.1757094
                   0.805                      -2.2087493
                  0.8085                      -2.2435157
                   0.812                       -2.279968
                  0.8155                      -2.3180588
                   0.819                      -2.3577359
                  0.8225                      -2.3989392
                   0.826                      -2.4416012
                  0.8295                      -2.4856463
                   0.833                      -2.5309908
                  0.8365                      -2.5775442
                    0.84                      -2.6252069
                  0.8435                      -2.6738729
                   0.847                      -2.7234287
                  0.8505                      -2.7737534
                   0.854                      -2.8247198
                  0.8575                      -2.8761941
                   0.861                      -2.9280366
                  0.8645                      -2.9801011
                   0.868                      -3.0322347
                  0.8715                      -3.0842787
                   0.875                      -3.1360696
                  0.8785                      -3.1874367
                   0.882                      -3.2382051
                  0.8855                      -3.2881971
                   0.889                       -3.337231
                  0.8925                      -3.3851262
                   0.896                      -3.4317021
                  0.8995                      -3.4767825
                   0.903                      -3.5201984
                  0.9065                       -3.561786
                    0.91                      -3.6013957
                  0.9135                      -3.6388892
                   0.917                      -3.6741403
                  0.9205                      -3.7070389
                   0.924                      -3.7374906
                  0.9275                      -3.7654131
                   0.931                      -3.7907414
                  0.9345                      -3.8134217
                   0.938                      -3.8334125
                  0.9415                      -3.8506857
                   0.945                      -3.8652218
                  0.9485                      -3.8770102
                   0.952                      -3.8860563
                  0.9555                      -3.8923692
                   0.959                      -3.8959737
                  0.9625                      -3.8969038
                   0.966                      -3.8952123
                  0.9695                      -3.8909585
                   0.973                      -3.8842209
                  0.9765                      -3.8750908
                    0.98                      -3.8636761
                  0.9835                      -3.8500963
                   0.987                      -3.8344794
                  0.9905                      -3.8169685
                   0.994                      -3.7977134
                  0.9975                      -3.7768649
                   1.001                      -3.7545792
                  1.0045                      -3.7310135
                   1.008                      -3.7063253
                  1.0115                       -3.680663
                   1.015                      -3.6541777
                  1.0185                       -3.627013
                   1.022                      -3.5993096
                  1.0255                      -3.5712044
                   1.029                      -3.5428243
                  1.0325                      -3.5143016
                   1.036                      -3.4857618
                  1.0395                       -3.457322
                   1.043                      -3.4291027
                  1.0465                      -3.4012185
                    1.05                      -3.3737805
                  1.0535                      -3.3468959
                   1.057                      -3.3206632
                  1.0605                      -3.2951807
                   1.064                      -3.2705363
                  1.0675                      -3.2468089
                   1.071                      -3.2240732
                  1.0745                      -3.2023935
                   1.078                       -3.181827
                  1.0815                       -3.162425
                   1.085                       -3.144227
                  1.0885                      -3.1272725
                   1.092                      -3.1115939
                  1.0955                       -3.097218
                   1.099                      -3.0841715
                  1.1025                      -3.0724786
                   1.106                       -3.062164
                  1.1095                      -3.0532523
                   1.113                      -3.0457676
                  1.1165                      -3.0397382
                    1.12                      -3.0351929
                  1.1235                        -3.03216
                   1.127                      -3.0306697
                  1.1305                      -3.0307533
                   1.134                      -3.0324416
                  1.1375                      -3.0357638
                   1.141                      -3.0407483
                  1.1445                      -3.0474228
                   1.148                      -3.0558117
                  1.1515                      -3.0659386
                   1.155                      -3.0778249
                  1.1585                      -3.0914904
                   1.162                      -3.1069548
                  1.1655                      -3.1242374
                   1.169                      -3.1433582
                  1.1725                      -3.1643388
                   1.176                      -3.1872023
                  1.1795                      -3.2119756
                   1.183                      -3.2386874
                  1.1865                      -3.2673716
                    1.19                      -3.2980625
                  1.1935                      -3.3307986
                   1.197                      -3.3656209
                  1.2005                      -3.4025694
                   1.204                      -3.4416846
                  1.2075                      -3.4830066
                   1.211                      -3.5265709
                  1.2145                      -3.5724112
                   1.218                      -3.6205526
                  1.2215                      -3.6710154
                   1.225                       -3.723816
                  1.2285                      -3.7789584
                   1.232                      -3.8364412
                  1.2355                      -3.8962587
                   1.239                      -3.9583938
                  1.2425                       -4.022829
                   1.246                      -4.0895342
                  1.2495                      -4.1584762
                   1.253                      -4.2296225
                  1.2565                      -4.3029276
                    1.26                       -4.378342
                  1.2635                      -4.4558154
                   1.267                      -4.5352834
                  1.2705                      -4.6166778
                   1.274                      -4.6999112
                  1.2775                      -4.7848856
                   1.281                      -4.8714934
                  1.2845                      -4.9595982
                   1.288                      -5.0490477
                  1.2915                      -5.1396745
                   1.295                       -5.231283
                  1.2985                      -5.3236641
                   1.302                      -5.4165823
                  1.3055                       -5.509791
                   1.309                      -5.6030372
                  1.3125                      -5.6960475
                   1.316                      -5.7885505
                  1.3195                      -5.8802774
                   1.323                      -5.9709559
                  1.3265                       -6.060328
                    1.33                      -6.1481363
                  1.3335                      -6.2341358
                   1.337                      -6.3180956
                  1.3405                      -6.3997858
                   1.344                      -6.4789891
                  1.3475                       -6.555496
                   1.351                      -6.6290978
                  1.3545                      -6.6995963
                   1.358                      -6.7667929
                  1.3615                      -6.8304971
                   1.365                      -6.8905302
                  1.3685                      -6.9467213
                   1.372                      -6.9989219
                  1.3755                      -7.0469999
                   1.379                      -7.0908513
                  1.3825                      -7.1304035
                   1.386                      -7.1656144
                  1.3895                      -7.1964722
                   1.393                      -7.2229989
                  1.3965                      -7.2452457
                     1.4                      -7.2632881
                  1.4035                      -7.2772198
                   1.407                       -7.287147
                  1.4105                      -7.2931841
                   1.414                      -7.2954468
                  1.4175                      -7.2940473
                   1.421                      -7.2890907
                  1.4245                      -7.2806802
                   1.428                      -7.2689117
                  1.4315                      -7.2538756
                   1.435                      -7.2356656
                  1.4385                      -7.2143767
                   1.442                      -7.1901209
                  1.4455                      -7.1630183
                   1.449                      -7.1332015
                  1.4525                      -7.1008318
                   1.456                      -7.0660771
                  1.4595                      -7.0291279
                   1.463                      -6.9901881
                  1.4665                      -6.9494653
                    1.47                      -6.9071805
                  1.4735                      -6.8635498
                   1.477                      -6.8187808
                  1.4805                      -6.7730814
                   1.484                      -6.7266409
                  1.4875                       -6.679639
                   1.491                      -6.6322456
                  1.4945                      -6.5846115
                   1.498                      -6.5368905
                  1.5015                      -6.4892231
                   1.505                      -6.4417441
                  1.5085                      -6.3946017
                   1.512                      -6.3479344
                  1.5155                       -6.301895
                   1.519                      -6.2566429
                  1.5225                       -6.212338
                   1.526                      -6.1691563
                  1.5295                      -6.1272744
                   1.533                      -6.0868635
                  1.5365                      -6.0481047
                    1.54                       -6.011164
                  1.5435                      -5.9762024
                   1.547                      -5.9433708
                  1.5505                      -5.9127986
                   1.554                      -5.8846096
                  1.5575                      -5.8589036
                   1.561                      -5.8357633
                  1.5645                      -5.8152635
                   1.568                      -5.7974586
                  1.5715                       -5.782397
                   1.575                      -5.7701208
                  1.5785                      -5.7606632
                   1.582                      -5.7540652
                  1.5855                      -5.7503632
                   1.589                      -5.7496016
                  1.5925                      -5.7518321
                   1.596                      -5.7571101
                  1.5995                      -5.7655001
                   1.603                      -5.7770714
                  1.6065                      -5.7918978
                    1.61                      -5.8100525
                  1.6135                       -5.831607
                   1.617                      -5.8566285
                  1.6205                      -5.8851755
                   1.624                      -5.9172956
                  1.6275                      -5.9530236
                   1.631                      -5.9923782
                  1.6345                      -6.0353704
                   1.638                      -6.0819895
                  1.6415                      -6.1322237
                   1.645                      -6.1860465
                  1.6485                      -6.2434259
                   1.652                      -6.3043412
                  1.6555                      -6.3687631
                   1.659                      -6.4366848
                  1.6625                      -6.5081012
                   1.666                      -6.5830279
                  1.6695                       -6.661498
                   1.673                      -6.7435592
                  1.6765                      -6.8292675
                    1.68                      -6.9186947
                  1.6835                      -7.0119186
                   1.687                      -7.1090154
                  1.6905                      -7.2100558
                   1.694                      -7.3150834
                  1.6975                      -7.4241434
                   1.701                      -7.5372483
                  1.7045                      -7.6543747
                   1.708                      -7.7754834
                  1.7115                      -7.9005072
                   1.715                      -8.0293594
                  1.7185                      -8.1619405
                   1.722                      -8.2981307
                  1.7255                       -8.437835
                   1.729                      -8.5809576
                  1.7325                      -8.7274213
                   1.736                      -8.8771752
                  1.7395                      -9.0302131
                   1.743                      -9.1865373
                  1.7465                      -9.3461961
                    1.75                      -9.5092381
                  1.7535                      -9.6757398
                   1.757                      -9.8457602
                  1.7605                      -10.019335
                   1.764                      -10.196473
                  1.7675                      -10.377138
                   1.771                      -10.561209
                  1.7745                       -10.74854
                   1.778                      -10.938888
                  1.7815                      -11.131968
                   1.785                      -11.327432
                  1.7885                      -11.524908
                   1.792                      -11.724023
                  1.7955                      -11.924406
                   1.799                      -12.125761
                  1.8025                      -12.327811
                   1.806                      -12.530348
                  1.8095                      -12.733302
                   1.813                      -12.936653
                  1.8165                      -13.140389
                    1.82                      -13.344635
                  1.8235                      -13.549467
                   1.827                      -13.754956
                  1.8305                      -13.961115
                   1.834                      -14.167833
                  1.8375                      -14.374925
                   1.841                      -14.582077
                  1.8445                      -14.788803
                   1.848                      -14.994572
                  1.8515                      -15.198763
                   1.855                      -15.400754
                  1.8585                      -15.599933
                   1.862                      -15.795793
                  1.8655                      -15.988038
                   1.869                      -16.176538
                  1.8725                       -16.36136
                   1.876                      -16.542871
                  1.8795                      -16.721545
                   1.883                      -16.898043
                  1.8865                      -17.073083
                    1.89                      -17.247304
                  1.8935                      -17.421276
                   1.897                      -17.595312
                  1.9005                      -17.769479
                   1.904                      -17.943519
                  1.9075                       -18.11685
                   1.911                      -18.288589
                  1.9145                      -18.457598
                   1.918                       -18.62258
                  1.9215                      -18.782225
                   1.925                      -18.935306
                  1.9285                      -19.080758
                   1.932                      -19.217832
                  1.9355                      -19.346049
                   1.939                      -19.465258
                  1.9425                      -19.575456
                   1.946                      -19.676667
                  1.9495                      -19.768815
                   1.953                      -19.851461
                  1.9565                      -19.923624
                    1.96                      -19.983707
                  1.9635                      -20.029416
                   1.967                      -20.057807
                  1.9705                      -20.065507
                   1.974                      -20.048931
                  1.9775                      -20.004792
                   1.981                      -19.930459
                  1.9845                      -19.824262
                   1.988                      -19.685982
                  1.9915                      -19.516672
                   1.995                      -19.318613
                  1.9985                      -19.095097
                   2.002                      -18.849943
                  2.0055                      -18.587027
                   2.009                      -18.310033
                  2.0125                      -18.022055
                   2.016                      -17.725577
                  2.0195                       -17.42231
                   2.023                      -17.113326
                  2.0265                      -16.799252
                    2.03                      -16.480385
                  2.0335                      -16.156813
                   2.037                      -15.828823
                  2.0405                      -15.496759
                   2.044                      -15.161379
                  2.0475                      -14.823678
                   2.051                      -14.485035
                  2.0545                      -14.146933
                   2.058                       -13.81111
                  2.0615                      -13.479206
                   2.065                      -13.152747
                  2.0685                      -12.833056
                   2.072                      -12.521146
                  2.0755                      -12.217637
                   2.079                      -11.922826
                  2.0825                      -11.636602
                   2.086                      -11.358593
                  2.0895                      -11.088189
                   2.093                      -10.824594
                  2.0965                      -10.566988
                     2.1                      -10.314575
                  2.1035                      -10.066695
                   2.107                      -9.8228903
                  2.1105                      -9.5829253
                   2.114                      -9.3469032
                  2.1175                      -9.1151295
                   2.121                      -8.8881604
                  2.1245                      -8.6667526
                   2.128                      -8.4517357
                  2.1315                      -8.2439251
                   2.135                      -8.0441038
                  2.1385                      -7.8529173
                   2.142                      -7.6708036
                  2.1455                       -7.497978
                   2.149                       -7.334421
                  2.1525                      -7.1799072
                   2.156                      -7.0340217
                  2.1595                      -6.8962008
                   2.163                      -6.7658349
                  2.1665                      -6.6423156
                    2.17                       -6.525121
                  2.1735                      -6.4139298
                   2.177                      -6.3086133
                  2.1805                      -6.2093518
                   2.184                      -6.1166118
                  2.1875                      -6.0311688
                   2.191                      -5.9540872
                  2.1945                      -5.8866583
                   2.198                      -5.8303521
                  2.2015                      -5.7867304
                   2.205                      -5.7573978
                  2.2085                      -5.7439279
                   2.212                      -5.7478165
                  2.2155                      -5.7704688
                   2.219                      -5.8131549
                  2.2225                       -5.877049
                   2.226                      -5.9632042
                  2.2295                      -6.0725371
                   2.233                      -6.2058919
                  2.2365                      -6.3639706
                    2.24                      -6.5472702
                  2.2435                      -6.7560606
                   2.247                      -6.9901302
                  2.2505                      -7.2485649
                   2.254                      -7.5293782
                  2.2575                      -7.8289558
                   2.261                      -8.1413423
                  2.2645                      -8.4574412
                   2.268                      -8.7641304
                  2.2715                       -9.043778
                   2.275                      -9.2746585
                  2.2785                      -9.4330088
                   2.282                       -9.496837
                  2.2855                      -9.4512591
                   2.289                      -9.2929819
                  2.2925                      -9.0317727
                   2.296                      -8.6878766
                  2.2995                      -8.2869821
                   2.303                      -7.8548856
                  2.3065                      -7.4137849
                    2.31                      -6.9806635
                  2.3135                      -6.5670191
                   2.317                      -6.1798279
                  2.3205                       -5.822344
                   2.324                      -5.4951784
                  2.3275                       -5.197189
                   2.331                      -4.9261578
                  2.3345                      -4.6792406
                   2.338                       -4.453467
                  2.3415                      -4.2459717
                   2.345                       -4.054115
                  2.3485                      -3.8756688
                   2.352                      -3.7087905
                  2.3555                      -3.5521065
                   2.359                      -3.4046179
                  2.3625                      -3.2656716
                   2.366                      -3.1348748
                  2.3695                      -3.0119821
                   2.373                      -2.8968755
                  2.3765                      -2.7894368
                    2.38                       -2.689504
                  2.3835                      -2.5968412
                   2.387                      -2.5111066
                  2.3905                      -2.4318429
                   2.394                      -2.3585013
                  2.3975                      -2.2904729
                   2.401                       -2.227085
                  2.4045                      -2.1676625
                   2.408                      -2.1115449
                  2.4115                      -2.0581403
                   2.415                      -2.0069361
                  2.4185                      -1.9575198
                   2.422                      -1.9096075
                  2.4255                      -1.8630093
                   2.429                       -1.817669
                  2.4325                      -1.7736071
                   2.436                       -1.730923
                  2.4395                      -1.6897537
                   2.443                      -1.6502576
                  2.4465                      -1.6125784
                    2.45                      -1.5768264
                  2.4535                      -1.5430626
                   2.457                      -1.5112897
                  2.4605                      -1.4814415
                   2.464                      -1.4533885
                  2.4675                      -1.4269555
                   2.471                      -1.4019287
                  2.4745                      -1.3780664
                   2.478                      -1.3551349
                  2.4815                      -1.3329024
                   2.485                      -1.3111812
                  2.4885                      -1.2898153
                   2.492                      -1.2687063
                  2.4955                       -1.247809
                   2.499                      -1.2271351
                  2.5025                      -1.2067354
                   2.506                      -1.1867031
                  2.5095                      -1.1671523
                   2.513                      -1.1482078
                  2.5165                      -1.1299867
                    2.52                      -1.1125831
                  2.5235                      -1.0960695
                   2.527                      -1.0804728
                  2.5305                      -1.0657876
                   2.534                      -1.0519664
                  2.5375                      -1.0389243
                   2.541                      -1.0265572
                  2.5445                      -1.0147387
                   2.548                      -1.0033376
                  2.5515                     -0.99222974
                   2.555                     -0.98130498
                  2.5585                     -0.97047799
                   2.562                     -0.95969212
                  2.5655                     -0.94892889
                   2.569                     -0.93819791
                  2.5725                     -0.92754431
                   2.576                     -0.91703228
                  2.5795                     -0.90674692
                   2.583                     -0.89677761
                  2.5865                     -0.88721303
                    2.59                     -0.87813088
                  2.5935                     -0.86958823
                   2.597                     -0.86162125
                  2.6005                     -0.85423712
                   2.604                     -0.84741887
                  2.6075                     -0.84112295
                   2.611                     -0.83528649
                  2.6145                     -0.82983458
                   2.618                     -0.82468483
                  2.6215                     -0.81975706
                   2.625                     -0.81497854
                  2.6285                     -0.81029445
                   2.632                     -0.80566823
                  2.6355                     -0.80108595
                   2.639                     -0.79655863
                  2.6425                     -0.79211796
                   2.646                     -0.78781678
                  2.6495                     -0.78371736
                   2.653                     -0.77989149
                  2.6565                     -0.77641015
                    2.66                      -0.7733394
                  2.6635                     -0.77073239
                   2.667                     -0.76862661
                  2.6705                     -0.76704036
                   2.674                     -0.76597349
                  2.6775                     -0.76540603
                   2.681                     -0.76530339
                  2.6845                     -0.76561876
                   2.688                     -0.76629891
                  2.6915                     -0.76729019
                   2.695                      -0.7685428
                  2.6985                     -0.77001679
                   2.702                     -0.77168599
                  2.7055                     -0.77353956
                   2.709                     -0.77558604
                  2.7125                     -0.77784811
                   2.716                     -0.78036626
                  2.7195                     -0.78318895
                   2.723                     -0.78637539
                  2.7265                     -0.78998438
                    2.73                     -0.79407268
                  2.7335                      -0.7986878
                   2.737                     -0.80386743
                  2.7405                     -0.80963356
                   2.744                     -0.81599442
                  2.7475                     -0.82294062
                   2.751                     -0.83044929
                  2.7545                     -0.83848398
                   2.758                     -0.84700103
                  2.7615                     -0.85595408
                   2.765                     -0.86529228
                  2.7685                     -0.87497231
                   2.772                     -0.88495739
                  2.7755                     -0.89522143
                   2.779                       -0.905751
                  2.7825                     -0.91654491
                   2.786                     -0.92761592
                  2.7895                     -0.93898251
                   2.793                     -0.95067394
                  2.7965                     -0.96271943
                     2.8                     -0.97515111
                  2.8035                     -0.98799155
                   2.807                      -1.0012563
                  2.8105                      -1.0149473
                   2.814                      -1.0290503
                  2.8175                      -1.0435424
                   2.821                      -1.0583755
                  2.8245                      -1.0734953
                   2.828                      -1.0888318
                  2.8315                      -1.1043085
                   2.835                      -1.1198499
                  2.8385                      -1.1353753
                   2.842                      -1.1508139
                  2.8455                      -1.1661004
                   2.849                      -1.1811839
                  2.8525                      -1.1960271
                   2.856                      -1.2106096
                  2.8595                      -1.2249217
                   2.863                      -1.2389656
                  2.8665                      -1.2527507
                    2.87                      -1.2662922
                  2.8735                      -1.2796065
                   2.877                       -1.292698
                  2.8805                      -1.3055683
                   2.884                      -1.3182058
                  2.8875                       -1.330584
                   2.891                      -1.3426659
                  2.8945                      -1.3543984
                   2.898                       -1.365722
                  2.9015                      -1.3765676
                   2.905                      -1.3868672
                  2.9085                       -1.396559
                   2.912                      -1.4055855
                  2.9155                       -1.413906
                   2.919                       -1.421495
                  2.9225                      -1.4283461
                   2.926                      -1.4344705
                  2.9295                      -1.4398997
                   2.933                       -1.444674
                  2.9365                      -1.4488492
                    2.94                      -1.4524809
                  2.9435                      -1.4556261
                   2.947                      -1.4583347
                  2.9505                      -1.4606452
                   2.954                      -1.4625828
                  2.9575                      -1.4641545
                   2.961                      -1.4653546
                  2.9645                      -1.4661614
                   2.968                      -1.4665432
                  2.9715                      -1.4664607
                   2.975                      -1.4658752
                  2.9785                      -1.4647501
                   2.982                      -1.4630604
                  2.9855                      -1.4607934
                   2.989                      -1.4579528
                  2.9925                      -1.4545606
                   2.996                      -1.4506532
                  2.9995                       -1.446285
                   3.003                      -1.4415176
                  3.0065                      -1.4364205
                    3.01                      -1.4310627
                  3.0135                      -1.4255075
                   3.017                      -1.4198073
                  3.0205                      -1.4140011
                   3.024                      -1.4081112
                  3.0275                      -1.4021424
                   3.031                      -1.3960825
                  3.0345                      -1.3899075
                   3.038                      -1.3835805
                  3.0415                      -1.3770629
                   3.045                      -1.3703133
                  3.0485                      -1.3632984
                   3.052                      -1.3559927
                  3.0555                      -1.3483862
                   3.059                      -1.3404839
                  3.0625                      -1.3323075
                   3.066                      -1.3238914
                  3.0695                      -1.3152857
                   3.073                      -1.3065464
                  3.0765                      -1.2977329
                    3.08                      -1.2889023
                  3.0835                      -1.2801053
                   3.087                      -1.2713797
                  3.0905                      -1.2627522
                   3.094                      -1.2542297
                  3.0975                      -1.2458049
                   3.101                      -1.2374572
                  3.1045                      -1.2291535
                   3.108                      -1.2208513
                  3.1115                      -1.2125075
                   3.115                      -1.2040809
                  3.1185                      -1.1955341
                   3.122                       -1.186845
                  3.1255                      -1.1780024
                   3.129                        -1.16901
                  3.1325                      -1.1598872
                   3.136                      -1.1506664
                  3.1395                      -1.1413898
                   3.143                       -1.132107
                  3.1465                      -1.1228695
                    3.15                      -1.1137231
                  3.1535                      -1.1047087
                   3.157                      -1.0958551
                  3.1605                      -1.0871787
                   3.164                      -1.0786801
                  3.1675                      -1.0703455
                   3.171                      -1.0621482
                  3.1745                      -1.0540535
                   3.178                      -1.0460189
                  3.1815                       -1.038002
                   3.185                       -1.029963
                  3.1885                      -1.0218679
                   3.192                      -1.0136956
                  3.1955                      -1.0054365
                   3.199                     -0.99709456
                  3.2025                      -0.9886892
                   3.206                     -0.98024948
                  3.2095                     -0.97181361
                   3.213                     -0.96342677
                  3.2165                     -0.95513281
                    3.22                      -0.9469721
                  3.2235                     -0.93897869
                   3.227                     -0.93117557
                  3.2305                     -0.92357165
                   3.234                     -0.91616407
                  3.2375                     -0.90893763
                   3.241                     -0.90186484
                  3.2445                     -0.89490954
                   3.248                     -0.88803259
                  3.2515                     -0.88119268
                   3.255                     -0.87435256
                  3.2585                     -0.86748282
                   3.262                     -0.86056193
                  3.2655                     -0.85358334
                   3.269                     -0.84655146
                  3.2725                     -0.83948335
                   3.276                     -0.83240751
                  3.2795                     -0.82535835
                   3.283                     -0.81837601
                  3.2865                     -0.81149888
                    3.29                     -0.80476389
                  3.2935                     -0.79820022
                   3.297                     -0.79182603
                  3.3005                     -0.78564834
                   3.304                     -0.77966177
                  3.3075                     -0.77385023
                   3.311                     -0.76818615
                  3.3145                     -0.76263652
                   3.318                     -0.75716216
                  3.3215                     -0.75172485
                   3.325                     -0.74629087
                  3.3285                     -0.74083236
                   3.332                     -0.73533097
                  3.3355                      -0.7297791
                   3.339                     -0.72418216
                  3.3425                     -0.71855605
                   3.346                     -0.71292675
                  3.3495                      -0.7073269
                   3.353                     -0.70179289
                  3.3565                     -0.69636032
                    3.36                     -0.69106231
                  3.3635                     -0.68592431
                   3.367                     -0.68096288
                  3.3705                     -0.67618442
                   3.374                     -0.67158199
                  3.3775                        -0.66714
                   3.381                     -0.66283246
                  3.3845                     -0.65862705
                   3.388                     -0.65448878
                  3.3915                     -0.65038086
                   3.395                     -0.64627091
                  3.3985                     -0.64213387
                   3.402                     -0.63795187
                  3.4055                      -0.6337195
                   3.409                     -0.62944076
                  3.4125                     -0.62513098
                   3.416                     -0.62081481
                  3.4195                     -0.61652237
                   3.423                      -0.6122874
                  3.4265                     -0.60814475
                    3.43                     -0.60412405
                  3.4335                     -0.60024935
                   3.437                     -0.59653651
                  3.4405                     -0.59299039
                   3.444                     -0.58960564
                  3.4475                     -0.58636663
                   3.451                      -0.5832489
                  3.4545                     -0.58022203
                   3.458                     -0.57725205
                  3.4615                     -0.57430526
                   3.465                     -0.57135091
                  3.4685                     -0.56836437
                   3.472                     -0.56532962
                  3.4755                     -0.56224033
                   3.479                     -0.55910076
                  3.4825                     -0.55592575
                   3.486                     -0.55273756
                  3.4895                     -0.54956554
                   3.493                     -0.54644164
                  3.4965                     -0.54339846
                     3.5                     -0.54046512
