7.090000000000000000e+08 1.254140791552282863e-01
7.110000000000000000e+08 1.327534366107191721e-01
7.130000000000000000e+08 1.400911758907824323e-01
7.150000000000000000e+08 1.473470145298837186e-01
7.170000000000000000e+08 1.543421606240678312e-01
7.190000000000000000e+08 1.609970842397501489e-01
7.210000000000000000e+08 1.672934468328448332e-01
7.230000000000000000e+08 1.729199116568964634e-01
7.250000000000000000e+08 1.782192237761335285e-01
7.270000000000000000e+08 1.832995414163002545e-01
7.290000000000000000e+08 1.883482826839259494e-01
7.310000000000000000e+08 1.935252734463333013e-01
7.330000000000000000e+08 1.989449382170271896e-01
7.350000000000000000e+08 2.047364503564697569e-01
7.370000000000000000e+08 2.108512679612191132e-01
7.390000000000000000e+08 2.172848396244876634e-01
7.410000000000000000e+08 2.240340437291186149e-01
7.430000000000000000e+08 2.314381508301827928e-01
7.450000000000000000e+08 2.395902340356327875e-01
7.470000000000000000e+08 2.485383675115636071e-01
7.490000000000000000e+08 2.584215402907737436e-01
7.510000000000000000e+08 2.692289587905110637e-01
7.530000000000000000e+08 2.808528622666984775e-01
7.550000000000000000e+08 2.933002199469650906e-01
7.570000000000000000e+08 3.068165865299415374e-01
7.590000000000000000e+08 3.215055317070820706e-01
7.610000000000000000e+08 3.373674415320457864e-01
7.630000000000000000e+08 3.542771062347210287e-01
7.650000000000000000e+08 3.721245219992264097e-01
7.670000000000000000e+08 3.905912157608186774e-01
7.690000000000000000e+08 4.092697416811000299e-01
7.710000000000000000e+08 4.279004116388878676e-01
7.730000000000000000e+08 4.464565461534346635e-01
7.750000000000000000e+08 4.648527008123445325e-01
7.770000000000000000e+08 4.830892953140363821e-01
7.790000000000000000e+08 5.011566732158949655e-01
7.810000000000000000e+08 5.155826494401817284e-01
7.830000000000000000e+08 5.323713046102941382e-01
7.850000000000000000e+08 5.477310689705401359e-01
7.870000000000000000e+08 5.617392290908139740e-01
7.890000000000000000e+08 5.745178432914429534e-01
7.910000000000000000e+08 5.861945133729299373e-01
7.930000000000000000e+08 5.966843374755740337e-01
7.950000000000000000e+08 6.060657490564622663e-01
7.970000000000000000e+08 6.140692352023122691e-01
7.990000000000000000e+08 6.208645022562289117e-01
8.010000000000000000e+08 6.265459937148862846e-01
8.030000000000000000e+08 6.311738987660731048e-01
8.050000000000000000e+08 6.347201174644827582e-01
8.070000000000000000e+08 6.360377285679369441e-01
8.090000000000000000e+08 6.366443234558744058e-01
8.110000000000000000e+08 6.366544645247638190e-01
8.130000000000000000e+08 6.359201329701096306e-01
8.150000000000000000e+08 6.344780321770350229e-01
8.170000000000000000e+08 6.301097564857131017e-01
8.190000000000000000e+08 6.249058408104931628e-01
8.210000000000000000e+08 6.223320291939007376e-01
8.230000000000000000e+08 6.157947230357636581e-01
8.250000000000000000e+08 6.089814379676706801e-01
8.270000000000000000e+08 6.008019215037615490e-01
8.290000000000000000e+08 5.921923087407623409e-01
8.310000000000000000e+08 5.832327193384637676e-01
8.330000000000000000e+08 5.743576980434039747e-01
8.350000000000000000e+08 5.655204369749347038e-01
8.370000000000000000e+08 5.565560587074848131e-01
8.390000000000000000e+08 5.475809044732335984e-01
8.410000000000000000e+08 5.385432839735219135e-01
8.430000000000000000e+08 5.293676150593530361e-01
8.450000000000000000e+08 5.200810908473318950e-01
8.470000000000000000e+08 5.121997475805343258e-01
8.490000000000000000e+08 5.043368339120205546e-01
8.510000000000000000e+08 4.963353909944249742e-01
8.530000000000000000e+08 4.881338909382604285e-01
8.550000000000000000e+08 4.795900734111042674e-01
8.570000000000000000e+08 4.734633931756443426e-01
8.590000000000000000e+08 4.670973175999361682e-01
8.610000000000000000e+08 4.605241300124630621e-01
8.630000000000000000e+08 4.540506830214137146e-01
8.650000000000000000e+08 4.476572029299532574e-01
8.670000000000000000e+08 4.425858003564293597e-01
8.690000000000000000e+08 4.376407629515045583e-01
8.710000000000000000e+08 4.327351769953543537e-01
8.730000000000000000e+08 4.277335346324323551e-01
8.750000000000000000e+08 4.226782414926282261e-01
8.770000000000000000e+08 4.178816885193891717e-01
8.790000000000000000e+08 4.132628502725579911e-01
8.810000000000000000e+08 4.088157471942874821e-01
8.830000000000000000e+08 4.038331751257536739e-01
8.850000000000000000e+08 3.990044456049263721e-01
8.870000000000000000e+08 3.942657699075406974e-01
8.890000000000000000e+08 3.893612584622109796e-01
8.910000000000000000e+08 3.842888501051572314e-01
8.930000000000000000e+08 3.791886940754364832e-01
8.950000000000000000e+08 3.740737904762036492e-01
8.970000000000000000e+08 3.686195273062077282e-01
8.990000000000000000e+08 3.632952096046204171e-01
9.010000000000000000e+08 3.581692043387335045e-01
9.030000000000000000e+08 3.530719398276260246e-01
9.050000000000000000e+08 3.481358488500139736e-01
9.070000000000000000e+08 3.429418666513228686e-01
9.090000000000000000e+08 3.379448633392827528e-01
9.110000000000000000e+08 3.331526967644398707e-01
9.130000000000000000e+08 3.286823027765858884e-01
9.150000000000000000e+08 3.245440133501119040e-01
9.170000000000000000e+08 3.203590849973758092e-01
9.190000000000000000e+08 3.160087198149424959e-01
9.210000000000000000e+08 3.114847592456059244e-01
9.230000000000000000e+08 3.078151250657299998e-01
9.250000000000000000e+08 3.043124392754699148e-01
9.270000000000000000e+08 3.004475857362056690e-01
9.290000000000000000e+08 2.967239998414173408e-01
9.310000000000000000e+08 2.931236613525560752e-01
9.330000000000000000e+08 2.894701119812206902e-01
9.350000000000000000e+08 2.858040075865987961e-01
9.370000000000000000e+08 2.819688993096192697e-01
9.390000000000000000e+08 2.782134930616679824e-01
9.410000000000000000e+08 2.745450771320024352e-01
1.729000000000000000e+09 5.383187616746228921e-01
1.731000000000000000e+09 5.419268906719653112e-01
1.733000000000000000e+09 5.456359131609238577e-01
1.735000000000000000e+09 5.494769319015815334e-01
1.737000000000000000e+09 5.535400438392159561e-01
1.739000000000000000e+09 5.577103508056691084e-01
1.741000000000000000e+09 5.619339021383498167e-01
1.743000000000000000e+09 5.660489696324744191e-01
1.745000000000000000e+09 5.699368315167603338e-01
1.747000000000000000e+09 5.739258296060777420e-01
1.749000000000000000e+09 5.775406305558082876e-01
1.751000000000000000e+09 5.807775654912704644e-01
1.753000000000000000e+09 5.837624836244367232e-01
1.755000000000000000e+09 5.866066069358665258e-01
1.757000000000000000e+09 5.891376766586040592e-01
1.759000000000000000e+09 5.915541923477191100e-01
1.761000000000000000e+09 5.938807663624774413e-01
1.763000000000000000e+09 5.961245665184331521e-01
1.765000000000000000e+09 5.983205043042896243e-01
1.767000000000000000e+09 6.000151207226095407e-01
1.769000000000000000e+09 6.018125282137991583e-01
1.771000000000000000e+09 6.037274247816166728e-01
1.773000000000000000e+09 6.058394417162247247e-01
1.775000000000000000e+09 6.081561968275912555e-01
1.777000000000000000e+09 6.101983001184698718e-01
1.779000000000000000e+09 6.123219897677573131e-01
1.781000000000000000e+09 6.144434290721157987e-01
1.783000000000000000e+09 6.165530577410746060e-01
1.785000000000000000e+09 6.186455866883290300e-01
1.787000000000000000e+09 6.204344138071140602e-01
1.789000000000000000e+09 6.221520526241501869e-01
1.791000000000000000e+09 6.237423258318803843e-01
1.793000000000000000e+09 6.251348931329895331e-01
1.795000000000000000e+09 6.262193821693283757e-01
1.797000000000000000e+09 6.273462809019043629e-01
1.799000000000000000e+09 6.283301580147908627e-01
1.801000000000000000e+09 6.292667330428268757e-01
1.803000000000000000e+09 6.302175844496735735e-01
1.805000000000000000e+09 6.312267810130743895e-01
1.807000000000000000e+09 6.324880572518656319e-01
1.809000000000000000e+09 6.337443594589832196e-01
1.811000000000000000e+09 6.349538117362982792e-01
1.813000000000000000e+09 6.414999419761293620e-01
1.815000000000000000e+09 6.475035298493688751e-01
1.817000000000000000e+09 6.532268688311353433e-01
1.819000000000000000e+09 6.584021393132147848e-01
1.821000000000000000e+09 6.631527048482396269e-01
1.823000000000000000e+09 6.674725508156041931e-01
1.825000000000000000e+09 6.714359529109663605e-01
1.827000000000000000e+09 6.753232290273039062e-01
1.829000000000000000e+09 6.790250731188524069e-01
1.831000000000000000e+09 6.826611309331490629e-01
1.833000000000000000e+09 6.861868493217725407e-01
1.835000000000000000e+09 6.897056492157015439e-01
1.837000000000000000e+09 6.931486990838342521e-01
1.839000000000000000e+09 6.964402239382345705e-01
1.841000000000000000e+09 6.994621947143614404e-01
1.843000000000000000e+09 7.021695457927598083e-01
1.845000000000000000e+09 7.044266180138312183e-01
1.847000000000000000e+09 7.065116663756141335e-01
1.849000000000000000e+09 7.080672429108150201e-01
1.851000000000000000e+09 7.090560444790174888e-01
1.853000000000000000e+09 7.043060276358540372e-01
1.855000000000000000e+09 6.997954941677558827e-01
1.857000000000000000e+09 6.958228102110384228e-01
1.859000000000000000e+09 6.921621226323706466e-01
1.861000000000000000e+09 6.887589552743561550e-01
1.863000000000000000e+09 6.853463044478208532e-01
1.865000000000000000e+09 6.818623932130319920e-01
1.867000000000000000e+09 6.785427856278818393e-01
1.869000000000000000e+09 6.750923121065198762e-01
1.871000000000000000e+09 6.714215673710743904e-01
1.873000000000000000e+09 6.676634973081991831e-01
1.875000000000000000e+09 6.637255939402657567e-01
1.877000000000000000e+09 6.596828246544804708e-01
1.879000000000000000e+09 6.554481195823179673e-01
1.881000000000000000e+09 6.512274472050467722e-01
1.883000000000000000e+09 6.469453913652231103e-01
1.885000000000000000e+09 6.427219863851914017e-01
1.887000000000000000e+09 6.385464112742856857e-01
1.889000000000000000e+09 6.344901307858913375e-01
1.891000000000000000e+09 6.306372921261820252e-01
1.893000000000000000e+09 6.268856234519180060e-01
1.895000000000000000e+09 6.231298206952285978e-01
1.897000000000000000e+09 6.193045145636565385e-01
1.899000000000000000e+09 6.155215857243045985e-01
1.901000000000000000e+09 6.116258293623587639e-01
1.903000000000000000e+09 6.078779510527807517e-01
1.905000000000000000e+09 6.042284577888625829e-01
1.907000000000000000e+09 6.003519986580319046e-01
1.909000000000000000e+09 5.964681438935530711e-01
1.911000000000000000e+09 5.925533205384272417e-01
1.913000000000000000e+09 5.884726433491089814e-01
1.915000000000000000e+09 5.841439956145133561e-01
1.917000000000000000e+09 5.794653090339849655e-01
1.919000000000000000e+09 5.747106378736605015e-01
1.921000000000000000e+09 5.698376265935627405e-01
1.923000000000000000e+09 5.652237320658395348e-01
1.925000000000000000e+09 5.609126314227986798e-01
1.927000000000000000e+09 5.568128546781735411e-01
1.929000000000000000e+09 5.530689863160240805e-01
1.931000000000000000e+09 5.496494949244985495e-01
1.933000000000000000e+09 5.463684895992974022e-01
1.935000000000000000e+09 5.432099996122998764e-01
1.937000000000000000e+09 5.398555427776970950e-01
1.939000000000000000e+09 5.364093973191425002e-01
1.941000000000000000e+09 5.328340437781385885e-01
1.943000000000000000e+09 5.291261124551306372e-01
1.945000000000000000e+09 5.251843385847416723e-01
1.947000000000000000e+09 5.210143777178648516e-01
1.949000000000000000e+09 5.166758564602531578e-01
1.951000000000000000e+09 5.122464332897879169e-01
1.953000000000000000e+09 5.078011257064483086e-01
1.955000000000000000e+09 5.035053296625824348e-01
1.957000000000000000e+09 4.994868048755458645e-01
1.959000000000000000e+09 4.957628384824032119e-01
1.961000000000000000e+09 4.923660045433204124e-01
1.963000000000000000e+09 4.891818683325997452e-01
1.965000000000000000e+09 4.862056846105844432e-01
1.967000000000000000e+09 4.835348167257605412e-01
1.969000000000000000e+09 4.810707164349662390e-01
1.971000000000000000e+09 4.787542923221811408e-01
1.973000000000000000e+09 4.765220184985103913e-01
1.975000000000000000e+09 4.743396790726434609e-01
1.977000000000000000e+09 4.722535928111368797e-01
1.979000000000000000e+09 4.700948834027479650e-01
1.981000000000000000e+09 4.678901757356595525e-01
1.983000000000000000e+09 4.661158341389172732e-01
1.985000000000000000e+09 4.648285143545112796e-01
1.987000000000000000e+09 4.637720510760319770e-01
1.989000000000000000e+09 4.627079301070975981e-01
1.991000000000000000e+09 4.617035507643637571e-01
1.993000000000000000e+09 4.606907531712342019e-01
1.995000000000000000e+09 4.597699774013715435e-01
1.997000000000000000e+09 4.588516932585207098e-01
1.999000000000000000e+09 4.580479003482403888e-01
2.001000000000000000e+09 4.574086338975350552e-01
2.003000000000000000e+09 4.569512987148878214e-01
2.005000000000000000e+09 4.566949248036261677e-01
2.007000000000000000e+09 4.564851687161874394e-01
2.009000000000000000e+09 4.563480643159905648e-01
2.011000000000000000e+09 4.562014097993550843e-01
2.013000000000000000e+09 4.560456055042396706e-01
2.015000000000000000e+09 4.557377413839959202e-01
2.017000000000000000e+09 4.553301158786406400e-01
2.019000000000000000e+09 4.547539824270306341e-01
2.021000000000000000e+09 4.540013405758678844e-01
2.023000000000000000e+09 4.524745145414077463e-01
2.025000000000000000e+09 4.502546290249210270e-01
2.027000000000000000e+09 4.476777280084764943e-01
2.029000000000000000e+09 4.451415161650982277e-01
2.031000000000000000e+09 4.427193748673811102e-01
2.033000000000000000e+09 4.405740840295201410e-01
2.035000000000000000e+09 4.387748886950701976e-01
2.037000000000000000e+09 4.374421529109705498e-01
2.039000000000000000e+09 4.364420804875885906e-01
2.041000000000000000e+09 4.357340112085416051e-01
2.043000000000000000e+09 4.352996947950023565e-01
2.045000000000000000e+09 4.350779091591190917e-01
2.047000000000000000e+09 4.351752166585495796e-01
2.049000000000000000e+09 4.353557254631217899e-01
2.051000000000000000e+09 4.355677813543386012e-01
2.053000000000000000e+09 4.355722903741421348e-01
2.055000000000000000e+09 4.354118307137118116e-01
2.057000000000000000e+09 4.350871076082328259e-01
2.059000000000000000e+09 4.346737700273159977e-01
2.061000000000000000e+09 4.343091805342109701e-01
2.063000000000000000e+09 4.341215152860811166e-01
2.065000000000000000e+09 4.342336164765936979e-01
2.067000000000000000e+09 4.347159390393636191e-01
2.069000000000000000e+09 4.356850900949409411e-01
2.071000000000000000e+09 4.372078717817948212e-01
2.073000000000000000e+09 4.395222395502031421e-01
2.075000000000000000e+09 4.425858087469394797e-01
2.077000000000000000e+09 4.463777358856372279e-01
2.079000000000000000e+09 4.508581710690027222e-01
2.081000000000000000e+09 4.559303704428569470e-01
2.083000000000000000e+09 4.613212343995130027e-01
2.085000000000000000e+09 4.668342421064462511e-01
2.087000000000000000e+09 4.721959051845904809e-01
2.089000000000000000e+09 4.772024885253111082e-01
2.091000000000000000e+09 4.816161277911730765e-01
2.093000000000000000e+09 4.855484506270824618e-01
2.095000000000000000e+09 4.888814727975644425e-01
2.097000000000000000e+09 4.916171844428610660e-01
2.099000000000000000e+09 4.936320373264731498e-01
2.101000000000000000e+09 4.949045822644455583e-01
2.103000000000000000e+09 4.955330469619853018e-01
2.105000000000000000e+09 4.955530708642568172e-01
2.107000000000000000e+09 4.951431669872684571e-01
2.109000000000000000e+09 4.942890088749381516e-01
2.111000000000000000e+09 4.931059155301875108e-01
2.113000000000000000e+09 4.914052010255341996e-01
2.115000000000000000e+09 4.892353146693650956e-01
2.117000000000000000e+09 4.864272843208373720e-01
2.119000000000000000e+09 4.830406029047484284e-01
2.121000000000000000e+09 4.789762409581744262e-01
2.123000000000000000e+09 4.743156225421882310e-01
2.125000000000000000e+09 4.690642843756203662e-01
2.127000000000000000e+09 4.632738360456937210e-01
2.129000000000000000e+09 4.571484167535088128e-01
2.131000000000000000e+09 4.508595543040939679e-01
2.133000000000000000e+09 4.444861430637451760e-01
2.135000000000000000e+09 4.381773597092674111e-01
2.137000000000000000e+09 4.318627509017086696e-01
2.139000000000000000e+09 4.259808166519051809e-01
2.141000000000000000e+09 4.206147573430219500e-01
2.143000000000000000e+09 4.157420432402149646e-01
2.145000000000000000e+09 4.112797707576993922e-01
2.147000000000000000e+09 4.068873370056441119e-01
2.149000000000000000e+09 4.027032806533834552e-01
2.151000000000000000e+09 3.985517988319740024e-01
2.153000000000000000e+09 3.944783540758859397e-01
2.155000000000000000e+09 3.903824396924743256e-01
2.157000000000000000e+09 3.861281590418618737e-01
2.159000000000000000e+09 3.818147225498449426e-01
2.161000000000000000e+09 3.774751008309237821e-01
2.163000000000000000e+09 3.731369820793164482e-01
2.165000000000000000e+09 3.688486192018481935e-01
2.167000000000000000e+09 3.644428749932133726e-01
2.169000000000000000e+09 3.601481713079597857e-01
2.171000000000000000e+09 3.560333984743639379e-01
2.173000000000000000e+09 3.521186651485043173e-01
2.175000000000000000e+09 3.484663099414283538e-01
2.177000000000000000e+09 3.451625452818724571e-01
2.179000000000000000e+09 3.421657207334073414e-01
2.181000000000000000e+09 3.395102080613871531e-01
2.183000000000000000e+09 3.372494729255485213e-01
2.185000000000000000e+09 3.354296678747963334e-01
2.187000000000000000e+09 3.342094969778027225e-01
2.189000000000000000e+09 3.333941958166967146e-01
2.191000000000000000e+09 3.329056617944751717e-01
2.193000000000000000e+09 3.326436792717236690e-01
2.195000000000000000e+09 3.325298438817795854e-01
2.197000000000000000e+09 3.325593438533714918e-01
2.199000000000000000e+09 3.326299890166133366e-01
2.201000000000000000e+09 3.326862527131392855e-01
2.203000000000000000e+09 3.326317557337009623e-01
2.205000000000000000e+09 3.324800886461753424e-01
2.207000000000000000e+09 3.322819061843803601e-01
2.209000000000000000e+09 3.320804424530464094e-01
2.211000000000000000e+09 3.319659822531487170e-01
2.213000000000000000e+09 3.325130006600365840e-01
2.215000000000000000e+09 3.337129997101225265e-01
2.217000000000000000e+09 3.353738448872726208e-01
2.219000000000000000e+09 3.371299542163519458e-01
2.221000000000000000e+09 3.389001029981699165e-01
2.223000000000000000e+09 3.406106533452928353e-01
2.225000000000000000e+09 3.424516988898724801e-01
2.227000000000000000e+09 3.444426334676186641e-01
2.229000000000000000e+09 3.465627206413314232e-01
2.231000000000000000e+09 3.487350395921410828e-01
2.233000000000000000e+09 3.506654346232285779e-01
2.235000000000000000e+09 3.524796334730324054e-01
2.237000000000000000e+09 3.543368201568407039e-01
2.239000000000000000e+09 3.564878103133683473e-01
2.241000000000000000e+09 3.589913106942984045e-01
2.243000000000000000e+09 3.616538206077834494e-01
2.245000000000000000e+09 3.642548985942195561e-01
2.247000000000000000e+09 3.665660916417268766e-01
2.249000000000000000e+09 3.686693478793227063e-01
2.251000000000000000e+09 3.707606297595082423e-01
2.253000000000000000e+09 3.726885827756178937e-01
2.255000000000000000e+09 3.746213862174338494e-01
2.257000000000000000e+09 3.765218802492563133e-01
2.259000000000000000e+09 3.786117750120128189e-01
2.261000000000000000e+09 3.805997323456783432e-01
2.263000000000000000e+09 3.828308982433022423e-01
2.265000000000000000e+09 3.850808465726534013e-01
2.267000000000000000e+09 3.871863611099453095e-01
2.269000000000000000e+09 3.891754104638506240e-01
2.271000000000000000e+09 3.910725338128856476e-01
2.273000000000000000e+09 3.930308387453277374e-01
2.275000000000000000e+09 3.949027723204208695e-01
2.277000000000000000e+09 3.964704419001404689e-01
2.279000000000000000e+09 3.974474869839720870e-01
2.281000000000000000e+09 3.977521922111494357e-01
2.283000000000000000e+09 3.976716864249301153e-01
2.285000000000000000e+09 3.974694608264872087e-01
2.287000000000000000e+09 3.974362034837550239e-01
2.289000000000000000e+09 3.975664046194675727e-01
2.291000000000000000e+09 3.976431271353343400e-01
2.293000000000000000e+09 3.974380767272561177e-01
2.295000000000000000e+09 3.967615549195764313e-01
2.297000000000000000e+09 3.956720378710390507e-01
2.299000000000000000e+09 3.945141409974720070e-01
2.301000000000000000e+09 3.936039515775725528e-01
2.303000000000000000e+09 3.926361699474655853e-01
2.305000000000000000e+09 3.915470624569301616e-01
2.307000000000000000e+09 3.902845220786920755e-01
2.309000000000000000e+09 3.888290015263093369e-01
2.311000000000000000e+09 3.871248103516918282e-01
2.313000000000000000e+09 3.851409162713876344e-01
2.315000000000000000e+09 3.828569569534632233e-01
2.317000000000000000e+09 3.802858018111120453e-01
2.319000000000000000e+09 3.774595429135313429e-01
2.321000000000000000e+09 3.744899069112768153e-01
2.323000000000000000e+09 3.713401386711496222e-01
2.325000000000000000e+09 3.680710079369023391e-01
2.327000000000000000e+09 3.648052349698142072e-01
2.329000000000000000e+09 3.614787484293259801e-01
2.331000000000000000e+09 3.581737622932670284e-01
2.333000000000000000e+09 3.548420109969510072e-01
2.335000000000000000e+09 3.515845519469770197e-01
2.337000000000000000e+09 3.486208713590965846e-01
2.339000000000000000e+09 3.456708988244990288e-01
2.341000000000000000e+09 3.426960236951636096e-01
2.343000000000000000e+09 3.396131937594037420e-01
2.345000000000000000e+09 3.364251545913775621e-01
2.347000000000000000e+09 3.332051188053721247e-01
2.349000000000000000e+09 3.298264273136630176e-01
2.351000000000000000e+09 3.262828956355725007e-01
2.353000000000000000e+09 3.226263785214073532e-01
2.355000000000000000e+09 3.188289208627738125e-01
2.357000000000000000e+09 3.149277230461461907e-01
2.359000000000000000e+09 3.109591662069740581e-01
2.361000000000000000e+09 3.069372377807956798e-01
2.363000000000000000e+09 3.029326326194847208e-01
2.365000000000000000e+09 2.989880453951961892e-01
2.367000000000000000e+09 2.951378555187663677e-01
2.369000000000000000e+09 2.913547109199208229e-01
2.371000000000000000e+09 2.876629173653501015e-01
2.373000000000000000e+09 2.840658212210873668e-01
2.375000000000000000e+09 2.804959965040400571e-01
2.377000000000000000e+09 2.768456521381533197e-01
2.379000000000000000e+09 2.731782848288309418e-01
2.381000000000000000e+09 2.694735049679103933e-01
2.383000000000000000e+09 2.656864754856190225e-01
2.385000000000000000e+09 2.617824343077800320e-01
2.387000000000000000e+09 2.576784554370707969e-01
2.389000000000000000e+09 2.533813953088914772e-01
2.391000000000000000e+09 2.489150486944814722e-01
2.393000000000000000e+09 2.443034508775696612e-01
2.395000000000000000e+09 2.395827902640663143e-01
2.397000000000000000e+09 2.348918294264456808e-01
2.399000000000000000e+09 2.302233641685638432e-01
2.401000000000000000e+09 2.256477176128323103e-01
2.403000000000000000e+09 2.211906445631519058e-01
2.405000000000000000e+09 2.168632382721996377e-01
2.407000000000000000e+09 2.126697921094449217e-01
2.409000000000000000e+09 2.086503863471448617e-01
2.411000000000000000e+09 2.047693895892461757e-01
2.413000000000000000e+09 2.009831630348585807e-01
2.415000000000000000e+09 1.973224468407884791e-01
2.417000000000000000e+09 1.937979803186409833e-01
2.419000000000000000e+09 1.903047591097655478e-01
2.421000000000000000e+09 1.868025382408357860e-01
2.423000000000000000e+09 1.832976409166134357e-01
2.425000000000000000e+09 1.797581331039542485e-01
2.427000000000000000e+09 1.761164785128746246e-01
2.429000000000000000e+09 1.724962017627622857e-01
2.431000000000000000e+09 1.689264546074610573e-01
2.433000000000000000e+09 1.654090167280363177e-01
2.435000000000000000e+09 1.619929541432834075e-01
2.437000000000000000e+09 1.586740419916594091e-01
2.439000000000000000e+09 1.555021792153657434e-01
2.441000000000000000e+09 1.524633519728749997e-01
2.443000000000000000e+09 1.496051125563979955e-01
2.445000000000000000e+09 1.468979689265045296e-01
2.447000000000000000e+09 1.443195746635750898e-01
2.449000000000000000e+09 1.418537981921797753e-01
2.451000000000000000e+09 1.394759209527912935e-01
2.453000000000000000e+09 1.371771603283668817e-01
2.455000000000000000e+09 1.349193509888544640e-01
2.457000000000000000e+09 1.327282010033900006e-01
2.459000000000000000e+09 1.305643705170799196e-01
2.461000000000000000e+09 1.283946971632179967e-01
2.463000000000000000e+09 1.262057439998997277e-01
2.465000000000000000e+09 1.239917579014571808e-01
2.467000000000000000e+09 1.218364651639261831e-01
2.469000000000000000e+09 1.196913563845962564e-01
2.471000000000000000e+09 1.175779192206375390e-01
2.473000000000000000e+09 1.155112615753416533e-01
2.475000000000000000e+09 1.135296668483642413e-01
2.477000000000000000e+09 1.115857037965620607e-01
2.479000000000000000e+09 1.097055540524208700e-01
2.481000000000000000e+09 1.078824710291661632e-01
2.483000000000000000e+09 1.061463294380389222e-01
2.485000000000000000e+09 1.044831643353466288e-01
2.487000000000000000e+09 1.028252445923396041e-01
2.489000000000000000e+09 1.011962778701860910e-01
2.491000000000000000e+09 9.960080345223565335e-02
2.493000000000000000e+09 9.802105251055101554e-02
2.495000000000000000e+09 9.644022348938764699e-02
2.497000000000000000e+09 9.474755552005466319e-02
2.499000000000000000e+09 9.303496424942346577e-02
2.501000000000000000e+09 9.131733786339460424e-02
2.503000000000000000e+09 8.957022457935359672e-02
2.505000000000000000e+09 8.782522751385565818e-02
2.507000000000000000e+09 8.606492883126197480e-02
2.509000000000000000e+09 8.434387948458126061e-02
2.511000000000000000e+09 8.268230262514106310e-02
2.513000000000000000e+09 8.110620985403310668e-02
2.515000000000000000e+09 7.960837904775383556e-02
2.517000000000000000e+09 7.819979404733687356e-02
2.519000000000000000e+09 7.687094667400379278e-02
2.521000000000000000e+09 7.562923710880886663e-02
2.523000000000000000e+09 7.441499018668559784e-02
2.525000000000000000e+09 7.323665325925834968e-02
2.527000000000000000e+09 7.216328488108654515e-02
2.529000000000000000e+09 7.112031159062316699e-02
2.531000000000000000e+09 7.008383482332390668e-02
2.533000000000000000e+09 6.903462093854978443e-02
2.535000000000000000e+09 6.796171772839261493e-02
2.537000000000000000e+09 6.697510884595159197e-02
2.539000000000000000e+09 6.596243782205948869e-02
2.541000000000000000e+09 6.493703291425022284e-02
2.543000000000000000e+09 6.393426232582702373e-02
2.545000000000000000e+09 6.295956840492969442e-02
2.547000000000000000e+09 6.205757970336445162e-02
2.549000000000000000e+09 6.120414647962817839e-02
2.551000000000000000e+09 6.039971632593919143e-02
2.553000000000000000e+09 5.963493740246018915e-02
2.555000000000000000e+09 5.890955729161421323e-02
2.557000000000000000e+09 5.825094851846814720e-02
2.559000000000000000e+09 5.764892319626632039e-02
2.561000000000000000e+09 5.708875824563056089e-02
2.563000000000000000e+09 5.655778543583447893e-02
2.565000000000000000e+09 5.604042310239622238e-02
2.567000000000000000e+09 5.550260687389162867e-02
2.569000000000000000e+09 5.496680501234980920e-02
2.571000000000000000e+09 5.441393239383404690e-02
2.573000000000000000e+09 5.384185350398220521e-02
2.575000000000000000e+09 5.325153359180737067e-02
2.577000000000000000e+09 5.259355376485420897e-02
2.579000000000000000e+09 5.192041617474425774e-02
2.581000000000000000e+09 5.124478790177019322e-02
2.583000000000000000e+09 5.058041064185459651e-02
2.585000000000000000e+09 4.993639950664002097e-02
2.587000000000000000e+09 4.931065030957192119e-02
2.589000000000000000e+09 4.871152303656662436e-02
2.591000000000000000e+09 4.813565947599610095e-02
2.593000000000000000e+09 4.758461473179491363e-02
2.595000000000000000e+09 4.705152386852883700e-02
2.597000000000000000e+09 4.652098331030739276e-02
2.599000000000000000e+09 4.597972137750258592e-02
2.601000000000000000e+09 4.542376838094007441e-02
2.603000000000000000e+09 4.484979539567417184e-02
2.605000000000000000e+09 4.425856128336053824e-02
2.607000000000000000e+09 4.365778628280234108e-02
2.609000000000000000e+09 4.302401256268219981e-02
2.611000000000000000e+09 4.235829362094841594e-02
2.613000000000000000e+09 4.165589308345766378e-02
2.615000000000000000e+09 4.091575924945598658e-02
2.617000000000000000e+09 4.016027773265302275e-02
2.619000000000000000e+09 3.939773610044295521e-02
2.621000000000000000e+09 3.865176586010529713e-02
2.623000000000000000e+09 3.792511633526970266e-02
2.625000000000000000e+09 3.723742958219292132e-02
2.627000000000000000e+09 3.661535750500227726e-02
2.629000000000000000e+09 3.607155121083487764e-02
2.631000000000000000e+09 3.563833289671122784e-02
