Frequency    C1=6

                    0.69                      0.77719591
                    0.78                      0.76079009
                    0.87                      0.77411066
                    0.96                      0.25507124
                     1.7                    0.0088500237
                     1.8                    0.0054805122
                     1.9                     0.036108957
                       2                     0.003249526
                     2.1                     0.042218942
                     2.2                     0.058536715
                     2.3                      0.01892884
                     2.4                     0.012790415
                     2.5                    0.0084430297
                     2.6                      0.01669607
                     2.7                     0.019287314
