        Frequency / GHz                System Tot. Efficiency [AC1]/abs,dB
----------------------------------------------------------------------
                    0.69                      -10.395212
                    0.78                      -16.169156
                    0.87                      -16.946112
                    0.96                      -15.264522
                     1.7                      -8.7664152
                     1.8                      -8.9217893
                     1.9                      -8.9013611
                       2                      -8.8724043
                     2.1                      -9.0803453
                     2.2                      -9.8515417
                     2.3                      -10.396141
                     2.4                      -11.080138
                     2.5                      -11.677719
                     2.6                      -11.963573
                     2.7                       -11.68873

