        Frequency / GHz                System Tot. Efficiency [AC1]/abs,dB
----------------------------------------------------------------------
                    0.69                      -11.304534
                    0.78                      -16.855854
                    0.87                      -17.086835
                    0.96                      -15.051512
                     1.7                      -8.3036859
                     1.8                      -8.2982621
                     1.9                      -8.2811667
                       2                      -8.3486037
                     2.1                      -8.8157217
                     2.2                      -9.3255174
                     2.3                      -9.7585383
                     2.4                      -11.030609
                     2.5                      -12.341673
                     2.6                       -13.28765
                     2.7                      -13.530485

