Frequency    S2,1_[9]

                       0                      -206.42877
                  0.0035                      -206.42877
                   0.007                      -206.42877
                  0.0105                      -206.42877
                   0.014                      -206.42877
                  0.0175                      -198.13617
                   0.021                      -190.23583
                  0.0245                      -183.55835
                   0.028                      -177.77645
                  0.0315                      -172.67874
                   0.035                      -168.12063
                  0.0385                      -163.99884
                   0.042                      -160.23694
                  0.0455                      -156.77675
                   0.049                      -153.57295
                  0.0525                      -150.58947
                   0.056                      -147.79719
                  0.0595                      -145.17218
                   0.063                       -142.6946
                  0.0665                      -140.34776
                    0.07                      -138.11756
                  0.0735                      -135.99192
                   0.077                      -133.96051
                  0.0805                      -132.01436
                   0.084                      -130.14573
                  0.0875                      -128.34786
                   0.091                      -126.61485
                  0.0945                      -124.94154
                   0.098                      -123.32339
                  0.1015                      -121.75642
                   0.105                      -120.23712
                  0.1085                      -118.76239
                   0.112                      -117.32948
                  0.1155                      -115.93595
                   0.119                      -114.57961
                  0.1225                      -113.25851
                   0.126                      -111.97088
                  0.1295                      -110.71511
                   0.133                      -109.48973
                  0.1365                      -108.29339
                    0.14                      -107.12482
                  0.1435                      -105.98284
                   0.147                      -104.86632
                  0.1505                       -103.7742
                   0.154                      -102.70544
                  0.1575                      -101.65906
                   0.161                      -100.63408
                  0.1645                      -99.629568
                   0.168                      -98.644596
                  0.1715                      -97.678258
                   0.175                      -96.729659
                  0.1785                      -95.797921
                   0.182                      -94.882186
                  0.1855                      -93.981603
                   0.189                      -93.095351
                  0.1925                       -92.22262
                   0.196                      -91.362631
                  0.1995                      -90.514628
                   0.203                      -89.677891
                  0.2065                       -88.85173
                    0.21                      -88.035494
                  0.2135                      -87.228574
                   0.217                      -86.430403
                  0.2205                       -85.64046
                   0.224                      -84.858272
                  0.2275                       -84.08341
                   0.231                      -83.315499
                  0.2345                        -82.5542
                   0.238                      -81.799229
                  0.2415                      -81.050336
                   0.245                      -80.307313
                  0.2485                      -79.569986
                   0.252                      -78.838211
                  0.2555                      -78.111864
                   0.259                      -77.390852
                  0.2625                      -76.675086
                   0.266                      -75.964496
                  0.2695                       -75.25901
                   0.273                      -74.558563
                  0.2765                      -73.863079
                    0.28                      -73.172485
                  0.2835                      -72.486687
                   0.287                      -71.805586
                  0.2905                       -71.12906
                   0.294                      -70.456977
                  0.2975                      -69.789182
                   0.301                      -69.125503
                  0.3045                      -68.465747
                   0.308                      -67.809708
                  0.3115                      -67.157154
                   0.315                      -66.507847
                  0.3185                      -65.861527
                   0.322                      -65.217926
                  0.3255                      -64.576766
                   0.329                      -63.937765
                  0.3325                      -63.300631
                   0.336                      -62.665079
                  0.3395                      -62.030822
                   0.343                      -61.397581
                  0.3465                      -60.765083
                    0.35                       -60.13307
                  0.3535                      -59.501291
                   0.357                       -58.86952
                  0.3605                      -58.237537
                   0.364                      -57.605148
                  0.3675                      -56.972173
                   0.371                      -56.338452
                  0.3745                      -55.703842
                   0.378                       -55.06822
                  0.3815                      -54.431473
                   0.385                       -53.79351
                  0.3885                      -53.154242
                   0.392                      -52.513599
                  0.3955                       -51.87151
                   0.399                      -51.227914
                  0.4025                      -50.582748
                   0.406                      -49.935953
                  0.4095                      -49.287459
                   0.413                      -48.637192
                  0.4165                      -47.985079
                    0.42                      -47.331023
                  0.4235                      -46.674926
                   0.427                      -46.016671
                  0.4305                      -45.356134
                   0.434                      -44.693165
                  0.4375                      -44.027616
                   0.441                      -43.359312
                  0.4445                      -42.688077
                   0.448                      -42.013717
                  0.4515                      -41.336037
                   0.455                      -40.654836
                  0.4585                      -39.969918
                   0.462                      -39.281087
                  0.4655                      -38.588174
                   0.469                      -37.891018
                  0.4725                      -37.189508
                   0.476                      -36.483564
                  0.4795                      -35.773181
                   0.483                      -35.058419
                  0.4865                      -34.339452
                    0.49                      -33.616564
                  0.4935                      -32.890202
                   0.497                      -32.160989
                  0.5005                      -31.429781
                   0.504                      -30.697694
                  0.5075                       -29.96614
                   0.511                      -29.236895
                  0.5145                      -28.512125
                   0.518                      -27.794429
                  0.5215                      -27.086836
                   0.525                      -26.392823
                  0.5285                      -25.716268
                   0.532                      -25.061341
                  0.5355                      -24.432361
                   0.539                      -23.833612
                  0.5425                      -23.269061
                   0.546                      -22.742092
                  0.5495                      -22.255219
                   0.553                      -21.809875
                  0.5565                      -21.406273
                    0.56                      -21.043379
                  0.5635                      -20.718999
                   0.567                      -20.430003
                  0.5705                      -20.172565
                   0.574                      -19.942442
                  0.5775                       -19.73526
                   0.581                      -19.546713
                  0.5845                       -19.37275
                   0.588                      -19.209676
                  0.5915                      -19.054211
                   0.595                      -18.903512
                  0.5985                       -18.75516
                   0.602                      -18.607125
                  0.6055                      -18.457743
                   0.609                      -18.305663
                  0.6125                      -18.149792
                   0.616                      -17.989282
                  0.6195                      -17.823461
                   0.623                      -17.651829
                  0.6265                      -17.474015
                    0.63                      -17.289757
                  0.6335                       -17.09888
                   0.637                      -16.901284
                  0.6405                      -16.696936
                   0.644                      -16.485839
                  0.6475                      -16.268052
                   0.651                      -16.043669
                  0.6545                      -15.812805
                   0.658                      -15.575613
                  0.6615                      -15.332277
                   0.665                      -15.082987
                  0.6685                      -14.827976
                   0.672                      -14.567498
                  0.6755                      -14.301823
                   0.679                      -14.031247
                  0.6825                      -13.756115
                   0.686                      -13.476788
                  0.6895                      -13.193644
                   0.693                      -12.907128
                  0.6965                        -12.6177
                     0.7                       -12.32587
                  0.7035                      -12.032188
                   0.707                      -11.737258
                  0.7105                      -11.441721
                   0.714                      -11.146278
                  0.7175                      -10.851673
                   0.721                      -10.558719
                  0.7245                      -10.268264
                   0.728                      -9.9812285
                  0.7315                      -9.6985618
                   0.735                      -9.4212689
                  0.7385                      -9.1503961
                   0.742                      -8.8870188
                  0.7455                      -8.6322231
                   0.749                      -8.3871153
                  0.7525                      -8.1527735
                   0.756                      -7.9302776
                  0.7595                      -7.7206225
                   0.763                       -7.524772
                  0.7665                      -7.3435774
                    0.77                      -7.1777844
                  0.7735                      -7.0280298
                   0.777                      -6.8947769
                  0.7805                      -6.7783609
                   0.784                      -6.6789402
                  0.7875                      -6.5965121
                   0.791                      -6.5309254
                  0.7945                      -6.4818631
                   0.798                      -6.4488813
                  0.8015                      -6.4314074
                   0.805                      -6.4287742
                  0.8085                      -6.4402294
                   0.812                      -6.4649651
                  0.8155                      -6.5021295
                   0.819                      -6.5508548
                  0.8225                      -6.6102685
                   0.826                      -6.6795011
                  0.8295                      -6.7577113
                   0.833                      -6.8440877
                  0.8365                      -6.9378546
                    0.84                      -7.0382684
                  0.8435                      -7.1446318
                   0.847                      -7.2562939
                  0.8505                      -7.3726369
                   0.854                      -7.4930852
                  0.8575                      -7.6170993
                   0.861                      -7.7441832
                  0.8645                      -7.8738628
                   0.868                      -8.0056911
                  0.8715                      -8.1392536
                   0.875                      -8.2741702
                  0.8785                      -8.4100703
                   0.882                      -8.5466116
                  0.8855                       -8.683473
                   0.889                      -8.8203602
                  0.8925                      -8.9569933
                   0.896                      -9.0931056
                  0.8995                      -9.2284698
                   0.903                      -9.3628679
                  0.9065                      -9.4961008
                    0.91                      -9.6279892
                  0.9135                      -9.7583791
                   0.917                      -9.8871357
                  0.9205                      -10.014146
                   0.924                      -10.139301
                  0.9275                      -10.262533
                   0.931                      -10.383779
                  0.9345                      -10.502991
                   0.938                       -10.62014
                  0.9415                      -10.735213
                   0.945                      -10.848207
                  0.9485                      -10.959136
                   0.952                      -11.068012
                  0.9555                      -11.174868
                   0.959                      -11.279742
                  0.9625                      -11.382672
                   0.966                      -11.483706
                  0.9695                      -11.582891
                   0.973                       -11.68028
                  0.9765                      -11.775927
                    0.98                      -11.869874
                  0.9835                      -11.962183
                   0.987                      -12.052897
                  0.9905                      -12.142066
                   0.994                      -12.229727
                  0.9975                      -12.315925
                   1.001                      -12.400702
                  1.0045                      -12.484084
                   1.008                      -12.566104
                  1.0115                      -12.646794
                   1.015                      -12.726172
                  1.0185                      -12.804265
                   1.022                      -12.881088
                  1.0255                       -12.95666
                   1.029                      -13.031002
                  1.0325                      -13.104124
                   1.036                      -13.176038
                  1.0395                      -13.246766
                   1.043                      -13.316316
                  1.0465                      -13.384708
                    1.05                      -13.451956
                  1.0535                      -13.518076
                   1.057                      -13.583093
                  1.0605                      -13.647024
                   1.064                      -13.709894
                  1.0675                      -13.771729
                   1.071                      -13.832557
                  1.0745                       -13.89241
                   1.078                      -13.951318
                  1.0815                      -14.009316
                   1.085                      -14.066444
                  1.0885                      -14.122737
                   1.092                      -14.178237
                  1.0955                      -14.232986
                   1.099                      -14.287029
                  1.1025                      -14.340409
                   1.106                      -14.393172
                  1.1095                      -14.445361
                   1.113                       -14.49703
                  1.1165                      -14.548217
                    1.12                      -14.598971
                  1.1235                      -14.649341
                   1.127                      -14.699372
                  1.1305                      -14.749109
                   1.134                      -14.798598
                  1.1375                      -14.847881
                   1.141                      -14.897005
                  1.1445                      -14.946012
                   1.148                       -14.99494
                  1.1515                      -15.043836
                   1.155                      -15.092735
                  1.1585                      -15.141682
                   1.162                      -15.190712
                  1.1655                      -15.239861
                   1.169                      -15.289172
                  1.1725                      -15.338676
                   1.176                      -15.388408
                  1.1795                      -15.438407
                   1.183                      -15.488705
                  1.1865                      -15.539339
                    1.19                      -15.590337
                  1.1935                       -15.64173
                   1.197                      -15.693557
                  1.2005                      -15.745842
                   1.204                      -15.798614
                  1.2075                      -15.851905
                   1.211                      -15.905741
                  1.2145                      -15.960151
                   1.218                      -16.015158
                  1.2215                      -16.070781
                   1.225                      -16.127052
                  1.2285                      -16.183984
                   1.232                      -16.241595
                  1.2355                      -16.299906
                   1.239                      -16.358929
                  1.2425                      -16.418681
                   1.246                      -16.479167
                  1.2495                      -16.540394
                   1.253                      -16.602375
                  1.2565                      -16.665105
                    1.26                      -16.728586
                  1.2635                       -16.79282
                   1.267                      -16.857796
                  1.2705                      -16.923516
                   1.274                      -16.989962
                  1.2775                      -17.057123
                   1.281                       -17.12499
                  1.2845                      -17.193539
                   1.288                       -17.26275
                  1.2915                       -17.33261
                   1.295                      -17.403086
                  1.2985                      -17.474165
                   1.302                      -17.545809
                  1.3055                      -17.617992
                   1.309                      -17.690691
                  1.3125                      -17.763869
                   1.316                      -17.837493
                  1.3195                      -17.911537
                   1.323                      -17.985962
                  1.3265                      -18.060745
                    1.33                      -18.135844
                  1.3335                      -18.211226
                   1.337                      -18.286867
                  1.3405                      -18.362727
                   1.344                      -18.438775
                  1.3475                      -18.514986
                   1.351                      -18.591327
                  1.3545                      -18.667777
                   1.358                      -18.744304
                  1.3615                       -18.82088
                   1.365                      -18.897495
                  1.3685                      -18.974117
                   1.372                      -19.050725
                  1.3755                      -19.127314
                   1.379                       -19.20386
                  1.3825                      -19.280358
                   1.386                      -19.356791
                  1.3895                       -19.43315
                   1.393                      -19.509437
                  1.3965                      -19.585639
                     1.4                      -19.661754
                  1.4035                       -19.73779
                   1.407                      -19.813738
                  1.4105                      -19.889615
                   1.414                      -19.965415
                  1.4175                      -20.041144
                   1.421                      -20.116818
                  1.4245                       -20.19244
                   1.428                      -20.268018
                  1.4315                       -20.34357
                   1.435                      -20.419102
                  1.4385                      -20.494636
                   1.442                      -20.570176
                  1.4455                      -20.645737
                   1.449                      -20.721342
                  1.4525                      -20.796992
                   1.456                      -20.872713
                  1.4595                      -20.948518
                   1.463                      -21.024417
                  1.4665                      -21.100437
                    1.47                      -21.176586
                  1.4735                      -21.252878
                   1.477                      -21.329343
                  1.4805                      -21.405984
                   1.484                      -21.482831
                  1.4875                      -21.559899
                   1.491                      -21.637206
                  1.4945                      -21.714786
                   1.498                      -21.792652
                  1.5015                      -21.870829
                   1.505                      -21.949356
                  1.5085                      -22.028251
                   1.512                      -22.107556
                  1.5155                      -22.187302
                   1.519                      -22.267526
                  1.5225                      -22.348277
                   1.526                      -22.429589
                  1.5295                       -22.51151
                   1.533                      -22.594096
                  1.5365                      -22.677386
                    1.54                       -22.76144
                  1.5435                      -22.846309
                   1.547                      -22.932039
                  1.5505                      -23.018687
                   1.554                      -23.106296
                  1.5575                        -23.1949
                   1.561                      -23.284547
                  1.5645                      -23.375248
                   1.568                      -23.467025
                  1.5715                      -23.559869
                   1.575                       -23.65376
                  1.5785                      -23.748661
                   1.582                      -23.844498
                  1.5855                       -23.94117
                   1.589                      -24.038558
                  1.5925                       -24.13648
                   1.596                      -24.234735
                  1.5995                      -24.333065
                   1.603                      -24.431163
                  1.6065                      -24.528685
                    1.61                      -24.625212
                  1.6135                       -24.72028
                   1.617                      -24.813378
                  1.6205                      -24.903923
                   1.624                      -24.991301
                  1.6275                      -25.074837
                   1.631                      -25.153822
                  1.6345                      -25.227526
                   1.638                      -25.295184
                  1.6415                      -25.356043
                   1.645                      -25.409354
                  1.6485                      -25.454393
                   1.652                      -25.490492
                  1.6555                      -25.517044
                   1.659                       -25.53352
                  1.6625                      -25.539497
                   1.666                      -25.534658
                  1.6695                      -25.518811
                   1.673                      -25.491888
                  1.6765                      -25.453959
                    1.68                      -25.405215
                  1.6835                      -25.345967
                   1.687                      -25.276644
                  1.6905                      -25.197758
                   1.694                      -25.109923
                  1.6975                      -25.013798
                   1.701                      -24.910093
                  1.7045                      -24.799568
                   1.708                      -24.682968
                  1.7115                      -24.561055
                   1.715                      -24.434581
                  1.7185                      -24.304256
                   1.722                       -24.17079
                  1.7255                      -24.034825
                   1.729                      -23.896972
                  1.7325                      -23.757816
                   1.736                      -23.617862
                  1.7395                      -23.477592
                   1.743                      -23.337439
                  1.7465                      -23.197774
                    1.75                       -23.05896
                  1.7535                      -22.921286
                   1.757                      -22.785017
                  1.7605                        -22.6504
                   1.764                      -22.517619
                  1.7675                      -22.386848
                   1.771                      -22.258237
                  1.7745                      -22.131893
                   1.778                      -22.007931
                  1.7815                      -21.886417
                   1.785                      -21.767413
                  1.7885                      -21.650978
                   1.792                      -21.537134
                  1.7955                      -21.425907
                   1.799                        -21.3173
                  1.8025                      -21.211316
                   1.806                      -21.107957
                  1.8095                      -21.007198
                   1.813                      -20.909019
                  1.8165                      -20.813403
                    1.82                       -20.72031
                  1.8235                      -20.629711
                   1.827                      -20.541561
                  1.8305                      -20.455821
                   1.834                      -20.372454
                  1.8375                      -20.291407
                   1.841                       -20.21263
                  1.8445                      -20.136084
                   1.848                      -20.061711
                  1.8515                      -19.989462
                   1.855                      -19.919285
                  1.8585                      -19.851124
                   1.862                      -19.784932
                  1.8655                      -19.720653
                   1.869                       -19.65823
                  1.8725                      -19.597618
                   1.876                      -19.538758
                  1.8795                        -19.4816
                   1.883                      -19.426088
                  1.8865                       -19.37217
                    1.89                      -19.319799
                  1.8935                       -19.26892
                   1.897                      -19.219481
                  1.9005                      -19.171437
                   1.904                      -19.124735
                  1.9075                      -19.079327
                   1.911                      -19.035163
                  1.9145                      -18.992194
                   1.918                       -18.95038
                  1.9215                      -18.909668
                   1.925                      -18.870013
                  1.9285                      -18.831375
                   1.932                      -18.793703
                  1.9355                      -18.756958
                   1.939                      -18.721094
                  1.9425                      -18.686066
                   1.946                      -18.651837
                  1.9495                      -18.618362
                   1.953                      -18.585598
                  1.9565                       -18.55351
                    1.96                      -18.522053
                  1.9635                      -18.491187
                   1.967                      -18.460877
                  1.9705                      -18.431081
                   1.974                      -18.401767
                  1.9775                      -18.372894
                   1.981                      -18.344426
                  1.9845                      -18.316334
                   1.988                      -18.288583
                  1.9915                      -18.261138
                   1.995                      -18.233969
                  1.9985                      -18.207051
                   2.002                      -18.180354
                  2.0055                      -18.153856
                   2.009                      -18.127525
                  2.0125                      -18.101349
                   2.016                      -18.075307
                  2.0195                      -18.049377
                   2.023                      -18.023547
                  2.0265                      -17.997804
                    2.03                      -17.972133
                  2.0335                      -17.946533
                   2.037                      -17.920991
                  2.0405                      -17.895507
                   2.044                      -17.870077
                  2.0475                      -17.844699
                   2.051                      -17.819379
                  2.0545                      -17.794113
                   2.058                      -17.768913
                  2.0615                      -17.743782
                   2.065                      -17.718724
                  2.0685                      -17.693751
                   2.072                      -17.668874
                  2.0755                      -17.644096
                   2.079                      -17.619431
                  2.0825                      -17.594889
                   2.086                      -17.570481
                  2.0895                      -17.546216
                   2.093                      -17.522106
                  2.0965                      -17.498159
                     2.1                      -17.474387
                  2.1035                      -17.450799
                   2.107                      -17.427407
                  2.1105                      -17.404213
                   2.114                      -17.381231
                  2.1175                      -17.358471
                   2.121                      -17.335937
                  2.1245                      -17.313639
                   2.128                      -17.291588
                  2.1315                       -17.26979
                   2.135                      -17.248255
                  2.1385                      -17.226994
                   2.142                      -17.206017
                  2.1455                      -17.185336
                   2.149                      -17.164963
                  2.1525                      -17.144913
                   2.156                      -17.125203
                  2.1595                      -17.105848
                   2.163                       -17.08687
                  2.1665                      -17.068286
                    2.17                      -17.050118
                  2.1735                      -17.032395
                   2.177                      -17.015142
                  2.1805                      -16.998385
                   2.184                      -16.982154
                  2.1875                      -16.966478
                   2.191                      -16.951391
                  2.1945                      -16.936925
                   2.198                      -16.923114
                  2.2015                      -16.909991
                   2.205                      -16.897591
                  2.2085                       -16.88595
                   2.212                      -16.875095
                  2.2155                      -16.865067
                   2.219                      -16.855893
                  2.2225                      -16.847603
                   2.226                      -16.840226
                  2.2295                      -16.833791
                   2.233                      -16.828318
                  2.2365                      -16.823832
                    2.24                      -16.820349
                  2.2435                      -16.817888
                   2.247                      -16.816462
                  2.2505                      -16.816084
                   2.254                      -16.816757
                  2.2575                      -16.818492
                   2.261                      -16.821288
                  2.2645                      -16.825149
                   2.268                      -16.830073
                  2.2715                      -16.836052
                   2.275                      -16.843088
                  2.2785                      -16.851169
                   2.282                      -16.860295
                  2.2855                      -16.870449
                   2.289                      -16.881629
                  2.2925                      -16.893824
                   2.296                      -16.907029
                  2.2995                      -16.921233
                   2.303                      -16.936429
                  2.3065                      -16.952614
                    2.31                       -16.96978
                  2.3135                      -16.987923
                   2.317                       -17.00704
                  2.3205                       -17.02713
                   2.324                      -17.048188
                  2.3275                      -17.070216
                   2.331                      -17.093209
                  2.3345                      -17.117172
                   2.338                      -17.142107
                  2.3415                      -17.168006
                   2.345                       -17.19487
                  2.3485                      -17.222696
                   2.352                      -17.251481
                  2.3555                      -17.281221
                   2.359                      -17.311908
                  2.3625                      -17.343532
                   2.366                      -17.376077
                  2.3695                       -17.40954
                   2.373                      -17.443888
                  2.3765                       -17.47911
                    2.38                      -17.515179
                  2.3835                      -17.552074
                   2.387                      -17.589759
                  2.3905                      -17.628206
                   2.394                      -17.667384
                  2.3975                       -17.70725
                   2.401                      -17.747775
                  2.4045                      -17.788909
                   2.408                      -17.830621
                  2.4115                      -17.872871
                   2.415                      -17.915609
                  2.4185                      -17.958806
                   2.422                      -18.002416
                  2.4255                      -18.046406
                   2.429                      -18.090732
                  2.4325                      -18.135364
                   2.436                      -18.180269
                  2.4395                      -18.225416
                   2.443                      -18.270775
                  2.4465                      -18.316328
                    2.45                      -18.362052
                  2.4535                      -18.407924
                   2.457                      -18.453929
                  2.4605                      -18.500052
                   2.464                      -18.546282
                  2.4675                      -18.592614
                   2.471                      -18.639041
                  2.4745                       -18.68555
                   2.478                      -18.732144
                  2.4815                      -18.778819
                   2.485                      -18.825559
                  2.4885                      -18.872372
                   2.492                      -18.919251
                  2.4955                      -18.966186
                   2.499                      -19.013168
                  2.5025                      -19.060199
                   2.506                      -19.107265
                  2.5095                      -19.154348
                   2.513                       -19.20144
                  2.5165                      -19.248516
                    2.52                      -19.295565
                  2.5235                      -19.342565
                   2.527                      -19.389496
                  2.5305                      -19.436323
                   2.534                      -19.483028
                  2.5375                      -19.529589
                   2.541                      -19.575967
                  2.5445                      -19.622139
                   2.548                      -19.668076
                  2.5515                      -19.713751
                   2.555                      -19.759132
                  2.5585                      -19.804206
                   2.562                      -19.848935
                  2.5655                      -19.893306
                   2.569                      -19.937296
                  2.5725                      -19.980887
                   2.576                      -20.024067
                  2.5795                      -20.066827
                   2.583                       -20.10916
                  2.5865                      -20.151063
                    2.59                      -20.192527
                  2.5935                      -20.233566
                   2.597                      -20.274182
                  2.6005                      -20.314375
                   2.604                      -20.354162
                  2.6075                      -20.393556
                   2.611                      -20.432575
                  2.6145                      -20.471227
                   2.618                       -20.50953
                  2.6215                      -20.547508
                   2.625                      -20.585164
                  2.6285                      -20.622528
                   2.632                      -20.659607
                  2.6355                      -20.696417
                   2.639                      -20.732973
                  2.6425                      -20.769288
                   2.646                      -20.805357
                  2.6495                      -20.841203
                   2.653                       -20.87682
                  2.6565                      -20.912214
                    2.66                      -20.947377
                  2.6635                      -20.982311
                   2.667                      -21.017008
                  2.6705                      -21.051469
                   2.674                       -21.08568
                  2.6775                      -21.119628
                   2.681                      -21.153302
                  2.6845                      -21.186697
                   2.688                      -21.219801
                  2.6915                      -21.252601
                   2.695                       -21.28509
                  2.6985                      -21.317258
                   2.702                      -21.349096
                  2.7055                      -21.380603
                   2.709                      -21.411775
                  2.7125                      -21.442611
                   2.716                      -21.473112
                  2.7195                      -21.503289
                   2.723                      -21.533143
                  2.7265                      -21.562692
                    2.73                      -21.591947
                  2.7335                      -21.620917
                   2.737                       -21.64963
                  2.7405                      -21.678101
                   2.744                      -21.706356
                  2.7475                      -21.734414
                   2.751                      -21.762304
                  2.7545                      -21.790046
                   2.758                      -21.817666
                  2.7615                      -21.845193
                   2.765                      -21.872642
                  2.7685                      -21.900043
                   2.772                      -21.927412
                  2.7755                      -21.954766
                   2.779                      -21.982123
                  2.7825                      -22.009505
                   2.786                      -22.036913
                  2.7895                      -22.064356
                   2.793                      -22.091843
                  2.7965                       -22.11938
                     2.8                      -22.146962
                  2.8035                      -22.174586
                   2.807                      -22.202254
                  2.8105                      -22.229954
                   2.814                      -22.257676
                  2.8175                      -22.285413
                   2.821                      -22.313158
                  2.8245                       -22.34089
                   2.828                      -22.368606
                  2.8315                       -22.39629
                   2.835                      -22.423937
                  2.8385                       -22.45153
                   2.842                      -22.479067
                  2.8455                       -22.50654
                   2.849                      -22.533941
                  2.8525                      -22.561275
                   2.856                      -22.588529
                  2.8595                      -22.615723
                   2.863                      -22.642853
                  2.8665                      -22.669924
                    2.87                      -22.696952
                  2.8735                       -22.72395
                   2.877                      -22.750932
                  2.8805                      -22.777906
                   2.884                      -22.804901
                  2.8875                      -22.831926
                   2.891                      -22.859011
                  2.8945                      -22.886168
                   2.898                      -22.913423
                  2.9015                      -22.940787
                   2.905                      -22.968286
                  2.9085                      -22.995935
                   2.912                      -23.023747
                  2.9155                      -23.051735
                   2.919                      -23.079919
                  2.9225                      -23.108297
                   2.926                      -23.136883
                  2.9295                      -23.165677
                   2.933                       -23.19468
                  2.9365                      -23.223892
                    2.94                      -23.253309
                  2.9435                      -23.282919
                   2.947                      -23.312721
                  2.9505                        -23.3427
                   2.954                      -23.372846
                  2.9575                      -23.403136
                   2.961                      -23.433561
                  2.9645                      -23.464116
                   2.968                      -23.494768
                  2.9715                      -23.525513
                   2.975                      -23.556326
                  2.9785                      -23.587202
                   2.982                      -23.618125
                  2.9855                      -23.649089
                   2.989                      -23.680079
                  2.9925                      -23.711091
                   2.996                      -23.742118
                  2.9995                      -23.773158
                   3.003                       -23.80422
                  3.0065                        -23.8353
                    3.01                      -23.866405
                  3.0135                      -23.897541
                   3.017                      -23.928722
                  3.0205                      -23.959959
                   3.024                      -23.991265
                  3.0275                      -24.022653
                   3.031                       -24.05414
                  3.0345                      -24.085741
                   3.038                      -24.117478
                  3.0415                       -24.14936
                   3.045                      -24.181405
                  3.0485                      -24.213628
                   3.052                       -24.24604
                  3.0555                      -24.278645
                   3.059                      -24.311467
                  3.0625                        -24.3445
                   3.066                      -24.377757
                  3.0695                       -24.41123
                   3.073                      -24.444923
                  3.0765                      -24.478831
                    3.08                      -24.512951
                  3.0835                      -24.547266
                   3.087                       -24.58177
                  3.0905                       -24.61645
                   3.094                      -24.651288
                  3.0975                      -24.686269
                   3.101                      -24.721373
                  3.1045                      -24.756584
                   3.108                      -24.791881
                  3.1115                      -24.827242
                   3.115                      -24.862655
                  3.1185                      -24.898101
                   3.122                      -24.933559
                  3.1255                      -24.969021
                   3.129                      -25.004465
                  3.1325                      -25.039888
                   3.136                      -25.075278
                  3.1395                      -25.110636
                   3.143                       -25.14595
                  3.1465                       -25.18122
                    3.15                      -25.216458
                  3.1535                      -25.251661
                   3.157                      -25.286838
                  3.1605                      -25.321999
                   3.164                      -25.357155
                  3.1675                      -25.392315
                   3.171                      -25.427502
                  3.1745                      -25.462727
                   3.178                      -25.498005
                  3.1815                      -25.533352
                   3.185                      -25.568781
                  3.1885                      -25.604307
                   3.192                      -25.639949
                  3.1955                      -25.675714
                   3.199                      -25.711614
                  3.2025                      -25.747651
                   3.206                      -25.783836
                  3.2095                      -25.820174
                   3.213                      -25.856655
                  3.2165                      -25.893283
                    3.22                      -25.930053
                  3.2235                      -25.966949
                   3.227                      -26.003972
                  3.2305                      -26.041101
                   3.234                      -26.078323
                  3.2375                      -26.115623
                   3.241                      -26.152974
                  3.2445                       -26.19037
                   3.248                      -26.227779
                  3.2515                      -26.265188
                   3.255                      -26.302578
                  3.2585                      -26.339923
                   3.262                      -26.377215
                  3.2655                      -26.414433
                   3.269                      -26.451562
                  3.2725                      -26.488593
                   3.276                      -26.525515
                  3.2795                      -26.562323
                   3.283                      -26.599016
                  3.2865                      -26.635588
                    3.29                       -26.67205
                  3.2935                        -26.7084
                   3.297                      -26.744654
                  3.3005                      -26.780819
                   3.304                      -26.816914
                  3.3075                      -26.852954
                   3.311                      -26.888953
                  3.3145                      -26.924933
                   3.318                      -26.960918
                  3.3215                      -26.996926
                   3.325                      -27.032979
                  3.3285                      -27.069094
                   3.332                      -27.105293
                  3.3355                      -27.141592
                   3.339                      -27.178009
                  3.3425                      -27.214558
                   3.346                      -27.251253
                  3.3495                      -27.288095
                   3.353                      -27.325089
                  3.3565                      -27.362243
                    3.36                      -27.399555
                  3.3635                      -27.437021
                   3.367                      -27.474632
                  3.3705                      -27.512375
                   3.374                      -27.550243
                  3.3775                      -27.588225
                   3.381                      -27.626291
                  3.3845                      -27.664428
                   3.388                      -27.702618
                  3.3915                      -27.740841
                   3.395                      -27.779075
                  3.3985                        -27.8173
                   3.402                      -27.855495
                  3.4055                      -27.893647
                   3.409                      -27.931734
                  3.4125                      -27.969745
                   3.416                      -28.007673
                  3.4195                      -28.045502
                   3.423                      -28.083234
                  3.4265                      -28.120864
                    3.43                      -28.158395
                  3.4335                      -28.195836
                   3.437                      -28.233189
                  3.4405                       -28.27047
                   3.444                       -28.30769
                  3.4475                      -28.344873
                   3.451                      -28.382033
                  3.4545                      -28.419193
                   3.458                      -28.456379
                  3.4615                      -28.493607
                   3.465                      -28.530902
                  3.4685                      -28.568289
                   3.472                       -28.60579
                  3.4755                      -28.643421
                   3.479                      -28.681202
                  3.4825                      -28.719144
                   3.486                      -28.757265
                  3.4895                      -28.795571
                   3.493                      -28.834064
                  3.4965                      -28.872746
                     3.5                      -28.911611
