Frequency    S2,1_[5]

                       0                      -206.06104
                  0.0035                      -206.06104
                   0.007                      -206.06104
                  0.0105                      -206.06104
                   0.014                      -206.06104
                  0.0175                      -198.13683
                   0.021                      -190.23679
                  0.0245                      -183.55965
                   0.028                      -177.77815
                  0.0315                      -172.68089
                   0.035                      -168.12329
                  0.0385                      -164.00206
                   0.042                      -160.24077
                  0.0455                      -156.78126
                   0.049                      -153.57817
                  0.0525                      -150.59548
                   0.056                      -147.80402
                  0.0595                      -145.17991
                   0.063                      -142.70327
                  0.0665                      -140.35743
                    0.07                      -138.12828
                  0.0735                      -136.00376
                   0.077                      -133.97352
                  0.0805                       -132.0286
                   0.084                      -130.16126
                  0.0875                      -128.36473
                   0.091                      -126.63313
                  0.0945                      -124.96127
                   0.098                      -123.34465
                  0.1015                      -121.77926
                   0.105                      -120.26161
                  0.1085                      -118.78858
                   0.112                      -117.35744
                  0.1155                      -115.96574
                   0.119                       -114.6113
                  0.1225                      -113.29215
                   0.126                      -112.00655
                  0.1295                      -110.75287
                   0.133                      -109.52965
                  0.1365                      -108.33553
                    0.14                      -107.16926
                  0.1435                      -106.02963
                   0.147                      -104.91555
                  0.1505                      -103.82593
                   0.154                      -102.75974
                  0.1575                      -101.71601
                   0.161                      -100.69375
                  0.1645                      -99.692037
                   0.168                      -98.709938
                  0.1715                       -97.74655
                   0.175                       -96.80098
                  0.1785                      -95.872351
                   0.182                      -94.959805
                  0.1855                      -94.062494
                   0.189                      -93.179597
                  0.1925                      -92.310308
                   0.196                      -91.453846
                  0.1995                      -90.609459
                   0.203                      -89.776428
                  0.2065                      -88.954064
                    0.21                      -88.141718
                  0.2135                      -87.338784
                   0.217                      -86.544695
                  0.2205                      -85.758933
                   0.224                      -84.981027
                  0.2275                      -84.210551
                   0.231                      -83.447129
                  0.2345                      -82.690427
                   0.238                      -81.940163
                  0.2415                      -81.196088
                   0.245                      -80.457998
                  0.2485                      -79.725721
                   0.252                      -78.999115
                  0.2555                       -78.27806
                   0.259                      -77.562465
                  0.2625                      -76.852244
                   0.266                       -76.14733
                  0.2695                      -75.447654
                   0.273                      -74.753154
                  0.2765                      -74.063758
                    0.28                      -73.379396
                  0.2835                      -72.699979
                   0.287                       -72.02541
                  0.2905                      -71.355571
                   0.294                      -70.690336
                  0.2975                      -70.029551
                   0.301                      -69.373051
                  0.3045                      -68.720647
                   0.308                      -68.072137
                  0.3115                      -67.427294
                   0.315                      -66.785887
                  0.3185                      -66.147659
                   0.322                       -65.51235
                  0.3255                      -64.879688
                   0.329                      -64.249395
                  0.3325                      -63.621189
                   0.336                      -62.994789
                  0.3395                      -62.369917
                   0.343                      -61.746303
                  0.3465                      -61.123679
                    0.35                      -60.501798
                  0.3535                      -59.880417
                   0.357                      -59.259321
                  0.3605                      -58.638298
                   0.364                      -58.017165
                  0.3675                      -57.395753
                   0.371                      -56.773914
                  0.3745                      -56.151515
                   0.378                      -55.528448
                  0.3815                      -54.904611
                   0.385                      -54.279927
                  0.3885                      -53.654321
                   0.392                      -53.027738
                  0.3955                       -52.40012
                   0.399                      -51.771425
                  0.4025                      -51.141604
                   0.406                      -50.510614
                  0.4095                      -49.878405
                   0.413                      -49.244918
                  0.4165                        -48.6101
                    0.42                      -47.973871
                  0.4235                      -47.336153
                   0.427                      -46.696847
                  0.4305                      -46.055849
                   0.434                      -45.413029
                  0.4375                      -44.768255
                   0.441                      -44.121372
                  0.4445                      -43.472221
                   0.448                       -42.82062
                  0.4515                      -42.166391
                   0.455                      -41.509339
                  0.4585                      -40.849274
                   0.462                      -40.185997
                  0.4655                       -39.51933
                   0.469                      -38.849093
                  0.4725                      -38.175139
                   0.476                      -37.497338
                  0.4795                      -36.815611
                   0.483                      -36.129918
                  0.4865                      -35.440293
                    0.49                      -34.746844
                  0.4935                      -34.049785
                   0.497                      -33.349438
                  0.5005                      -32.646287
                   0.504                      -31.940981
                  0.5075                       -31.23436
                   0.511                      -30.527515
                  0.5145                        -29.8218
                   0.518                      -29.118876
                  0.5215                      -28.420722
                   0.525                      -27.729682
                  0.5285                      -27.048465
                   0.532                       -26.38012
                  0.5355                      -25.727995
                   0.539                      -25.095685
                  0.5425                       -24.48688
                   0.546                      -23.905226
                  0.5495                      -23.354112
                   0.553                      -22.836471
                  0.5565                      -22.354559
                    0.56                      -21.909787
                  0.5635                      -21.502569
                   0.567                       -21.13233
                  0.5705                      -20.797532
                   0.574                      -20.495789
                  0.5775                       -20.22408
                   0.581                       -19.97893
                  0.5845                      -19.756648
                   0.588                      -19.553506
                  0.5915                      -19.365895
                   0.595                      -19.190439
                  0.5985                      -19.024062
                   0.602                      -18.864026
                  0.6055                       -18.70795
                   0.609                      -18.553789
                  0.6125                      -18.399807
                   0.616                      -18.244561
                  0.6195                      -18.086856
                   0.623                      -17.925718
                  0.6265                      -17.760364
                    0.63                      -17.590167
                  0.6335                      -17.414634
                   0.637                      -17.233385
                  0.6405                      -17.046137
                   0.644                      -16.852673
                  0.6475                      -16.652853
                   0.651                      -16.446589
                  0.6545                      -16.233827
                   0.658                      -16.014561
                  0.6615                      -15.788822
                   0.665                      -15.556653
                  0.6685                      -15.318137
                   0.672                      -15.073382
                  0.6755                      -14.822505
                   0.679                      -14.565653
                  0.6825                      -14.303007
                   0.686                      -14.034764
                  0.6895                      -13.761131
                   0.693                      -13.482378
                  0.6965                      -13.198777
                     0.7                       -12.91065
                  0.7035                      -12.618355
                   0.707                      -12.322299
                  0.7105                      -12.022928
                   0.714                      -11.720749
                  0.7175                      -11.416325
                   0.721                      -11.110296
                  0.7245                      -10.803359
                   0.728                      -10.496305
                  0.7315                      -10.189996
                   0.735                      -9.8853835
                  0.7385                      -9.5835203
                   0.742                      -9.2855444
                  0.7455                      -8.9926792
                   0.749                      -8.7062448
                  0.7525                      -8.4276201
                   0.756                      -8.1582736
                  0.7595                      -7.8996759
                   0.763                      -7.6533513
                  0.7665                      -7.4207821
                    0.77                      -7.2034015
                  0.7735                      -7.0025682
                   0.777                      -6.8194719
                  0.7805                      -6.6551587
                   0.784                      -6.5104419
                  0.7875                      -6.3858937
                   0.791                      -6.2818352
                  0.7945                      -6.1982978
                   0.798                       -6.135053
                  0.8015                      -6.0916075
                   0.805                      -6.0672424
                  0.8085                      -6.0610381
                   0.812                      -6.0719189
                  0.8155                      -6.0986867
                   0.819                      -6.1400734
                  0.8225                      -6.1947714
                   0.826                      -6.2614637
                  0.8295                      -6.3388674
                   0.833                      -6.4257459
                  0.8365                       -6.520932
                    0.84                      -6.6233243
                  0.8435                      -6.7319108
                   0.847                      -6.8457732
                  0.8505                      -6.9640664
                   0.854                      -7.0860343
                  0.8575                      -7.2109953
                   0.861                      -7.3383508
                  0.8645                      -7.4675561
                   0.868                      -7.5981249
                  0.8715                      -7.7296284
                   0.875                      -7.8616936
                  0.8785                      -7.9939769
                   0.882                      -8.1261757
                  0.8855                        -8.25802
                   0.889                      -8.3892765
                  0.8925                      -8.5197297
                   0.896                      -8.6491818
                  0.8995                       -8.777476
                   0.903                      -8.9044636
                  0.9065                       -9.030014
                    0.91                      -9.1540129
                  0.9135                      -9.2763686
                   0.917                       -9.397004
                  0.9205                      -9.5158601
                   0.924                      -9.6328769
                  0.9275                        -9.74803
                   0.931                      -9.8612982
                  0.9345                      -9.9726696
                   0.938                      -10.082146
                  0.9415                      -10.189743
                   0.945                      -10.295483
                  0.9485                      -10.399402
                   0.952                      -10.501532
                  0.9555                      -10.601924
                   0.959                       -10.70063
                  0.9625                      -10.797703
                   0.966                      -10.893204
                  0.9695                      -10.987192
                   0.973                      -11.079728
                  0.9765                      -11.170878
                    0.98                      -11.260691
                  0.9835                      -11.349238
                   0.987                       -11.43657
                  0.9905                      -11.522742
                   0.994                      -11.607799
                  0.9975                      -11.691789
                   1.001                       -11.77476
                  1.0045                      -11.856741
                   1.008                      -11.937768
                  1.0115                      -12.017874
                   1.015                      -12.097078
                  1.0185                      -12.175406
                   1.022                      -12.252875
                  1.0255                      -12.329497
                   1.029                      -12.405292
                  1.0325                      -12.480266
                   1.036                      -12.554424
                  1.0395                      -12.627782
                   1.043                      -12.700341
                  1.0465                      -12.772111
                    1.05                        -12.8431
                  1.0535                      -12.913313
                   1.057                      -12.982764
                  1.0605                      -13.051459
                   1.064                      -13.119411
                  1.0675                      -13.186636
                   1.071                      -13.253149
                  1.0745                      -13.318969
                   1.078                      -13.384115
                  1.0815                      -13.448607
                   1.085                      -13.512475
                  1.0885                      -13.575739
                   1.092                      -13.638428
                  1.0955                      -13.700571
                   1.099                      -13.762201
                  1.1025                      -13.823348
                   1.106                      -13.884043
                  1.1095                      -13.944317
                   1.113                      -14.004211
                  1.1165                      -14.063751
                    1.12                      -14.122969
                  1.1235                      -14.181902
                   1.127                      -14.240582
                  1.1305                       -14.29904
                   1.134                      -14.357306
                  1.1375                      -14.415407
                   1.141                      -14.473378
                  1.1445                      -14.531242
                   1.148                      -14.589025
                  1.1515                      -14.646755
                   1.155                      -14.704453
                  1.1585                      -14.762148
                   1.162                      -14.819857
                  1.1655                      -14.877599
                   1.169                      -14.935402
                  1.1725                       -14.99328
                   1.176                      -15.051249
                  1.1795                      -15.109334
                   1.183                      -15.167549
                  1.1865                      -15.225916
                    1.19                      -15.284446
                  1.1935                      -15.343156
                   1.197                      -15.402071
                  1.2005                        -15.4612
                   1.204                      -15.520559
                  1.2075                      -15.580168
                   1.211                      -15.640043
                  1.2145                      -15.700202
                   1.218                      -15.760659
                  1.2215                      -15.821427
                   1.225                      -15.882529
                  1.2285                      -15.943975
                   1.232                      -16.005777
                  1.2355                      -16.067956
                   1.239                       -16.13052
                  1.2425                       -16.19349
                   1.246                      -16.256869
                  1.2495                      -16.320668
                   1.253                      -16.384903
                  1.2565                      -16.449575
                    1.26                       -16.51469
                  1.2635                      -16.580259
                   1.267                      -16.646279
                  1.2705                       -16.71276
                   1.274                      -16.779693
                  1.2775                      -16.847076
                   1.281                      -16.914915
                  1.2845                      -16.983192
                   1.288                      -17.051904
                  1.2915                      -17.121045
                   1.295                      -17.190597
                  1.2985                       -17.26056
                   1.302                      -17.330907
                  1.3055                      -17.401625
                   1.309                      -17.472706
                  1.3125                      -17.544123
                   1.316                      -17.615857
                  1.3195                      -17.687896
                   1.323                      -17.760211
                  1.3265                      -17.832793
                    1.33                      -17.905611
                  1.3335                      -17.978646
                   1.337                      -18.051883
                  1.3405                      -18.125295
                   1.344                      -18.198862
                  1.3475                      -18.272569
                   1.351                      -18.346392
                  1.3545                      -18.420322
                   1.358                      -18.494332
                  1.3615                      -18.568406
                   1.365                      -18.642539
                  1.3685                      -18.716706
                   1.372                      -18.790895
                  1.3755                      -18.865102
                   1.379                      -18.939308
                  1.3825                      -19.013514
                   1.386                      -19.087702
                  1.3895                      -19.161866
                   1.393                      -19.236007
                  1.3965                      -19.310113
                     1.4                      -19.384178
                  1.4035                      -19.458206
                   1.407                      -19.532187
                  1.4105                      -19.606129
                   1.414                      -19.680021
                  1.4175                      -19.753861
                   1.421                      -19.827657
                  1.4245                      -19.901401
                   1.428                      -19.975091
                  1.4315                      -20.048732
                   1.435                      -20.122319
                  1.4385                       -20.19586
                   1.442                      -20.269344
                  1.4455                      -20.342772
                   1.449                       -20.41615
                  1.4525                      -20.489465
                   1.456                      -20.562726
                  1.4595                      -20.635928
                   1.463                      -20.709067
                  1.4665                      -20.782149
                    1.47                      -20.855167
                  1.4735                      -20.928117
                   1.477                      -21.001012
                  1.4805                      -21.073838
                   1.484                      -21.146608
                  1.4875                       -21.21932
                   1.491                      -21.291977
                  1.4945                      -21.364597
                   1.498                      -21.437177
                  1.5015                      -21.509729
                   1.505                      -21.582278
                  1.5085                      -21.654828
                   1.512                      -21.727409
                  1.5155                      -21.800044
                   1.519                      -21.872757
                  1.5225                      -21.945589
                   1.526                      -22.018567
                  1.5295                      -22.091733
                   1.533                      -22.165136
                  1.5365                      -22.238814
                    1.54                      -22.312825
                  1.5435                      -22.387219
                   1.547                      -22.462045
                  1.5505                      -22.537363
                   1.554                       -22.61322
                  1.5575                       -22.68966
                   1.561                      -22.766738
                  1.5645                      -22.844476
                   1.568                       -22.92291
                  1.5715                      -23.002048
                   1.575                      -23.081883
                  1.5785                        -23.1624
                   1.582                      -23.243543
                  1.5855                      -23.325234
                   1.589                      -23.407377
                  1.5925                      -23.489816
                   1.596                      -23.572375
                  1.5995                      -23.654824
                   1.603                      -23.736883
                  1.6065                      -23.818236
                    1.61                      -23.898494
                  1.6135                      -23.977222
                   1.617                      -24.053939
                  1.6205                      -24.128091
                   1.624                      -24.199093
                  1.6275                      -24.266299
                   1.631                       -24.32903
                  1.6345                      -24.386581
                   1.638                      -24.438219
                  1.6415                      -24.483214
                   1.645                      -24.520845
                  1.6485                      -24.550416
                   1.652                       -24.57128
                  1.6555                      -24.582855
                   1.659                      -24.584639
                  1.6625                      -24.576228
                   1.666                      -24.557328
                  1.6695                      -24.527769
                   1.673                      -24.487503
                  1.6765                       -24.43662
                    1.68                      -24.375329
                  1.6835                      -24.303961
                   1.687                      -24.222962
                  1.6905                      -24.132859
                   1.694                      -24.034285
                  1.6975                      -23.927911
                   1.701                      -23.814463
                  1.7045                      -23.694714
                   1.708                       -23.56942
                  1.7115                      -23.439356
                   1.715                      -23.305284
                  1.7185                      -23.167922
                   1.722                       -23.02799
                  1.7255                      -22.886136
                   1.729                      -22.742978
                  1.7325                      -22.599104
                   1.736                      -22.455025
                  1.7395                      -22.311223
                   1.743                      -22.168134
                  1.7465                       -22.02613
                    1.75                      -21.885571
                  1.7535                      -21.746744
                   1.757                      -21.609911
                  1.7605                      -21.475313
                   1.764                      -21.343129
                  1.7675                      -21.213527
                   1.771                      -21.086645
                  1.7745                      -20.962584
                   1.778                      -20.841446
                  1.7815                      -20.723287
                   1.785                      -20.608156
                  1.7885                      -20.496097
                   1.792                      -20.387118
                  1.7955                       -20.28123
                   1.799                       -20.17842
                  1.8025                      -20.078674
                   1.806                      -19.981977
                  1.8095                      -19.888285
                   1.813                       -19.79756
                  1.8165                      -19.709767
                    1.82                      -19.624845
                  1.8235                      -19.542749
                   1.827                      -19.463413
                  1.8305                       -19.38678
                   1.834                      -19.312793
                  1.8375                      -19.241382
                   1.841                       -19.17248
                  1.8445                      -19.106027
                   1.848                      -19.041952
                  1.8515                      -18.980187
                   1.855                      -18.920665
                  1.8585                      -18.863315
                   1.862                      -18.808078
                  1.8655                      -18.754882
                   1.869                      -18.703661
                  1.8725                      -18.654356
                   1.876                      -18.606899
                  1.8795                       -18.56123
                   1.883                      -18.517286
                  1.8865                      -18.475006
                    1.89                      -18.434336
                  1.8935                      -18.395216
                   1.897                      -18.357589
                  1.9005                      -18.321404
                   1.904                      -18.286604
                  1.9075                      -18.253139
                   1.911                      -18.220957
                  1.9145                      -18.190005
                   1.918                       -18.16024
                  1.9215                       -18.13161
                   1.925                      -18.104067
                  1.9285                      -18.077569
                   1.932                      -18.052066
                  1.9355                      -18.027515
                   1.939                      -18.003873
                  1.9425                      -17.981092
                   1.946                      -17.959135
                  1.9495                      -17.937955
                   1.953                       -17.91751
                  1.9565                      -17.897762
                    1.96                      -17.878667
                  1.9635                      -17.860186
                   1.967                      -17.842281
                  1.9705                      -17.824912
                   1.974                      -17.808042
                  1.9775                      -17.791635
                   1.981                      -17.775654
                  1.9845                      -17.760067
                   1.988                      -17.744842
                  1.9915                      -17.729944
                   1.995                      -17.715344
                  1.9985                      -17.701016
                   2.002                      -17.686931
                  2.0055                      -17.673068
                   2.009                      -17.659399
                  2.0125                      -17.645908
                   2.016                      -17.632578
                  2.0195                      -17.619387
                   2.023                      -17.606324
                  2.0265                      -17.593376
                    2.03                      -17.580531
                  2.0335                      -17.567783
                   2.037                      -17.555124
                  2.0405                      -17.542551
                   2.044                      -17.530059
                  2.0475                      -17.517646
                   2.051                      -17.505312
                  2.0545                      -17.493056
                   2.058                      -17.480882
                  2.0615                      -17.468791
                   2.065                      -17.456784
                  2.0685                      -17.444865
                   2.072                       -17.43304
                  2.0755                      -17.421306
                   2.079                      -17.409671
                  2.0825                      -17.398136
                   2.086                      -17.386704
                  2.0895                      -17.375374
                   2.093                      -17.364151
                  2.0965                      -17.353032
                     2.1                      -17.342018
                  2.1035                      -17.331109
                   2.107                      -17.320304
                  2.1105                      -17.309598
                   2.114                      -17.298991
                  2.1175                      -17.288481
                   2.121                      -17.278063
                  2.1245                      -17.267734
                   2.128                      -17.257493
                  2.1315                      -17.247335
                   2.135                      -17.237258
                  2.1385                      -17.227262
                   2.142                      -17.217345
                  2.1455                      -17.207506
                   2.149                      -17.197748
                  2.1525                      -17.188073
                   2.156                      -17.178484
                  2.1595                      -17.168986
                   2.163                      -17.159587
                  2.1665                      -17.150294
                    2.17                      -17.141115
                  2.1735                      -17.132065
                   2.177                      -17.123156
                  2.1805                        -17.1144
                   2.184                      -17.105813
                  2.1875                      -17.097411
                   2.191                      -17.089213
                  2.1945                      -17.081236
                   2.198                      -17.073498
                  2.2015                      -17.066017
                   2.205                      -17.058815
                  2.2085                      -17.051909
                   2.212                      -17.045313
                  2.2155                      -17.039051
                   2.219                      -17.033137
                  2.2225                      -17.027586
                   2.226                      -17.022412
                  2.2295                      -17.017631
                   2.233                      -17.013251
                  2.2365                      -17.009282
                    2.24                      -17.005734
                  2.2435                       -17.00261
                   2.247                      -16.999919
                  2.2505                      -16.997663
                   2.254                       -16.99584
                  2.2575                      -16.994455
                   2.261                      -16.993503
                  2.2645                      -16.992982
                   2.268                      -16.992892
                  2.2715                      -16.993224
                   2.275                      -16.993978
                  2.2785                      -16.995147
                   2.282                      -16.996731
                  2.2855                      -16.998719
                   2.289                      -17.001112
                  2.2925                      -17.003904
                   2.296                      -17.007096
                  2.2995                      -17.010686
                   2.303                      -17.014675
                  2.3065                      -17.019064
                    2.31                      -17.023856
                  2.3135                      -17.029055
                   2.317                      -17.034668
                  2.3205                      -17.040702
                   2.324                      -17.047164
                  2.3275                      -17.054064
                   2.331                      -17.061411
                  2.3345                      -17.069216
                   2.338                      -17.077492
                  2.3415                      -17.086248
                   2.345                      -17.095494
                  2.3485                      -17.105242
                   2.352                        -17.1155
                  2.3555                      -17.126276
                   2.359                      -17.137579
                  2.3625                      -17.149414
                   2.366                       -17.16178
                  2.3695                      -17.174687
                   2.373                      -17.188126
                  2.3765                      -17.202099
                    2.38                      -17.216596
                  2.3835                      -17.231614
                   2.387                       -17.24714
                  2.3905                      -17.263162
                   2.394                      -17.279667
                  2.3975                      -17.296637
                   2.401                      -17.314056
                  2.4045                        -17.3319
                   2.408                      -17.350154
                  2.4115                      -17.368794
                   2.415                      -17.387797
                  2.4185                      -17.407144
                   2.422                      -17.426811
                  2.4255                       -17.44678
                   2.429                      -17.467026
                  2.4325                      -17.487534
                   2.436                      -17.508283
                  2.4395                       -17.52926
                   2.443                      -17.550448
                  2.4465                      -17.571839
                    2.45                      -17.593422
                  2.4535                      -17.615186
                   2.457                      -17.637127
                  2.4605                       -17.65924
                   2.464                      -17.681522
                  2.4675                      -17.703976
                   2.471                      -17.726603
                  2.4745                        -17.7494
                   2.478                      -17.772372
                  2.4815                      -17.795526
                   2.485                      -17.818856
                  2.4885                      -17.842372
                   2.492                      -17.866073
                  2.4955                      -17.889961
                   2.499                      -17.914033
                  2.5025                      -17.938292
                   2.506                      -17.962733
                  2.5095                      -17.987347
                   2.513                      -18.012129
                  2.5165                      -18.037066
                    2.52                      -18.062149
                  2.5235                      -18.087361
                   2.527                      -18.112688
                  2.5305                      -18.138107
                   2.534                      -18.163599
                  2.5375                      -18.189146
                   2.541                      -18.214718
                  2.5445                      -18.240295
                   2.548                       -18.26585
                  2.5515                       -18.29136
                   2.555                      -18.316796
                  2.5585                      -18.342143
                   2.562                      -18.367371
                  2.5655                      -18.392462
                   2.569                      -18.417395
                  2.5725                      -18.442153
                   2.576                      -18.466723
                  2.5795                      -18.491093
                   2.583                      -18.515254
                  2.5865                        -18.5392
                    2.59                      -18.562925
                  2.5935                      -18.586433
                   2.597                      -18.609726
                  2.6005                      -18.632805
                   2.604                       -18.65568
                  2.6075                      -18.678361
                   2.611                      -18.700861
                  2.6145                       -18.72319
                   2.618                      -18.745361
                  2.6215                      -18.767394
                   2.625                      -18.789293
                  2.6285                      -18.811083
                   2.632                      -18.832771
                  2.6355                      -18.854371
                   2.639                      -18.875895
                  2.6425                      -18.897355
                   2.646                      -18.918749
                  2.6495                      -18.940093
                   2.653                      -18.961384
                  2.6565                      -18.982625
                    2.66                      -19.003811
                  2.6635                       -19.02494
                   2.667                      -19.046006
                  2.6705                      -19.067004
                   2.674                      -19.087922
                  2.6775                      -19.108746
                   2.681                      -19.129465
                  2.6845                      -19.150068
                   2.688                      -19.170542
                  2.6915                      -19.190874
                   2.695                      -19.211052
                  2.6985                      -19.231063
                   2.702                      -19.250896
                  2.7055                      -19.270547
                   2.709                      -19.290006
                  2.7125                      -19.309271
                   2.716                      -19.328337
                  2.7195                      -19.347211
                   2.723                      -19.365891
                  2.7265                       -19.38439
                    2.73                      -19.402714
                  2.7335                      -19.420873
                   2.737                      -19.438885
                  2.7405                      -19.456764
                   2.744                      -19.474534
                  2.7475                      -19.492209
                   2.751                      -19.509815
                  2.7545                      -19.527372
                   2.758                      -19.544901
                  2.7615                       -19.56243
                   2.765                      -19.579974
                  2.7685                       -19.59756
                   2.772                      -19.615203
                  2.7755                      -19.632921
                   2.779                      -19.650731
                  2.7825                      -19.668651
                   2.786                      -19.686686
                  2.7895                      -19.704844
                   2.793                      -19.723134
                  2.7965                      -19.741559
                     2.8                      -19.760116
                  2.8035                      -19.778803
                   2.807                      -19.797618
                  2.8105                      -19.816551
                   2.814                       -19.83559
                  2.8175                       -19.85473
                   2.821                      -19.873957
                  2.8245                      -19.893255
                   2.828                      -19.912614
                  2.8315                      -19.932019
                   2.835                      -19.951462
                  2.8385                      -19.970924
                   2.842                        -19.9904
                  2.8455                       -20.00988
                   2.849                      -20.029354
                  2.8525                      -20.048822
                   2.856                      -20.068273
                  2.8595                       -20.08772
                   2.863                      -20.107157
                  2.8665                      -20.126589
                    2.87                      -20.146028
                  2.8735                      -20.165485
                   2.877                      -20.184972
                  2.8805                      -20.204498
                   2.884                      -20.224089
                  2.8875                      -20.243753
                   2.891                      -20.263519
                  2.8945                        -20.2834
                   2.898                       -20.30342
                  2.9015                      -20.323593
                   2.905                      -20.343942
                  2.9085                      -20.364484
                   2.912                      -20.385234
                  2.9155                      -20.406205
                   2.919                      -20.427416
                  2.9225                      -20.448869
                   2.926                      -20.470576
                  2.9295                       -20.49254
                   2.933                      -20.514761
                  2.9365                      -20.537242
                    2.94                      -20.559976
                  2.9435                      -20.582956
                   2.947                      -20.606176
                  2.9505                      -20.629623
                   2.954                      -20.653288
                  2.9575                      -20.677146
                   2.961                      -20.701188
                  2.9645                      -20.725405
                   2.968                      -20.749767
                  2.9715                      -20.774266
                   2.975                      -20.798877
                  2.9785                      -20.823593
                   2.982                      -20.848395
                  2.9855                      -20.873277
                   2.989                      -20.898222
                  2.9925                      -20.923224
                   2.996                      -20.948275
                  2.9995                      -20.973372
                   3.003                      -20.998522
                  3.0065                      -21.023719
                    3.01                      -21.048973
                  3.0135                      -21.074286
                   3.017                      -21.099675
                  3.0205                      -21.125147
                   3.024                      -21.150719
                  3.0275                      -21.176402
                   3.031                      -21.202216
                  3.0345                      -21.228176
                   3.038                      -21.254304
                  3.0415                      -21.280612
                   3.045                      -21.307117
                  3.0485                      -21.333838
                   3.052                      -21.360787
                  3.0555                      -21.387969
                   3.059                      -21.415408
                  3.0625                      -21.443101
                   3.066                      -21.471062
                  3.0695                      -21.499284
                   3.073                       -21.52777
                  3.0765                      -21.556519
                    3.08                      -21.585524
                  3.0835                      -21.614773
                   3.087                      -21.644256
                  3.0905                      -21.673961
                   3.094                      -21.703871
                  3.0975                      -21.733968
                   3.101                      -21.764233
                  3.1045                      -21.794646
                   3.108                      -21.825187
                  3.1115                      -21.855834
                   3.115                      -21.886573
                  3.1185                       -21.91738
                   3.122                      -21.948239
                  3.1255                      -21.979135
                   3.129                      -22.010049
                  3.1325                      -22.040975
                   3.136                      -22.071902
                  3.1395                      -22.102827
                   3.143                      -22.133741
                  3.1465                      -22.164645
                    3.15                      -22.195546
                  3.1535                      -22.226446
                   3.157                      -22.257352
                  3.1605                      -22.288275
                   3.164                      -22.319228
                  3.1675                      -22.350222
                   3.171                      -22.381278
                  3.1745                       -22.41241
                   3.178                      -22.443634
                  3.1815                      -22.474969
                   3.185                      -22.506428
                  3.1885                      -22.538027
                   3.192                      -22.569786
                  3.1955                      -22.601715
                   3.199                      -22.633824
                  3.2025                      -22.666119
                   3.206                      -22.698609
                  3.2095                        -22.7313
                   3.213                      -22.764183
                  3.2165                      -22.797261
                    3.22                      -22.830529
                  3.2235                       -22.86397
                   3.227                      -22.897584
                  3.2305                      -22.931351
                   3.234                      -22.965254
                  3.2375                      -22.999278
                   3.241                      -23.033395
                  3.2445                      -23.067598
                   3.248                      -23.101852
                  3.2515                      -23.136145
                   3.255                      -23.170454
                  3.2585                      -23.204752
                   3.262                      -23.239031
                  3.2655                      -23.273269
                   3.269                      -23.307451
                  3.2725                      -23.341564
                   3.276                      -23.375599
                  3.2795                      -23.409551
                   3.283                      -23.443418
                  3.2865                      -23.477194
                    3.29                      -23.510892
                  3.2935                      -23.544509
                   3.297                      -23.578062
                  3.3005                       -23.61156
                   3.304                      -23.645022
                  3.3075                      -23.678464
                   3.311                      -23.711902
                  3.3145                      -23.745357
                   3.318                      -23.778857
                  3.3215                      -23.812421
                   3.325                      -23.846069
                  3.3285                      -23.879822
                   3.332                        -23.9137
                  3.3355                      -23.947722
                   3.339                      -23.981905
                  3.3425                      -24.016263
                   3.346                       -24.05081
                  3.3495                      -24.085547
                   3.353                      -24.120479
                  3.3565                      -24.155613
                    3.36                      -24.190944
                  3.3635                       -24.22647
                   3.367                      -24.262178
                  3.3705                      -24.298056
                   3.374                      -24.334094
                  3.3775                      -24.370281
                   3.381                      -24.406585
                  3.3845                      -24.442992
                   3.388                      -24.479481
                  3.3915                      -24.516032
                   3.395                      -24.552622
                  3.3985                      -24.589231
                   3.402                      -24.625836
                  3.4055                      -24.662423
                   3.409                      -24.698971
                  3.4125                      -24.735469
                   3.416                      -24.771909
                  3.4195                      -24.808276
                   3.423                      -24.844573
                  3.4265                      -24.880796
                    3.43                      -24.916948
                  3.4335                       -24.95304
                   3.437                      -24.989074
                  3.4405                      -25.025069
                   3.444                      -25.061035
                  3.4475                      -25.096999
                   3.451                      -25.132977
                  3.4545                      -25.168992
                   3.458                       -25.20507
                  3.4615                       -25.24123
                   3.465                      -25.277497
                  3.4685                      -25.313897
                   3.472                      -25.350452
                  3.4755                      -25.387178
                   3.479                      -25.424095
                  3.4825                      -25.461215
                   3.486                      -25.498553
                  3.4895                      -25.536118
                   3.493                      -25.573907
                  3.4965                      -25.611924
                     3.5                       -25.65016
