Frequency    S1,1_[227]

                     0.5                       -1.188029
                  0.5025                      -1.3128518
                   0.505                      -1.4506397
                  0.5075                      -1.6023953
                    0.51                      -1.7690239
                  0.5125                      -1.9512506
                   0.515                       -2.149513
                  0.5175                      -2.3638304
                    0.52                      -2.5936511
                  0.5225                      -2.8376808
                   0.525                       -3.093721
                  0.5275                       -3.358524
                    0.53                      -3.6277078
                  0.5325                      -3.8957878
                   0.535                      -4.1563365
                  0.5375                      -4.4023258
                    0.54                      -4.6266652
                  0.5425                      -4.8228507
                   0.545                       -4.985633
                  0.5475                      -5.1115989
                    0.55                      -5.1995098
                  0.5525                      -5.2502996
                   0.555                       -5.266826
                  0.5575                      -5.2533181
                    0.56                      -5.2148319
                  0.5625                      -5.1566788
                   0.565                       -5.083998
                  0.5675                      -5.0014303
                    0.57                      -4.9129934
                  0.5725                       -4.822011
                   0.575                       -4.731164
                  0.5775                      -4.6425198
                    0.58                       -4.557637
                  0.5825                      -4.4776797
                   0.585                      -4.4034666
                  0.5875                      -4.3355657
                    0.59                      -4.2743379
                  0.5925                      -4.2200241
                   0.595                      -4.1727469
                  0.5975                      -4.1325706
                     0.6                      -4.0995018
                  0.6025                      -4.0735397
                   0.605                        -4.05466
                  0.6075                      -4.0428468
                    0.61                      -4.0380851
                  0.6125                      -4.0403829
                   0.615                      -4.0497666
                  0.6175                      -4.0662776
                    0.62                      -4.0899923
                  0.6225                      -4.1210116
                   0.625                      -4.1594658
                  0.6275                      -4.2055137
                    0.63                      -4.2593519
                  0.6325                      -4.3212065
                   0.635                      -4.3913392
                  0.6375                      -4.4700507
                    0.64                      -4.5576829
                  0.6425                      -4.6546161
                   0.645                      -4.7612765
                  0.6475                      -4.8781374
                    0.65                      -5.0057288
                  0.6525                      -5.1446302
                   0.655                      -5.2954821
                  0.6575                      -5.4589865
                    0.66                       -5.635925
                  0.6625                      -5.8271389
                   0.665                      -6.0335541
                  0.6675                      -6.2561644
                    0.67                      -6.4960527
                  0.6725                      -6.7543536
                   0.675                      -7.0322757
                  0.6775                      -7.3310393
                    0.68                      -7.6518854
                  0.6825                      -7.9959508
                   0.685                      -8.3642119
                  0.6875                      -8.7573227
                    0.69                      -9.1753588
                  0.6925                      -9.6175453
                   0.695                      -10.081683
                  0.6975                      -10.563589
                     0.7                       -11.05616
                  0.7025                      -11.548371
                   0.705                      -12.024212
                  0.7075                       -12.46214
                    0.71                      -12.835617
                  0.7125                      -13.115739
                   0.715                      -13.276382
                  0.7175                      -13.300704
                    0.72                      -13.186262
                  0.7225                      -12.945969
                   0.725                      -12.604139
                  0.7275                      -12.190069
                    0.73                      -11.732166
                  0.7325                      -11.254469
                   0.735                      -10.775333
                  0.7375                      -10.307774
                    0.74                      -9.8603294
                  0.7425                      -9.4382434
                   0.745                      -9.0443094
                  0.7475                      -8.6796426
                    0.75                      -8.3442637
                  0.7525                      -8.0374534
                   0.755                      -7.7580761
                  0.7575                      -7.5046967
                    0.76                       -7.275781
                  0.7625                      -7.0697485
                   0.765                      -6.8850424
                  0.7675                      -6.7201455
                    0.77                      -6.5736262
                  0.7725                      -6.4441384
                   0.775                      -6.3304377
                  0.7775                      -6.2313665
                    0.78                      -6.1458633
                  0.7825                      -6.0729639
                   0.785                       -6.011781
                  0.7875                      -5.9615112
                    0.79                      -5.9214157
                  0.7925                      -5.8908308
                   0.795                      -5.8691447
                  0.7975                      -5.8557992
                     0.8                      -5.8502789
                  0.8025                      -5.8521115
                   0.805                      -5.8608531
                  0.8075                      -5.8760903
                    0.81                      -5.8974314
                  0.8125                      -5.9245016
                   0.815                      -5.9569396
                  0.8175                      -5.9943968
                    0.82                      -6.0365271
                  0.8225                      -6.0829889
                   0.825                      -6.1334421
                  0.8275                      -6.1875452
                    0.83                      -6.2449584
                  0.8325                      -6.3053342
                   0.835                      -6.3683233
                  0.8375                      -6.4335757
                    0.84                        -6.50074
                  0.8425                      -6.5694613
                   0.845                      -6.6393878
                  0.8475                      -6.7101676
                    0.85                      -6.7814585
                  0.8525                       -6.852918
                   0.855                        -6.92422
                  0.8575                      -6.9950429
                    0.86                      -7.0650862
                  0.8625                       -7.134057
                   0.865                      -7.2016818
                  0.8675                      -7.2677053
                    0.87                      -7.3318908
                  0.8725                      -7.3940184
                   0.875                      -7.4538851
                  0.8775                      -7.5113097
                    0.88                      -7.5661234
                  0.8825                       -7.618178
                   0.885                      -7.6673327
                  0.8875                      -7.7134663
                    0.89                      -7.7564656
                  0.8925                      -7.7962265
                   0.895                      -7.8326587
                  0.8975                      -7.8656752
                     0.9                      -7.8951971
                  0.9025                      -7.9211565
                   0.905                      -7.9434907
                  0.9075                      -7.9621458
                    0.91                      -7.9770744
                  0.9125                      -7.9882445
                   0.915                      -7.9956308
                  0.9175                      -7.9992228
                    0.92                       -7.999026
                  0.9225                      -7.9950601
                   0.925                      -7.9873621
                  0.9275                      -7.9759894
                    0.93                      -7.9610144
                  0.9325                      -7.9425342
                   0.935                      -7.9206636
                  0.9375                      -7.8955336
                    0.94                       -7.867295
                  0.9425                      -7.8361146
                   0.945                      -7.8021788
                  0.9475                      -7.7656764
                    0.95                      -7.7268151
                  0.9525                      -7.6858051
                   0.955                      -7.6428654
                  0.9575                      -7.5982108
                    0.96                      -7.5520598
                  0.9625                      -7.5046237
                   0.965                       -7.456115
                  0.9675                      -7.4067311
                    0.97                      -7.3566564
                  0.9725                      -7.3060758
                   0.975                      -7.2551493
                  0.9775                      -7.2040314
                    0.98                      -7.1528539
                  0.9825                       -7.101742
                   0.985                      -7.0508028
                  0.9875                      -7.0001295
                    0.99                      -6.9497982
                  0.9925                      -6.8998783
                   0.995                      -6.8504223
                  0.9975                      -6.8014744
                       1                      -6.7530663
                  1.0025                      -6.7052201
                   1.005                      -6.6579593
                  1.0075                      -6.6112928
                    1.01                      -6.5652243
                  1.0125                      -6.5197621
                   1.015                      -6.4749079
                  1.0175                      -6.4306628
                    1.02                      -6.3870253
                  1.0225                      -6.3440017
                   1.025                      -6.3015982
                  1.0275                      -6.2598201
                    1.03                      -6.2186802
                  1.0325                      -6.1781916
                   1.035                      -6.1383795
                  1.0375                      -6.0992613
                    1.04                       -6.060866
                  1.0425                      -6.0232241
                   1.045                      -5.9863742
                  1.0475                      -5.9503527
                    1.05                      -5.9151979
                  1.0525                      -5.8809555
                   1.055                      -5.8476731
                  1.0575                      -5.8153951
                    1.06                      -5.7841644
                  1.0625                      -5.7540312
                   1.065                      -5.7250406
                  1.0675                      -5.6972369
                    1.07                      -5.6706595
                  1.0725                      -5.6453503
                   1.075                      -5.6213448
                  1.0775                      -5.5986735
                    1.08                      -5.5773666
                  1.0825                      -5.5574517
                   1.085                      -5.5389457
                  1.0875                      -5.5218677
                    1.09                       -5.506227
                  1.0925                      -5.4920334
                   1.095                      -5.4792889
                  1.0975                      -5.4679916
                     1.1                      -5.4581381
                  1.1025                      -5.4497168
                   1.105                      -5.4427184
                  1.1075                      -5.4371288
                    1.11                       -5.432928
                  1.1125                      -5.4300963
                   1.115                      -5.4286123
                  1.1175                      -5.4284534
                    1.12                      -5.4295976
                  1.1225                      -5.4320187
                   1.125                      -5.4356951
                  1.1275                      -5.4406033
                    1.13                      -5.4467226
                  1.1325                      -5.4540321
                   1.135                      -5.4625149
                  1.1375                      -5.4721554
                    1.14                      -5.4829416
                  1.1425                      -5.4948628
                   1.145                       -5.507913
                  1.1475                      -5.5220898
                    1.15                      -5.5373939
                  1.1525                      -5.5538287
                   1.155                      -5.5714015
                  1.1575                       -5.590124
                    1.16                      -5.6100101
                  1.1625                      -5.6310761
                   1.165                      -5.6533416
                  1.1675                      -5.6768289
                    1.17                      -5.7015624
                  1.1725                      -5.7275666
                   1.175                      -5.7548669
                  1.1775                      -5.7834922
                    1.18                      -5.8134684
                  1.1825                       -5.844822
                   1.185                      -5.8775763
                  1.1875                      -5.9117562
                    1.19                      -5.9473841
                  1.1925                      -5.9844773
                   1.195                      -6.0230489
                  1.1975                      -6.0631152
                     1.2                      -6.1046809
                  1.2025                      -6.1477487
                   1.205                      -6.1923186
                  1.2075                      -6.2383819
                    1.21                      -6.2859281
                  1.2125                      -6.3349373
                   1.215                      -6.3853871
                  1.2175                       -6.437251
                    1.22                      -6.4904922
                  1.2225                      -6.5450701
                   1.225                      -6.6009426
                  1.2275                      -6.6580561
                    1.23                      -6.7163587
                  1.2325                      -6.7757934
                   1.235                      -6.8362946
                  1.2375                      -6.8978023
                    1.24                      -6.9602434
                  1.2425                      -7.0235554
                   1.245                      -7.0876644
                  1.2475                      -7.1524987
                    1.25                       -7.217991
                  1.2525                      -7.2840739
                   1.255                      -7.3506776
                  1.2575                      -7.4177378
                    1.26                      -7.4851955
                  1.2625                      -7.5529915
                   1.265                      -7.6210692
                  1.2675                      -7.6893736
                    1.27                      -7.7578682
                  1.2725                      -7.8265053
                   1.275                      -7.8952444
                  1.2775                      -7.9640528
                    1.28                      -8.0329042
                  1.2825                      -8.1017659
                   1.285                      -8.1706141
                  1.2875                       -8.239422
                    1.29                      -8.3081759
                  1.2925                      -8.3768496
                   1.295                      -8.4454213
                  1.2975                      -8.5138737
                     1.3                      -8.5821806
                  1.3025                      -8.6503168
                   1.305                      -8.7182521
                  1.3075                      -8.7859556
                    1.31                      -8.8533931
                  1.3125                      -8.9205236
                   1.315                      -8.9872978
                  1.3175                      -9.0536772
                    1.32                       -9.119603
                  1.3225                      -9.1850202
                   1.325                      -9.2498673
                  1.3275                      -9.3140841
                    1.33                      -9.3776117
                  1.3325                      -9.4403778
                   1.335                      -9.5023225
                  1.3375                      -9.5633888
                    1.34                      -9.6235132
                  1.3425                      -9.6826421
                   1.345                      -9.7407285
                  1.3475                      -9.7977318
                    1.35                      -9.8536189
                  1.3525                      -9.9083676
                   1.355                      -9.9619642
                  1.3575                       -10.01441
                    1.36                      -10.065716
                  1.3625                      -10.115904
                   1.365                      -10.165014
                  1.3675                      -10.213086
                    1.37                      -10.260187
                  1.3725                      -10.306386
                   1.375                      -10.351763
                  1.3775                       -10.39641
                    1.38                      -10.440422
                  1.3825                      -10.483906
                   1.385                      -10.526969
                  1.3875                      -10.569719
                    1.39                      -10.612272
                  1.3925                      -10.654739
                   1.395                      -10.697226
                  1.3975                      -10.739833
                     1.4                      -10.782663
                  1.4025                      -10.825801
                   1.405                      -10.869327
                  1.4075                      -10.913307
                    1.41                      -10.957801
                  1.4125                       -11.00285
                   1.415                      -11.048481
                  1.4175                       -11.09471
                    1.42                      -11.141537
                  1.4225                      -11.188942
                   1.425                      -11.236895
                  1.4275                      -11.285346
                    1.43                      -11.334237
                  1.4325                      -11.383486
                   1.435                      -11.433002
                  1.4375                      -11.482684
                    1.44                      -11.532414
                  1.4425                      -11.582065
                   1.445                      -11.631496
                  1.4475                      -11.680567
                    1.45                      -11.729125
                  1.4525                      -11.777007
                   1.455                      -11.824053
                  1.4575                      -11.870096
                    1.46                      -11.914971
                  1.4625                      -11.958502
                   1.465                      -12.000525
                  1.4675                      -12.040869
                    1.47                      -12.079365
                  1.4725                      -12.115849
                   1.475                       -12.15016
                  1.4775                      -12.182133
                    1.48                      -12.211608
                  1.4825                      -12.238428
                   1.485                      -12.262438
                  1.4875                       -12.28348
                    1.49                      -12.301399
                  1.4925                      -12.316043
                   1.495                      -12.327259
                  1.4975                      -12.334894
                     1.5                      -12.338799
                  1.5025                      -12.338824
                   1.505                      -12.334824
                  1.5075                      -12.326657
                    1.51                       -12.31419
                  1.5125                      -12.297296
                   1.515                      -12.275858
                  1.5175                      -12.249778
                    1.52                      -12.218965
                  1.5225                      -12.183353
                   1.525                      -12.142897
                  1.5275                      -12.097585
                    1.53                      -12.047411
                  1.5325                      -11.992414
                   1.535                      -11.932664
                  1.5375                      -11.868257
                    1.54                      -11.799315
                  1.5425                      -11.726004
                   1.545                      -11.648514
                  1.5475                      -11.567077
                    1.55                      -11.481919
                  1.5525                      -11.393322
                   1.555                      -11.301587
                  1.5575                      -11.207005
                    1.56                      -11.109907
                  1.5625                      -11.010628
                   1.565                      -10.909512
                  1.5675                      -10.806895
                    1.57                      -10.703113
                  1.5725                      -10.598506
                   1.575                      -10.493413
                  1.5775                      -10.388129
                    1.58                       -10.28297
                  1.5825                      -10.178232
                   1.585                      -10.074177
                  1.5875                      -9.9710719
                    1.59                      -9.8691436
                  1.5925                      -9.7686198
                   1.595                      -9.6696954
                  1.5975                      -9.5725442
                     1.6                       -9.477331
                  1.6025                      -9.3842014
                   1.605                      -9.2932684
                  1.6075                      -9.2046459
                    1.61                      -9.1184122
                  1.6125                      -9.0346465
                   1.615                      -8.9534015
                  1.6175                      -8.8747121
                    1.62                      -8.7986148
                  1.6225                      -8.7251161
                   1.625                      -8.6542238
                  1.6275                      -8.5859337
                    1.63                      -8.5202261
                  1.6325                      -8.4570702
                   1.635                      -8.3964406
                  1.6375                      -8.3382913
                    1.64                      -8.2825829
                  1.6425                      -8.2292575
                   1.645                       -8.178266
                  1.6475                      -8.1295561
                    1.65                      -8.0830551
                  1.6525                        -8.03871
                   1.655                      -7.9964608
                  1.6575                       -7.956243
                    1.66                      -7.9179953
                  1.6625                      -7.8816588
                   1.665                      -7.8471782
                  1.6675                      -7.8144997
                    1.67                      -7.7835648
                  1.6725                      -7.7543293
                   1.675                      -7.7267522
                  1.6775                      -7.7007829
                    1.68                      -7.6763869
                  1.6825                      -7.6535359
                   1.685                      -7.6321935
                  1.6875                      -7.6123404
                    1.69                      -7.5939482
                  1.6925                      -7.5770011
                   1.695                      -7.5614838
                  1.6975                      -7.5473807
                     1.7                      -7.5346837
                  1.7025                      -7.5233809
                   1.705                      -7.5134671
                  1.7075                      -7.5049355
                    1.71                      -7.4977735
                  1.7125                      -7.4919805
                   1.715                      -7.4875431
                  1.7175                      -7.4844493
                    1.72                      -7.4826875
                  1.7225                      -7.4822458
                   1.725                      -7.4830984
                  1.7275                      -7.4852244
                    1.73                      -7.4885971
                  1.7325                      -7.4931844
                   1.735                      -7.4989487
                  1.7375                      -7.5058503
                    1.74                      -7.5138413
                  1.7425                      -7.5228711
                   1.745                      -7.5328818
                  1.7475                      -7.5438163
                    1.75                      -7.5556063
                  1.7525                      -7.5681846
                   1.755                      -7.5814805
                  1.7575                      -7.5954215
                    1.76                      -7.6099286
                  1.7625                      -7.6249279
                   1.765                      -7.6403441
                  1.7675                      -7.6560986
                    1.77                      -7.6721186
                  1.7725                      -7.6883335
                   1.775                      -7.7046806
                  1.7775                      -7.7210932
                    1.78                      -7.7375152
                  1.7825                      -7.7538934
                   1.785                      -7.7701894
                  1.7875                      -7.7863601
                    1.79                      -7.8023817
                  1.7925                      -7.8182305
                   1.795                      -7.8339007
                  1.7975                       -7.849378
                     1.8                      -7.8646709
                  1.8025                      -7.8797903
                   1.805                      -7.8947559
                  1.8075                      -7.9095875
                    1.81                      -7.9243192
                  1.8125                      -7.9389853
                   1.815                       -7.953618
                  1.8175                       -7.968262
                    1.82                      -7.9829566
                  1.8225                       -7.997745
                   1.825                      -8.0126665
                  1.8275                      -8.0277548
                    1.83                      -8.0430456
                  1.8325                      -8.0585694
                   1.835                      -8.0743475
                  1.8375                      -8.0903904
                    1.84                      -8.1067113
                  1.8425                      -8.1233108
                   1.845                      -8.1401737
                  1.8475                      -8.1572847
                    1.85                       -8.174614
                  1.8525                      -8.1921204
                   1.855                      -8.2097658
                  1.8575                      -8.2274861
                    1.86                      -8.2452188
                  1.8625                      -8.2628899
                   1.865                      -8.2804218
                  1.8675                      -8.2977358
                    1.87                      -8.3147392
                  1.8725                      -8.3313455
                   1.875                      -8.3474613
                  1.8775                      -8.3629981
                    1.88                      -8.3778703
                  1.8825                      -8.3919917
                   1.885                      -8.4052931
                  1.8875                      -8.4176999
                    1.89                      -8.4291572
                  1.8925                      -8.4396155
                   1.895                      -8.4490317
                  1.8975                      -8.4573888
                     1.9                      -8.4646716
                  1.9025                      -8.4708863
                   1.905                      -8.4760487
                  1.9075                      -8.4801867
                    1.91                      -8.4833442
                  1.9125                      -8.4855758
                   1.915                      -8.4869522
                  1.9175                      -8.4875416
                    1.92                      -8.4874376
                  1.9225                       -8.486725
                   1.925                         -8.4855
                  1.9275                      -8.4838697
                    1.93                      -8.4819241
                  1.9325                      -8.4797632
                   1.935                      -8.4774859
                  1.9375                      -8.4751737
                    1.94                      -8.4729151
                  1.9425                      -8.4707727
                   1.945                      -8.4688229
                  1.9475                      -8.4671064
                    1.95                      -8.4656566
                  1.9525                      -8.4644972
                   1.955                      -8.4636386
                  1.9575                      -8.4630658
                    1.96                      -8.4627589
                  1.9625                       -8.462673
                   1.965                      -8.4627561
                  1.9675                      -8.4629341
                    1.97                      -8.4631313
                  1.9725                       -8.463248
                   1.975                       -8.463184
                  1.9775                      -8.4628274
                    1.98                      -8.4620611
                  1.9825                      -8.4607633
                   1.985                      -8.4588183
                  1.9875                      -8.4561062
                    1.99                      -8.4525146
                  1.9925                      -8.4479408
                   1.995                      -8.4422877
                  1.9975                      -8.4354755
                       2                      -8.4274473
                  2.0025                      -8.4181437
                   2.005                      -8.4075443
                  2.0075                      -8.3956423
                    2.01                       -8.382449
                  2.0125                      -8.3679966
                   2.015                      -8.3523509
                  2.0175                      -8.3355812
                    2.02                      -8.3177911
                  2.0225                      -8.2990947
                   2.025                      -8.2796284
                  2.0275                       -8.259539
                    2.03                      -8.2389841
                  2.0325                      -8.2181356
                   2.035                      -8.1971654
                  2.0375                      -8.1762463
                    2.04                      -8.1555629
                  2.0425                      -8.1352854
                   2.045                      -8.1155766
                  2.0475                      -8.0965986
                    2.05                       -8.078491
                  2.0525                      -8.0613911
                   2.055                       -8.045402
                  2.0575                      -8.0306205
                    2.06                      -8.0171206
                  2.0625                      -8.0049505
                   2.065                      -7.9941377
                  2.0675                      -7.9846844
                    2.07                      -7.9765725
                  2.0725                      -7.9697547
                   2.075                      -7.9641731
                  2.0775                       -7.959739
                    2.08                      -7.9563447
                  2.0825                      -7.9538758
                   2.085                       -7.952196
                  2.0875                      -7.9511639
                    2.09                      -7.9506279
                  2.0925                        -7.95044
                   2.095                      -7.9504486
                  2.0975                      -7.9505161
                     2.1                      -7.9505092
                  2.1025                      -7.9503194
                   2.105                      -7.9498551
                  2.1075                      -7.9490536
                    2.11                      -7.9478818
                  2.1125                      -7.9463429
                   2.115                       -7.944475
                  2.1175                      -7.9423589
                    2.12                      -7.9401241
                  2.1225                      -7.9379392
                   2.125                       -7.936015
                  2.1275                      -7.9346159
                    2.13                      -7.9340447
                  2.1325                      -7.9346507
                   2.135                      -7.9368209
                  2.1375                      -7.9409778
                    2.14                      -7.9475879
                  2.1425                      -7.9571337
                   2.145                      -7.9701351
                  2.1475                      -7.9871287
                    2.15                      -8.0086703
                  2.1525                       -8.035331
                   2.155                      -8.0676819
                  2.1575                      -8.1063083
                    2.16                      -8.1517841
                  2.1625                      -8.2046854
                   2.165                      -8.2655937
                  2.1675                      -8.3350467
                    2.17                      -8.4135994
                  2.1725                       -8.501754
                   2.175                      -8.6000099
                  2.1775                      -8.7088466
                    2.18                      -8.8286682
                  2.1825                      -8.9598661
                   2.185                      -9.1028154
                  2.1875                       -9.257762
                    2.19                      -9.4249325
                  2.1925                      -9.6044684
                   2.195                      -9.7963586
                  2.1975                      -10.000525
                     2.2                      -10.216636
                  2.2025                       -10.44427
                   2.205                      -10.682694
                  2.2075                      -10.930809
                    2.21                      -11.187218
                  2.2125                      -11.449931
                   2.215                      -11.716472
                  2.2175                      -11.983658
                    2.22                      -12.247437
                  2.2225                       -12.50304
                   2.225                      -12.744737
                  2.2275                      -12.965934
                    2.23                      -13.159473
                  2.2325                      -13.317884
                   2.235                      -13.433882
                  2.2375                      -13.501078
                    2.24                      -13.514592
                  2.2425                      -13.471667
                   2.245                      -13.372015
                  2.2475                      -13.217896
                    2.25                      -13.013739
                  2.2525                      -12.765712
                   2.255                      -12.480961
                  2.2575                      -12.166864
                    2.26                      -11.830794
                  2.2625                      -11.479432
                   2.265                      -11.118666
                  2.2675                      -10.753621
                    2.27                      -10.388449
                  2.2725                      -10.026525
                   2.275                      -9.6706548
                  2.2775                      -9.3228053
                    2.28                      -8.9847076
                  2.2825                      -8.6575447
                   2.285                      -8.3421853
                  2.2875                      -8.0393309
                    2.29                      -7.7493593
                  2.2925                      -7.4726284
                   2.295                      -7.2092014
                  2.2975                      -6.9591261
                     2.3                       -6.722402
                  2.3025                      -6.4988982
                   2.305                      -6.2884231
                  2.3075                      -6.0907932
                    2.31                      -5.9057394
                  2.3125                      -5.7329016
                   2.315                      -5.5719882
                  2.3175                      -5.4225891
                    2.32                      -5.2843186
                  2.3225                      -5.1567151
                   2.325                      -5.0392977
                  2.3275                      -4.9315816
                    2.33                      -4.8330299
                  2.3325                      -4.7430878
                   2.335                      -4.6611825
                  2.3375                       -4.586718
                    2.34                      -4.5190999
                  2.3425                      -4.4577075
                   2.345                      -4.4019114
                  2.3475                      -4.3511013
                    2.35                      -4.3046564
                  2.3525                      -4.2619572
                   2.355                      -4.2224196
                  2.3575                       -4.185463
                    2.36                      -4.1505512
                  2.3625                      -4.1171605
                   2.365                      -4.0848133
                  2.3675                       -4.053084
                    2.37                      -4.0215707
                  2.3725                       -3.989945
                   2.375                      -3.9579174
                  2.3775                      -3.9252545
                    2.38                      -3.8917869
                  2.3825                      -3.8573944
                   2.385                      -3.8220054
                  2.3875                      -3.7856218
                    2.39                      -3.7482707
                  2.3925                       -3.710031
                   2.395                      -3.6710325
                  2.3975                      -3.6314271
                     2.4                      -3.5914085
                  2.4025                      -3.5511777
                   2.405                      -3.5109622
                  2.4075                      -3.4709937
                    2.41                        -3.43151
                  2.4125                      -3.3927482
                   2.415                      -3.3549365
                  2.4175                      -3.3182811
                    2.42                       -3.282987
                  2.4225                       -3.249226
                   2.425                      -3.2171391
                  2.4275                      -3.1868545
                    2.43                      -3.1584653
                  2.4325                      -3.1320266
                   2.435                      -3.1075734
                  2.4375                       -3.085098
                    2.44                      -3.0645756
                  2.4425                      -3.0459404
                   2.445                      -3.0290976
                  2.4475                      -3.0139341
                    2.45                      -3.0003067
                  2.4525                      -2.9880571
                   2.455                      -2.9770053
                  2.4575                      -2.9669596
                    2.46                      -2.9577177
                  2.4625                      -2.9490723
                   2.465                      -2.9408105
                  2.4675                      -2.9327252
                    2.47                       -2.924616
                  2.4725                      -2.9162865
                   2.475                      -2.9075616
                  2.4775                      -2.8982795
                    2.48                      -2.8882995
                  2.4825                      -2.8775023
                   2.485                      -2.8657936
                  2.4875                       -2.853113
                    2.49                      -2.8394179
                  2.4925                       -2.824699
                   2.495                      -2.8089774
                  2.4975                      -2.7922973
                     2.5                        -2.77473
                  2.5025                      -2.7563685
                   2.505                      -2.7373268
                  2.5075                      -2.7177448
                    2.51                      -2.6977684
                  2.5125                      -2.6775531
                   2.515                      -2.6572754
                  2.5175                      -2.6370961
                    2.52                      -2.6171916
                  2.5225                      -2.5977257
                   2.525                      -2.5788571
                  2.5275                      -2.5607373
                    2.53                      -2.5434982
                  2.5325                      -2.5272614
                   2.535                      -2.5121269
                  2.5375                      -2.4981735
                    2.54                      -2.4854646
                  2.5425                       -2.474035
                   2.545                      -2.4639014
                  2.5475                      -2.4550579
                    2.55                      -2.4474756
                  2.5525                      -2.4411076
                   2.555                      -2.4358836
                  2.5575                      -2.4317189
                    2.56                       -2.428508
                  2.5625                      -2.4261398
                   2.565                      -2.4244845
                  2.5675                      -2.4234052
                    2.57                      -2.4227625
                  2.5725                      -2.4224123
                   2.575                      -2.4222092
                  2.5775                      -2.4220143
                    2.58                      -2.4216899
                  2.5825                      -2.4211129
                   2.585                      -2.4201692
                  2.5875                       -2.418757
                    2.59                      -2.4167938
                  2.5925                      -2.4142154
                   2.595                      -2.4109732
                  2.5975                      -2.4070444
                     2.6                      -2.4024244
                  2.6025                      -2.3971278
                   2.605                      -2.3911945
                  2.6075                      -2.3846824
                    2.61                      -2.3776654
                  2.6125                      -2.3702385
                   2.615                      -2.3625078
                  2.6175                      -2.3545934
                    2.62                      -2.3466265
                  2.6225                      -2.3387422
                   2.625                       -2.331081
                  2.6275                      -2.3237844
                    2.63                      -2.3169917
                  2.6325                      -2.3108382
                   2.635                      -2.3054507
                  2.6375                       -2.300948
                    2.64                      -2.2974362
                  2.6425                      -2.2950047
                   2.645                      -2.2937345
                  2.6475                      -2.2936857
                    2.65                      -2.2948997
                  2.6525                       -2.297405
                   2.655                      -2.3012067
                  2.6575                      -2.3062975
                    2.66                      -2.3126491
                  2.6625                      -2.3202208
                   2.665                      -2.3289515
                  2.6675                      -2.3387705
                    2.67                      -2.3495958
                  2.6725                      -2.3613318
                   2.675                      -2.3738747
                  2.6775                      -2.3871196
                    2.68                      -2.4009515
                  2.6825                      -2.4152551
                   2.685                      -2.4299251
                  2.6875                      -2.4448476
                    2.69                      -2.4599221
                  2.6925                       -2.475051
                   2.695                      -2.4901536
                  2.6975                      -2.5051577
                     2.7                       -2.520005
                  2.7025                      -2.5346516
                   2.705                       -2.549076
                  2.7075                      -2.5632671
                    2.71                      -2.5772332
                  2.7125                      -2.5910061
                   2.715                       -2.604627
                  2.7175                      -2.6181582
                    2.72                      -2.6316715
                  2.7225                      -2.6452601
                   2.725                      -2.6590303
                  2.7275                      -2.6730854
                    2.73                      -2.6875517
                  2.7325                      -2.7025497
                   2.735                      -2.7182065
                  2.7375                      -2.7346537
                    2.74                      -2.7520077
                  2.7425                      -2.7703955
                   2.745                       -2.789928
                  2.7475                      -2.8107077
                    2.75                       -2.832826
                  2.7525                      -2.8563661
                   2.755                      -2.8813844
                  2.7575                      -2.9079329
                    2.76                       -2.936044
                  2.7625                      -2.9657307
                   2.765                      -2.9969913
                  2.7675                       -3.029798
                    2.77                      -3.0641199
                  2.7725                      -3.0998907
                   2.775                      -3.1370358
                  2.7775                      -3.1754758
                    2.78                      -3.2150962
                  2.7825                      -3.2557819
                   2.785                      -3.2974089
                  2.7875                      -3.3398257
                    2.79                      -3.3828919
                  2.7925                       -3.426461
                   2.795                      -3.4703624
                  2.7975                      -3.5144583
                     2.8                      -3.5585795
                  2.8025                      -3.6025854
                   2.805                      -3.6463371
                  2.8075                      -3.6896952
                    2.81                      -3.7325511
                  2.8125                      -3.7747856
                   2.815                      -3.8163294
                  2.8175                      -3.8571096
                    2.82                      -3.8970713
                  2.8225                      -3.9361924
                   2.825                      -3.9744719
                  2.8275                       -4.011913
                    2.83                      -4.0485535
                  2.8325                      -4.0844607
                   2.835                      -4.1196915
                  2.8375                      -4.1543418
                    2.84                       -4.188503
                  2.8425                      -4.2222923
                   2.845                      -4.2558283
                  2.8475                      -4.2892209
                    2.85                      -4.3225965
                  2.8525                      -4.3560661
                   2.855                      -4.3897475
                  2.8575                      -4.4237355
                    2.86                      -4.4581105
                  2.8625                      -4.4929451
                   2.865                      -4.5282942
                  2.8675                      -4.5641718
                    2.87                      -4.6005959
                  2.8725                      -4.6375489
                   2.875                      -4.6749813
                  2.8775                      -4.7128233
                    2.88                      -4.7509786
                  2.8825                      -4.7893285
                   2.885                      -4.8277321
                  2.8875                      -4.8660093
                    2.89                      -4.9039933
                  2.8925                      -4.9414644
                   2.895                      -4.9782139
                  2.8975                      -5.0140163
                     2.9                      -5.0486355
                  2.9025                      -5.0818436
                   2.905                      -5.1134119
                  2.9075                      -5.1431295
                    2.91                      -5.1707931
                  2.9125                      -5.1962268
                   2.915                      -5.2192743
                  2.9175                      -5.2398235
                    2.92                      -5.2577771
                  2.9225                      -5.2730908
                   2.925                      -5.2857585
                  2.9275                      -5.2958124
                    2.93                      -5.3033279
                  2.9325                      -5.3084117
                   2.935                      -5.3112223
                  2.9375                       -5.311941
                    2.94                      -5.3107855
                  2.9425                      -5.3079874
                   2.945                      -5.3038079
                  2.9475                      -5.2985136
                    2.95                       -5.292382
                  2.9525                      -5.2856804
                   2.955                      -5.2786761
                  2.9575                       -5.271624
                    2.96                      -5.2647522
                  2.9625                      -5.2582757
                   2.965                      -5.2523677
                  2.9675                      -5.2471832
                    2.97                      -5.2428304
                  2.9725                      -5.2393918
                   2.975                      -5.2369017
                  2.9775                      -5.2353612
                    2.98                      -5.2347317
                  2.9825                      -5.2349354
                   2.985                      -5.2358619
                  2.9875                      -5.2373614
                    2.99                      -5.2392608
                  2.9925                      -5.2413561
                   2.995                      -5.2434199
                  2.9975                      -5.2452114
                       3                      -5.2464769
