Frequency    S1,1_[4]

                     0.5                   -0.0026717125
                  0.5025                   -0.0028145048
                   0.505                   -0.0029647098
                  0.5075                   -0.0031226429
                    0.51                   -0.0032886466
                  0.5125                     -0.00346309
                   0.515                   -0.0036463427
                  0.5175                   -0.0038388046
                    0.52                    -0.004040928
                  0.5225                   -0.0042531423
                   0.525                   -0.0044759648
                  0.5275                   -0.0047098966
                    0.53                   -0.0049554908
                  0.5325                   -0.0052133824
                   0.535                   -0.0054841965
                  0.5375                   -0.0057686006
                    0.54                    -0.006067376
                  0.5425                    -0.006381294
                   0.545                    -0.006711213
                  0.5475                   -0.0070580521
                    0.55                   -0.0074228112
                  0.5525                   -0.0078065262
                   0.555                   -0.0082102998
                  0.5575                   -0.0086353605
                    0.56                   -0.0090830002
                  0.5625                   -0.0095545744
                   0.565                    -0.010051525
                  0.5675                     -0.01057542
                    0.57                    -0.011127933
                  0.5725                    -0.011710769
                   0.575                    -0.012325778
                  0.5775                    -0.012974951
                    0.58                    -0.013660376
                  0.5825                     -0.01438427
                   0.585                    -0.015148902
                  0.5875                    -0.015956751
                    0.59                    -0.016810462
                  0.5925                    -0.017712687
                   0.595                    -0.018666366
                  0.5975                    -0.019674491
                     0.6                    -0.020740355
                  0.6025                    -0.021867226
                   0.605                    -0.023058728
                  0.6075                    -0.024318591
                    0.61                     -0.02565075
                  0.6125                    -0.027059408
                   0.615                    -0.028548808
                  0.6175                    -0.030123744
                    0.62                    -0.031788948
                  0.6225                    -0.033549706
                   0.625                    -0.035411206
                  0.6275                    -0.037379333
                    0.63                    -0.039460066
                  0.6325                    -0.041659823
                   0.635                    -0.043985131
                  0.6375                    -0.046443241
                    0.64                    -0.049041666
                  0.6425                    -0.051788199
                   0.645                    -0.054691125
                  0.6475                    -0.057759444
                    0.65                    -0.061002362
                  0.6525                    -0.064429673
                   0.655                    -0.068051782
                  0.6575                    -0.071879557
                    0.66                    -0.075924631
                  0.6625                    -0.080198872
                   0.665                    -0.084715243
                  0.6675                    -0.089487041
                    0.67                    -0.094528337
                  0.6725                    -0.099854054
                   0.675                     -0.10547935
                  0.6775                     -0.11142049
                    0.68                     -0.11769445
                  0.6825                     -0.12431886
                   0.685                     -0.13131189
                  0.6875                     -0.13869251
                    0.69                     -0.14648032
                  0.6925                       -0.154696
                   0.695                     -0.16335999
                  0.6975                     -0.17249405
                     0.7                     -0.18212029
                  0.7025                     -0.19226088
                   0.705                     -0.20293849
                  0.7075                     -0.21417613
                    0.71                     -0.22599762
                  0.7125                     -0.23842565
                   0.715                     -0.25148329
                  0.7175                     -0.26519317
                    0.72                     -0.27957822
                  0.7225                     -0.29465967
                   0.725                     -0.31045839
                  0.7275                     -0.32699404
                    0.73                     -0.34428583
                  0.7325                     -0.36235025
                   0.735                     -0.38120251
                  0.7375                     -0.40085587
                    0.74                     -0.42132167
                  0.7425                     -0.44260776
                   0.745                     -0.46471979
                  0.7475                     -0.48766075
                    0.75                     -0.51143013
                  0.7525                     -0.53602421
                   0.755                     -0.56143486
                  0.7575                     -0.58765119
                    0.76                     -0.61465861
                  0.7625                     -0.64243875
                   0.765                     -0.67096823
                  0.7675                     -0.70022174
                    0.77                     -0.73016934
                  0.7725                     -0.76077853
                   0.775                     -0.79201282
                  0.7775                     -0.82383385
                    0.78                     -0.85620083
                  0.7825                     -0.88907022
                   0.785                     -0.92239829
                  0.7875                     -0.95613874
                    0.79                     -0.99024709
                  0.7925                      -1.0246768
                   0.795                      -1.0593838
                  0.7975                      -1.0943245
                     0.8                      -1.1294583
                  0.8025                      -1.1647456
                   0.805                       -1.200151
                  0.8075                      -1.2356419
                    0.81                      -1.2711913
                  0.8125                      -1.3067739
                   0.815                      -1.3423697
                  0.8175                      -1.3779653
                    0.82                      -1.4135512
                  0.8225                      -1.4491233
                   0.825                      -1.4846809
                  0.8275                      -1.5202318
                    0.83                      -1.5557862
                  0.8325                      -1.5913609
                   0.835                      -1.6269771
                  0.8375                      -1.6626613
                    0.84                      -1.6984426
                  0.8425                       -1.734357
                   0.845                      -1.7704453
                  0.8475                      -1.8067479
                    0.85                      -1.8433142
                  0.8525                      -1.8801942
                   0.855                      -1.9174428
                  0.8575                      -1.9551172
                    0.86                      -1.9932785
                  0.8625                      -2.0319923
                   0.865                      -2.0713256
                  0.8675                      -2.1113493
                    0.87                      -2.1521396
                  0.8725                      -2.1937732
                   0.875                      -2.2363334
                  0.8775                       -2.279906
                    0.88                      -2.3245814
                  0.8825                      -2.3704566
                   0.885                      -2.4176305
                  0.8875                      -2.4662097
                    0.89                      -2.5163084
                  0.8925                      -2.5680452
                   0.895                      -2.6215455
                  0.8975                      -2.6769477
                     0.9                      -2.7343943
                  0.9025                      -2.7940396
                   0.905                      -2.8560496
                  0.9075                       -2.920603
                    0.91                       -2.987889
                  0.9125                      -3.0581153
                   0.915                         -3.1315
                  0.9175                      -3.2082835
                    0.92                      -3.2887243
                  0.9225                      -3.3730999
                   0.925                      -3.4617089
                  0.9275                      -3.5548767
                    0.93                      -3.6529618
                  0.9325                       -3.756335
                   0.935                      -3.8654187
                  0.9375                      -3.9806527
                    0.94                      -4.1025226
                  0.9425                      -4.2315544
                   0.945                      -4.3683096
                  0.9475                      -4.5134011
                    0.95                        -4.66749
                  0.9525                      -4.8312886
                   0.955                      -5.0055559
                  0.9575                      -5.1911203
                    0.96                      -5.3888598
                  0.9625                      -5.5997037
                   0.965                      -5.8246433
                  0.9675                      -6.0647312
                    0.97                      -6.3210479
                  0.9725                      -6.5947232
                   0.975                      -6.8869001
                  0.9775                      -7.1987123
                    0.98                      -7.5312705
                  0.9825                      -7.8855702
                   0.985                      -8.2624738
                  0.9875                      -8.6625876
                    0.99                      -9.0861542
                  0.9925                      -9.5328342
                   0.995                       -10.00153
                  0.9975                      -10.490036
                       1                      -10.994663
                  1.0025                      -11.509775
                   1.005                        -12.0272
                  1.0075                      -12.535801
                    1.01                      -13.021188
                  1.0125                       -13.46586
                   1.015                      -13.850359
                  1.0175                      -14.155383
                    1.02                      -14.364801
                  1.0225                      -14.468987
                   1.025                      -14.466846
                  1.0275                      -14.366042
                    1.03                      -14.180905
                  1.0325                      -13.929368
                   1.035                      -13.629828
                  1.0375                       -13.29891
                    1.04                      -12.950364
                  1.0425                      -12.594843
                   1.045                      -12.240042
                  1.0475                      -11.891293
                    1.05                       -11.55205
                  1.0525                      -11.224396
                   1.055                      -10.909386
                  1.0575                      -10.607394
                    1.06                      -10.318309
                  1.0625                      -10.041724
                   1.065                      -9.7770761
                  1.0675                      -9.5236472
                    1.07                      -9.2807096
                  1.0725                      -9.0475466
                   1.075                      -8.8234295
                  1.0775                       -8.607683
                    1.08                      -8.3996855
                  1.0825                      -8.1988648
                   1.085                      -8.0046939
                  1.0875                      -7.8167006
                    1.09                      -7.6344721
                  1.0925                      -7.4576468
                   1.095                      -7.2858899
                  1.0975                      -7.1189116
                     1.1                      -6.9564784
                  1.1025                      -6.7983479
                   1.105                      -6.6443439
                  1.1075                      -6.4943032
                    1.11                       -6.348072
                  1.1125                      -6.2055205
                   1.115                      -6.0665467
                  1.1175                      -5.9310375
                    1.12                      -5.7989165
                  1.1225                      -5.6700866
                   1.125                      -5.5444837
                  1.1275                      -5.4220439
                    1.13                      -5.3026866
                  1.1325                      -5.1863605
                   1.135                      -5.0730063
                  1.1375                      -4.9625636
                    1.14                      -4.8549737
                  1.1425                      -4.7501843
                   1.145                      -4.6481399
                  1.1475                      -4.5487898
                    1.15                      -4.4520701
                  1.1525                      -4.3579321
                   1.155                      -4.2663227
                  1.1575                      -4.1771787
                    1.16                      -4.0904502
                  1.1625                      -4.0060845
                   1.165                      -3.9240272
                  1.1675                      -3.8442216
                    1.17                      -3.7666132
                  1.1725                      -3.6911545
                   1.175                      -3.6177851
                  1.1775                      -3.5464475
                    1.18                       -3.477102
                  1.1825                      -3.4096993
                   1.185                      -3.3441774
                  1.1875                      -3.2804946
                    1.19                      -3.2185978
                  1.1925                      -3.1584444
                   1.195                      -3.0999866
                  1.1975                      -3.0431722
                     1.2                       -2.987962
                  1.2025                      -2.9343172
                   1.205                      -2.8821867
                  1.2075                      -2.8315319
                    1.21                      -2.7823127
                  1.2125                      -2.7344951
                   1.215                      -2.6880288
                  1.2175                      -2.6428861
                    1.22                      -2.5990283
                  1.2225                      -2.5564183
                   1.225                      -2.5150237
                  1.2275                      -2.4748091
                    1.23                      -2.4357471
                  1.2325                      -2.3977971
                   1.235                      -2.3609336
                  1.2375                      -2.3251274
                    1.24                      -2.2903493
                  1.2425                      -2.2565683
                   1.245                      -2.2237584
                  1.2475                      -2.1918966
                    1.25                      -2.1609525
                  1.2525                      -2.1309024
                   1.255                      -2.1017208
                  1.2575                      -2.0733865
                    1.26                      -2.0458731
                  1.2625                      -2.0191604
                   1.265                      -1.9932264
                  1.2675                      -1.9680536
                    1.27                      -1.9436146
                  1.2725                      -1.9198925
                   1.275                      -1.8968687
                  1.2775                      -1.8745239
                    1.28                      -1.8528377
                  1.2825                      -1.8317943
                   1.285                      -1.8113766
                  1.2875                      -1.7915684
                    1.29                      -1.7723497
                  1.2925                      -1.7537083
                   1.295                      -1.7356263
                  1.2975                      -1.7180908
                     1.3                       -1.701084
                  1.3025                      -1.6845948
                   1.305                      -1.6686083
                  1.3075                      -1.6531119
                    1.31                      -1.6380914
                  1.3125                      -1.6235359
                   1.315                      -1.6094308
                  1.3175                      -1.5957671
                    1.32                      -1.5825316
                  1.3225                      -1.5697143
                   1.325                      -1.5573054
                  1.3275                      -1.5452946
                    1.33                      -1.5336706
                  1.3325                      -1.5224269
                   1.335                      -1.5115522
                  1.3375                      -1.5010394
                    1.34                      -1.4908795
                  1.3425                      -1.4810665
                   1.345                      -1.4715917
                  1.3475                      -1.4624487
                    1.35                      -1.4536307
                  1.3525                      -1.4451313
                   1.355                       -1.436945
                  1.3575                      -1.4290658
                    1.36                      -1.4214884
                  1.3625                      -1.4142089
                   1.365                      -1.4072217
                  1.3675                       -1.400522
                    1.37                      -1.3941069
                  1.3725                      -1.3879717
                   1.375                      -1.3821119
                  1.3775                      -1.3765248
                    1.38                      -1.3712073
                  1.3825                      -1.3661556
                   1.385                      -1.3613671
                  1.3875                       -1.356838
                    1.39                      -1.3525665
                  1.3925                      -1.3485497
                   1.395                      -1.3447844
                  1.3975                      -1.3412684
                     1.4                      -1.3379983
                  1.4025                       -1.334973
                   1.405                        -1.33219
                  1.4075                      -1.3296454
                    1.41                      -1.3273386
                  1.4125                      -1.3252662
                   1.415                       -1.323426
                  1.4175                      -1.3218159
                    1.42                      -1.3204331
                  1.4225                      -1.3192759
                   1.425                      -1.3183417
                  1.4275                      -1.3176291
                    1.43                      -1.3171339
                  1.4325                      -1.3168566
                   1.435                       -1.316793
                  1.4375                      -1.3169419
                    1.44                      -1.3173019
                  1.4425                      -1.3178698
                   1.445                      -1.3186443
                  1.4475                      -1.3196244
                    1.45                       -1.320807
                  1.4525                      -1.3221917
                   1.455                      -1.3237768
                  1.4575                       -1.325561
                    1.46                      -1.3275431
                  1.4625                      -1.3297221
                   1.465                      -1.3320968
                  1.4675                      -1.3346668
                    1.47                      -1.3374324
                  1.4725                      -1.3403911
                   1.475                      -1.3435441
                  1.4775                      -1.3468907
                    1.48                      -1.3504315
                  1.4825                      -1.3541658
                   1.485                      -1.3580947
                  1.4875                      -1.3622183
                    1.49                      -1.3665372
                  1.4925                      -1.3710519
                   1.495                       -1.375764
                  1.4975                      -1.3806736
                     1.5                      -1.3857829
                  1.5025                      -1.3910919
                   1.505                      -1.3966023
                  1.5075                      -1.4023158
                    1.51                      -1.4082328
                  1.5125                      -1.4143567
                   1.515                      -1.4206878
                  1.5175                      -1.4272279
                    1.52                      -1.4339791
                  1.5225                      -1.4409426
                   1.525                      -1.4481205
                  1.5275                      -1.4555131
                    1.53                      -1.4631245
                  1.5325                      -1.4709554
                   1.535                      -1.4790069
                  1.5375                      -1.4872815
                    1.54                      -1.4957814
                  1.5425                      -1.5045071
                   1.545                      -1.5134618
                  1.5475                      -1.5226446
                    1.55                      -1.5320603
                  1.5525                      -1.5417083
                   1.555                      -1.5515903
                  1.5575                      -1.5617091
                    1.56                      -1.5720659
                  1.5625                      -1.5826613
                   1.565                      -1.5934975
                  1.5675                      -1.6045751
                    1.57                      -1.6158971
                  1.5725                      -1.6274639
                   1.575                      -1.6392758
                  1.5775                      -1.6513363
                    1.58                      -1.6636461
                  1.5825                       -1.676206
                   1.585                      -1.6890183
                  1.5875                      -1.7020838
                    1.59                      -1.7154048
                  1.5925                       -1.728981
                   1.595                       -1.742816
                  1.5975                      -1.7569115
                     1.6                      -1.7712677
                  1.6025                       -1.785887
                   1.605                       -1.800772
                  1.6075                       -1.815923
                    1.61                      -1.8313436
                  1.6125                      -1.8470347
                   1.615                      -1.8629991
                  1.6175                      -1.8792394
                    1.62                       -1.895757
                  1.6225                      -1.9125564
                   1.625                      -1.9296386
                  1.6275                      -1.9470063
                    1.63                      -1.9646623
                  1.6325                      -1.9826115
                   1.635                      -2.0008547
                  1.6375                      -2.0193963
                    1.64                      -2.0382391
                  1.6425                      -2.0573875
                   1.645                      -2.0768438
                  1.6475                       -2.096611
                    1.65                      -2.1166946
                  1.6525                      -2.1370985
                   1.655                      -2.1578243
                  1.6575                      -2.1788767
                    1.66                       -2.200261
                  1.6625                      -2.2219798
                   1.665                      -2.2440374
                  1.6675                      -2.2664345
                    1.67                        -2.28918
                  1.6725                      -2.3122757
                   1.675                      -2.3357224
                  1.6775                      -2.3595283
                    1.68                       -2.383695
                  1.6825                      -2.4082252
                   1.685                      -2.4331226
                  1.6875                      -2.4583896
                    1.69                      -2.4840312
                  1.6925                        -2.51005
                   1.695                      -2.5364453
                  1.6975                      -2.5632252
                     1.7                      -2.5903888
                  1.7025                      -2.6179392
                   1.705                      -2.6458772
                  1.7075                       -2.674206
                    1.71                      -2.7029285
                  1.7125                      -2.7320442
                   1.715                      -2.7615558
                  1.7175                      -2.7914668
                    1.72                       -2.821776
                  1.7225                      -2.8524845
                   1.725                      -2.8835952
                  1.7275                      -2.9151077
                    1.73                      -2.9470258
                  1.7325                      -2.9793468
                   1.735                      -3.0120749
                  1.7375                      -3.0452112
                    1.74                      -3.0787554
                  1.7425                      -3.1127113
                   1.745                      -3.1470788
                  1.7475                      -3.1818584
                    1.75                      -3.2170529
                  1.7525                       -3.252666
                   1.755                      -3.2886973
                  1.7575                      -3.3251515
                    1.76                      -3.3620284
                  1.7625                      -3.3993341
                   1.765                      -3.4370696
                  1.7675                      -3.4752367
                    1.77                      -3.5138411
                  1.7725                      -3.5528874
                   1.775                      -3.5923764
                  1.7775                      -3.6323145
                    1.78                      -3.6727076
                  1.7825                      -3.7135581
                   1.785                      -3.7548719
                  1.7875                        -3.79665
                    1.79                      -3.8389049
                  1.7925                      -3.8816386
                   1.795                      -3.9248551
                  1.7975                      -3.9685609
                     1.8                      -4.0127641
                  1.8025                      -4.0574694
                   1.805                      -4.1026816
                  1.8075                      -4.1484041
                    1.81                      -4.1946494
                  1.8125                      -4.2414195
                   1.815                      -4.2887177
                  1.8175                      -4.3365561
                    1.82                      -4.3849374
                  1.8225                      -4.4338671
                   1.825                      -4.4833489
                  1.8275                      -4.5333896
                    1.83                      -4.5839978
                  1.8325                      -4.6351764
                   1.835                      -4.6869263
                  1.8375                       -4.739261
                    1.84                      -4.7921825
                  1.8425                      -4.8456929
                   1.845                      -4.8998024
                  1.8475                      -4.9545119
                    1.85                      -5.0098311
                  1.8525                      -5.0657618
                   1.855                      -5.1223113
                  1.8575                      -5.1794893
                    1.86                      -5.2372989
                  1.8625                      -5.2957461
                   1.865                      -5.3548426
                  1.8675                      -5.4145925
                    1.87                      -5.4750063
                  1.8725                       -5.536096
                   1.875                      -5.5978683
                  1.8775                      -5.6603388
                    1.88                      -5.7235138
                  1.8825                      -5.7874135
                   1.885                      -5.8520485
                  1.8875                      -5.9174323
                    1.89                      -5.9835833
                  1.8925                      -6.0505232
                   1.895                      -6.1182642
                  1.8975                      -6.1868327
                     1.9                      -6.2562431
                  1.9025                      -6.3265244
                   1.905                      -6.3976955
                  1.9075                      -6.4697758
                    1.91                      -6.5428006
                  1.9125                      -6.6167892
                   1.915                      -6.6917638
                  1.9175                      -6.7677539
                    1.92                      -6.8447871
                  1.9225                      -6.9228851
                   1.925                      -7.0020727
                  1.9275                      -7.0823673
                    1.93                      -7.1638018
                  1.9325                      -7.2463876
                   1.935                      -7.3301374
                  1.9375                       -7.415078
                    1.94                       -7.501212
                  1.9425                      -7.5885488
                   1.945                      -7.6770821
                  1.9475                      -7.7668143
                    1.95                      -7.8577375
                  1.9525                      -7.9498313
                   1.955                      -8.0430657
                  1.9575                      -8.1374195
                    1.96                      -8.2328445
                  1.9625                      -8.3292914
                   1.965                      -8.4266896
                  1.9675                      -8.5249751
                    1.97                      -8.6240616
                  1.9725                      -8.7238441
                   1.975                      -8.8242179
                  1.9775                      -8.9250585
                    1.98                      -9.0262235
                  1.9825                      -9.1275584
                   1.985                      -9.2289007
                  1.9875                      -9.3300583
                    1.99                       -9.430846
                  1.9925                      -9.5310431
                   1.995                      -9.6304311
                  1.9975                      -9.7287779
                       2                      -9.8258295
                  2.0025                      -9.9213383
                   2.005                      -10.015031
                  2.0075                      -10.106643
                    2.01                      -10.195903
                  2.0125                      -10.282547
                   2.015                      -10.366286
                  2.0175                      -10.446882
                    2.02                      -10.524066
                  2.0225                      -10.597608
                   2.025                      -10.667275
                  2.0275                      -10.732871
                    2.03                      -10.794213
                  2.0325                       -10.85115
                   2.035                      -10.903559
                  2.0375                      -10.951349
                    2.04                      -10.994457
                  2.0425                      -11.032861
                   2.045                      -11.066576
                  2.0475                      -11.095644
                    2.05                       -11.12015
                  2.0525                      -11.140209
                   2.055                      -11.155966
                  2.0575                      -11.167603
                    2.06                      -11.175322
                  2.0625                      -11.179354
                   2.065                      -11.179941
                  2.0675                      -11.177359
                    2.07                      -11.171883
                  2.0725                      -11.163806
                   2.075                      -11.153424
                  2.0775                      -11.141038
                    2.08                      -11.126954
                  2.0825                      -11.111474
                   2.085                      -11.094883
                  2.0875                       -11.07748
                    2.09                      -11.059542
                  2.0925                       -11.04134
                   2.095                      -11.023127
                  2.0975                      -11.005152
                     2.1                      -10.987636
                  2.1025                      -10.970812
                   2.105                      -10.954867
                  2.1075                      -10.940001
                    2.11                      -10.926374
                  2.1125                      -10.914153
                   2.115                      -10.903475
                  2.1175                      -10.894472
                    2.12                      -10.887252
                  2.1225                      -10.881925
                   2.125                      -10.878576
                  2.1275                      -10.877284
                    2.13                       -10.87811
                  2.1325                      -10.881112
                   2.135                      -10.886333
                  2.1375                      -10.893808
                    2.14                      -10.903558
                  2.1425                      -10.915609
                   2.145                      -10.929966
                  2.1475                      -10.946634
                    2.15                      -10.965609
                  2.1525                      -10.986881
                   2.155                      -11.010442
                  2.1575                      -11.036268
                    2.16                       -11.06434
                  2.1625                      -11.094633
                   2.165                       -11.12712
                  2.1675                      -11.161769
                    2.17                      -11.198545
                  2.1725                       -11.23742
                   2.175                      -11.278354
                  2.1775                      -11.321316
                    2.18                      -11.366265
                  2.1825                      -11.413166
                   2.185                      -11.461986
                  2.1875                      -11.512686
                    2.19                      -11.565233
                  2.1925                      -11.619593
                   2.195                      -11.675733
                  2.1975                       -11.73362
                     2.2                      -11.793219
                  2.2025                      -11.854509
                   2.205                       -11.91746
                  2.2075                      -11.982041
                    2.21                       -12.04823
                  2.2125                      -12.115998
                   2.215                      -12.185331
                  2.2175                      -12.256201
                    2.22                      -12.328583
                  2.2225                      -12.402461
                   2.225                      -12.477824
                  2.2275                      -12.554639
                    2.23                      -12.632886
                  2.2325                      -12.712549
                   2.235                      -12.793605
                  2.2375                       -12.87602
                    2.24                      -12.959784
                  2.2425                      -13.044848
                   2.245                        -13.1312
                  2.2475                       -13.21879
                    2.25                      -13.307576
                  2.2525                      -13.397507
                   2.255                      -13.488529
                  2.2575                      -13.580583
                    2.26                      -13.673595
                  2.2625                      -13.767478
                   2.265                       -13.86215
                  2.2675                      -13.957493
                    2.27                      -14.053396
                  2.2725                      -14.149727
                   2.275                      -14.246321
                  2.2775                      -14.343036
                    2.28                       -14.43967
                  2.2825                      -14.536028
                   2.285                      -14.631882
                  2.2875                      -14.726986
                    2.29                      -14.821076
                  2.2925                      -14.913849
                   2.295                      -15.005006
                  2.2975                      -15.094201
                     2.3                      -15.181076
                  2.3025                       -15.26525
                   2.305                      -15.346321
                  2.3075                       -15.42386
                    2.31                       -15.49743
                  2.3125                      -15.566593
                   2.315                      -15.630868
                  2.3175                      -15.689802
                    2.32                       -15.74293
                  2.3225                       -15.78978
                   2.325                       -15.82991
                  2.3275                       -15.86289
                    2.33                      -15.888323
                  2.3325                       -15.90583
                   2.335                      -15.915079
                  2.3375                      -15.915788
                    2.34                       -15.90773
                  2.3425                      -15.890719
                   2.345                      -15.864636
                  2.3475                      -15.829429
                    2.35                      -15.785124
                  2.3525                      -15.731755
                   2.355                      -15.669487
                  2.3575                      -15.598497
                    2.36                      -15.519045
                  2.3625                      -15.431424
                   2.365                      -15.335964
                  2.3675                      -15.233073
                    2.37                      -15.123116
                  2.3725                      -15.006561
                   2.375                      -14.883845
                  2.3775                      -14.755416
                    2.38                      -14.621768
                  2.3825                      -14.483353
                   2.385                      -14.340614
                  2.3875                       -14.19405
                    2.39                      -14.044054
                  2.3925                      -13.891048
                   2.395                      -13.735468
                  2.3975                      -13.577674
                     2.4                      -13.418063
                  2.4025                      -13.256959
                   2.405                      -13.094691
                  2.4075                      -12.931563
                    2.41                      -12.767839
                  2.4125                      -12.603809
                   2.415                      -12.439708
                  2.4175                      -12.275732
                    2.42                       -12.11212
                  2.4225                      -11.949064
                   2.425                      -11.786682
                  2.4275                       -11.62517
                    2.43                      -11.464665
                  2.4325                       -11.30527
                   2.435                      -11.147129
                  2.4375                      -10.990313
                    2.44                       -10.83494
                  2.4425                      -10.681094
                   2.445                        -10.5288
                  2.4475                      -10.378157
                    2.45                      -10.229198
                  2.4525                      -10.081985
                   2.455                      -9.9365532
                  2.4575                      -9.7929101
                    2.46                      -9.6511232
                  2.4625                      -9.5111752
                   2.465                      -9.3730805
                  2.4675                      -9.2368719
                    2.47                      -9.1025467
                  2.4725                      -8.9700874
                   2.475                      -8.8395249
                  2.4775                       -8.710823
                    2.48                      -8.5840116
                  2.4825                      -8.4590462
                   2.485                      -8.3359187
                  2.4875                      -8.2146323
                    2.49                      -8.0951505
                  2.4925                      -7.9774792
                   2.495                      -7.8615888
                  2.4975                      -7.7474598
                     2.5                      -7.6350702
                  2.5025                      -7.5244012
                   2.505                      -7.4154268
                  2.5075                      -7.3081357
                    2.51                      -7.2025063
                  2.5125                      -7.0985019
                   2.515                      -6.9961309
                  2.5175                      -6.8953361
                    2.52                      -6.7961224
                  2.5225                      -6.6984628
                   2.525                      -6.6023256
                  2.5275                      -6.5077144
                    2.53                      -6.4145855
                  2.5325                      -6.3229393
                   2.535                      -6.2327592
                  2.5375                      -6.1440046
                    2.54                      -6.0566761
                  2.5425                      -5.9707563
                   2.545                      -5.8862167
                  2.5475                      -5.8030592
                    2.55                      -5.7212576
                  2.5525                       -5.640801
                   2.555                      -5.5616712
                  2.5575                      -5.4838483
                    2.56                      -5.4073337
                  2.5625                      -5.3321054
                   2.565                      -5.2581399
                  2.5675                      -5.1854419
                    2.57                      -5.1139805
                  2.5725                      -5.0437657
                   2.575                      -4.9747607
                  2.5775                      -4.9069552
                    2.58                      -4.8403477
                  2.5825                      -4.7749167
                   2.585                      -4.7106432
                  2.5875                       -4.647524
                    2.59                      -4.5855468
                  2.5925                      -4.5246777
                   2.595                      -4.4649199
                  2.5975                      -4.4062485
                     2.6                      -4.3486572
                  2.6025                       -4.292124
                   2.605                      -4.2366311
                  2.6075                      -4.1821724
                    2.61                      -4.1287142
                  2.6125                      -4.0762539
                   2.615                       -4.024768
                  2.6175                      -3.9742351
                    2.62                      -3.9246482
                  2.6225                      -3.8759801
                   2.625                      -3.8282114
                  2.6275                      -3.7813367
                    2.63                      -3.7353219
                  2.6325                      -3.6901512
                   2.635                      -3.6458116
                  2.6375                      -3.6022795
                    2.64                       -3.559541
                  2.6425                      -3.5175741
                   2.645                      -3.4763596
                  2.6475                       -3.435886
                    2.65                      -3.3961246
                  2.6525                      -3.3570683
                   2.655                      -3.3186964
                  2.6575                       -3.280988
                    2.66                      -3.2439354
                  2.6625                      -3.2075181
                   2.665                       -3.171724
                  2.6675                      -3.1365366
                    2.67                      -3.1019425
                  2.6725                      -3.0679286
                   2.675                       -3.034486
                  2.6775                      -3.0015984
                    2.68                      -2.9692605
                  2.6825                      -2.9374624
                   2.685                      -2.9061871
                  2.6875                      -2.8754338
                    2.69                      -2.8451885
                  2.6925                      -2.8154494
                   2.695                      -2.7862079
                  2.6975                       -2.757453
                     2.7                       -2.729186
                  2.7025                      -2.7013994
                   2.705                      -2.6740806
                  2.7075                      -2.6472331
                    2.71                      -2.6208489
                  2.7125                      -2.5949218
                   2.715                      -2.5694514
                  2.7175                      -2.5444282
                    2.72                      -2.5198549
                  2.7225                      -2.4957203
                   2.725                      -2.4720204
                  2.7275                       -2.448753
                    2.73                      -2.4259108
                  2.7325                      -2.4034909
                   2.735                      -2.3814863
                  2.7375                      -2.3598892
                    2.74                      -2.3386994
                  2.7425                      -2.3179047
                   2.745                      -2.2974968
                  2.7475                      -2.2774739
                    2.75                      -2.2578261
                  2.7525                      -2.2385429
                   2.755                      -2.2196214
                  2.7575                      -2.2010491
                    2.76                      -2.1828186
                  2.7625                      -2.1649217
                   2.765                      -2.1473458
                  2.7675                      -2.1300854
                    2.77                      -2.1131291
                  2.7725                      -2.0964699
                   2.775                      -2.0800971
                  2.7775                      -2.0639982
                    2.78                      -2.0481695
                  2.7825                       -2.032599
                   2.785                      -2.0172757
                  2.7875                      -2.0021946
                    2.79                      -1.9873462
                  2.7925                      -1.9727209
                   2.795                      -1.9583137
                  2.7975                      -1.9441153
                     2.8                      -1.9301195
                  2.8025                        -1.91632
                   2.805                      -1.9027103
                  2.8075                      -1.8892855
                    2.81                      -1.8760407
                  2.8125                      -1.8629728
                   2.815                      -1.8500761
                  2.8175                      -1.8373464
                    2.82                      -1.8247839
                  2.8225                      -1.8123848
                   2.825                      -1.8001456
                  2.8275                      -1.7880673
                    2.83                      -1.7761491
                  2.8325                      -1.7643872
                   2.835                      -1.7527843
                  2.8375                       -1.741339
                    2.84                      -1.7300518
                  2.8425                      -1.7189245
                   2.845                      -1.7079552
                  2.8475                      -1.6971465
                    2.85                      -1.6864997
                  2.8525                      -1.6760142
                   2.855                      -1.6656915
                  2.8575                      -1.6555318
                    2.86                      -1.6455365
                  2.8625                      -1.6357062
                   2.865                      -1.6260404
                  2.8675                      -1.6165408
                    2.87                      -1.6072046
                  2.8725                      -1.5980324
                   2.875                      -1.5890235
                  2.8775                      -1.5801759
                    2.88                      -1.5714894
                  2.8825                      -1.5629609
                   2.885                      -1.5545875
                  2.8875                      -1.5463683
                    2.89                      -1.5382971
                  2.8925                      -1.5303726
                   2.895                      -1.5225895
                  2.8975                      -1.5149436
                     2.9                      -1.5074309
                  2.9025                      -1.5000453
                   2.905                      -1.4927827
                  2.9075                      -1.4856365
                    2.91                      -1.4786014
                  2.9125                      -1.4716712
                   2.915                      -1.4648405
                  2.9175                      -1.4581021
                    2.92                      -1.4514518
                  2.9225                      -1.4448826
                   2.925                      -1.4383891
                  2.9275                      -1.4319646
                    2.93                      -1.4256046
                  2.9325                      -1.4193046
                   2.935                      -1.4130588
                  2.9375                      -1.4068623
                    2.94                      -1.4007124
                  2.9425                      -1.3946055
                   2.945                      -1.3885379
                  2.9475                       -1.382507
                    2.95                      -1.3765122
                  2.9525                      -1.3705499
                   2.955                      -1.3646213
                  2.9575                      -1.3587248
                    2.96                      -1.3528617
                  2.9625                       -1.347033
                   2.965                      -1.3412383
                  2.9675                       -1.335481
                    2.97                      -1.3297624
                  2.9725                      -1.3240863
                   2.975                       -1.318455
                  2.9775                      -1.3128719
                    2.98                      -1.3073406
                  2.9825                       -1.301865
                   2.985                      -1.2964485
                  2.9875                      -1.2910954
                    2.99                      -1.2858099
                  2.9925                      -1.2805944
                   2.995                      -1.2754546
                  2.9975                      -1.2703916
                       3                      -1.2654103
