Frequency    S2,2_[27]

                       0                 -1.0423068e-006
                  0.0035                  5.8268581e-009
                   0.007                  6.9245019e-009
                  0.0105                 -3.9222008e-008
                   0.014                 -1.8461271e-007
                  0.0175                 -4.6472028e-007
                   0.021                 -8.7577942e-007
                  0.0245                 -1.3601808e-006
                   0.028                 -1.8169186e-006
                  0.0315                 -2.1177268e-006
                   0.035                 -2.1554598e-006
                  0.0385                 -1.8898474e-006
                   0.042                 -1.3609323e-006
                  0.0455                 -7.3075454e-007
                   0.049                 -2.5830734e-007
                  0.0525                 -2.7141675e-007
                   0.056                 -1.1295843e-006
                  0.0595                 -3.0924444e-006
                   0.063                 -6.3137724e-006
                  0.0665                 -1.0670375e-005
                    0.07                 -1.5814499e-005
                  0.0735                 -2.1128312e-005
                   0.077                   -2.59047e-005
                  0.0805                 -2.9446985e-005
                   0.084                 -3.1291555e-005
                  0.0875                 -3.1363226e-005
                   0.091                 -3.0006215e-005
                  0.0945                 -2.8027679e-005
                   0.098                 -2.6666817e-005
                  0.1015                 -2.7329973e-005
                   0.105                 -3.1592819e-005
                  0.1085                 -4.0676543e-005
                   0.112                 -5.5185337e-005
                  0.1155                 -7.4884559e-005
                   0.119                  -9.855574e-005
                  0.1225                  -0.00012401411
                   0.126                   -0.0001485801
                  0.1295                   -0.0001696688
                   0.133                   -0.0001852922
                  0.1365                  -0.00019459758
                    0.14                  -0.00019811905
                  0.1435                  -0.00019821075
                   0.147                  -0.00019835488
                  0.1505                  -0.00020320023
                   0.154                  -0.00021767798
                  0.1575                  -0.00024613741
                   0.161                  -0.00029139257
                  0.1645                  -0.00035354686
                   0.168                  -0.00042978734
                  0.1715                  -0.00051449328
                   0.175                  -0.00059998319
                  0.1785                  -0.00067845481
                   0.182                  -0.00074312518
                  0.1855                  -0.00079026285
                   0.189                  -0.00082007399
                  0.1925                  -0.00083688834
                   0.196                  -0.00084898063
                  0.1995                  -0.00086792795
                   0.203                  -0.00090592799
                  0.2065                  -0.00097467912
                    0.21                   -0.0010818661
                  0.2135                   -0.0012294405
                   0.217                   -0.0014119265
                  0.2205                   -0.0016169213
                   0.224                   -0.0018273756
                  0.2275                   -0.0020246294
                   0.231                   -0.0021921155
                  0.2345                   -0.0023203582
                   0.238                   -0.0024068278
                  0.2415                   -0.0024590914
                   0.245                   -0.0024925139
                  0.2485                    -0.002528838
                   0.252                   -0.0025922312
                  0.2555                   -0.0027049647
                   0.259                   -0.0028831527
                  0.2625                   -0.0031319131
                   0.266                   -0.0034435998
                  0.2695                   -0.0037978396
                   0.273                    -0.004165187
                  0.2765                   -0.0045138774
                    0.28                   -0.0048149198
                  0.2835                   -0.0050498063
                   0.287                   -0.0052130761
                  0.2905                   -0.0053143077
                   0.294                   -0.0053767396
                  0.2975                   -0.0054321448
                   0.301                   -0.0055186841
                  0.3045                    -0.005671773
                   0.308                   -0.0059176865
                  0.3115                   -0.0062692946
                   0.315                   -0.0067197491
                  0.3185                   -0.0072446183
                   0.322                   -0.0078040078
                  0.3255                    -0.008352725
                   0.329                   -0.0088479416
                  0.3325                   -0.0092595481
                   0.336                   -0.0095747179
                  0.3395                   -0.0098019038
                   0.343                   -0.0099687933
                  0.3465                    -0.010118787
                    0.35                    -0.010302403
                  0.3535                    -0.010572294
                   0.357                    -0.010970478
                  0.3605                    -0.011520686
                   0.364                    -0.012223007
                  0.3675                    -0.013050293
                   0.371                     -0.01395102
                  0.3745                    -0.014861208
                   0.378                    -0.015715859
                  0.3815                    -0.016462618
                   0.385                    -0.017074235
                  0.3885                    -0.017552638
                   0.392                    -0.017928325
                  0.3955                     -0.01825747
                   0.399                    -0.018612088
                  0.4025                    -0.019068664
                   0.406                    -0.019696331
                  0.4095                    -0.020542352
                   0.413                    -0.021620471
                  0.4165                    -0.022902538
                    0.42                    -0.024322257
                  0.4235                     -0.02578584
                   0.427                    -0.027189453
                  0.4305                    -0.028444055
                   0.434                    -0.029493644
                  0.4375                    -0.030328479
                   0.441                    -0.030988639
                  0.4445                    -0.031559424
                   0.448                     -0.03216089
                  0.4515                    -0.032936261
                   0.455                    -0.034028314
                  0.4585                    -0.035559203
                   0.462                    -0.037603306
                  0.4655                    -0.040164184
                   0.469                    -0.043164144
                  0.4725                    -0.046448843
                   0.476                    -0.049817415
                  0.4795                     -0.05306546
                   0.483                    -0.056033485
                  0.4865                    -0.058649658
                    0.49                    -0.060953802
                  0.4935                    -0.063105326
                   0.497                    -0.065380827
                  0.5005                     -0.06815897
                   0.504                    -0.071894986
                  0.5075                    -0.077075978
                   0.511                    -0.084146247
                  0.5145                    -0.093411823
                   0.518                      -0.1049382
                  0.5215                     -0.11847941
                   0.525                     -0.13348563
                  0.5285                     -0.14921815
                   0.532                     -0.16493695
                  0.5355                      -0.1801468
                   0.539                     -0.19480277
                  0.5425                     -0.20948779
                   0.546                     -0.22559635
                  0.5495                     -0.24559449
                   0.553                     -0.27342149
                  0.5565                     -0.31507154
                    0.56                     -0.37922476
                  0.5635                     -0.47756257
                   0.567                     -0.62397583
                  0.5705                     -0.83158861
                   0.574                      -1.1070237
                  0.5775                      -1.4440245
                   0.581                       -1.821364
                  0.5845                      -2.2086423
                   0.588                      -2.5761146
                  0.5915                      -2.8995482
                   0.595                      -3.1562916
                  0.5985                      -3.3174589
                   0.602                      -3.3469279
                  0.6055                      -3.2158194
                   0.609                      -2.9281291
                  0.6125                      -2.5331408
                   0.616                      -2.1059443
                  0.6195                      -1.7124837
                   0.623                      -1.3890813
                  0.6265                      -1.1435424
                    0.63                     -0.96646339
                  0.6335                     -0.84164593
                   0.637                     -0.75242406
                  0.6405                     -0.68463023
                   0.644                     -0.62775284
                  0.6475                     -0.57522435
                   0.651                     -0.52398699
                  0.6545                     -0.47358491
                   0.658                     -0.42497307
                  0.6615                     -0.37955204
                   0.665                     -0.33852449
                  0.6685                      -0.3026363
                   0.672                     -0.27212901
                  0.6755                     -0.24678492
                   0.679                     -0.22602559
                  0.6825                     -0.20903142
                   0.686                     -0.19487803
                  0.6895                     -0.18267981
                   0.693                      -0.1717206
                  0.6965                     -0.16150219
                     0.7                     -0.15174949
                  0.7035                     -0.14235285
                   0.707                     -0.13330897
                  0.7105                     -0.12467815
                   0.714                     -0.11655746
                  0.7175                     -0.10905797
                   0.721                     -0.10228564
                  0.7245                    -0.096323611
                   0.728                    -0.091213195
                  0.7315                    -0.086946813
                   0.735                    -0.083464582
                  0.7385                    -0.080660227
                   0.742                    -0.078393802
                  0.7455                    -0.076507432
                   0.749                    -0.074846756
                  0.7525                    -0.073280352
                   0.756                     -0.07171431
                  0.7595                    -0.070101238
                   0.763                    -0.068440203
                  0.7665                    -0.066771147
                    0.77                    -0.065157699
                  0.7735                    -0.063673909
                   0.777                     -0.06238646
                  0.7805                    -0.061340395
                   0.784                    -0.060552907
                  0.7875                    -0.060008637
                   0.791                    -0.059665946
                  0.7945                    -0.059461394
                   0.798                    -0.059322997
                  0.8015                    -0.059181354
                   0.805                    -0.058980205
                  0.8085                    -0.058684316
                   0.812                    -0.058284464
                  0.8155                    -0.057795903
                   0.819                     -0.05725449
                  0.8225                    -0.056707802
                   0.826                    -0.056205969
                  0.8295                    -0.055791301
                   0.833                    -0.055491634
                  0.8365                    -0.055315043
                    0.84                    -0.055249794
                  0.8435                    -0.055265959
                   0.847                    -0.055321349
                  0.8505                    -0.055369194
                   0.854                    -0.055365256
                  0.8575                    -0.055276165
                   0.861                    -0.055082965
                  0.8645                    -0.054784757
                   0.868                    -0.054396569
                  0.8715                    -0.053945494
                   0.875                    -0.053464241
                  0.8785                    -0.052984344
                   0.882                    -0.052529093
                  0.8855                      -0.0521091
                   0.889                    -0.051720045
                  0.8925                     -0.05134262
                   0.896                    -0.050945754
                  0.8995                     -0.05049191
                   0.903                    -0.049942319
                  0.9065                    -0.049264193
                    0.91                    -0.048435051
                  0.9135                    -0.047445345
                   0.917                    -0.046298809
                  0.9205                    -0.045009024
                   0.924                    -0.043594646
                  0.9275                    -0.042073628
                   0.931                    -0.040456842
                  0.9345                    -0.038743918
                   0.938                    -0.036920612
                  0.9415                    -0.034960256
                   0.945                    -0.032827079
                  0.9485                    -0.030483137
                   0.952                    -0.027896949
                  0.9555                    -0.025052695
                   0.959                    -0.021958153
                  0.9625                    -0.018651601
                   0.966                    -0.015207711
                  0.9695                    -0.011746438
                   0.973                   -0.0084494822
                  0.9765                   -0.0055924602
                    0.98                   -0.0036020259
                  0.9835                   -0.0031465084
                   0.987                   -0.0052638113
                  0.9905                    -0.011509687
                   0.994                    -0.024065175
                  0.9975                    -0.045658697
                   1.001                    -0.079076294
                  1.0045                     -0.12607984
                   1.008                     -0.18594405
                  1.0115                     -0.25448916
                   1.015                     -0.32469187
                  1.0185                     -0.38893711
                   1.022                     -0.44153135
                  1.0255                     -0.47997462
                   1.029                     -0.50470204
                  1.0325                     -0.51801474
                   1.036                     -0.52295068
                  1.0395                     -0.52248558
                   1.043                     -0.51910485
                  1.0465                     -0.51465241
                    1.05                     -0.51034942
                  1.0535                     -0.50689443
                   1.057                     -0.50458383
                  1.0605                     -0.50343506
                   1.064                     -0.50328882
                  1.0675                     -0.50389973
                   1.071                      -0.5050153
                  1.0745                     -0.50643573
                   1.078                     -0.50805653
                  1.0815                     -0.50988566
                   1.085                     -0.51203544
                  1.0885                      -0.5146941
                   1.092                     -0.51808068
                  1.0955                     -0.52239839
                   1.099                     -0.52779705
                  1.1025                     -0.53434243
                   1.106                      -0.5420059
                  1.1095                     -0.55066706
                   1.113                     -0.56013129
                  1.1165                     -0.57016244
                    1.12                     -0.58052276
                  1.1235                     -0.59101902
                   1.127                     -0.60154197
                  1.1305                     -0.61209368
                   1.134                     -0.62279138
                  1.1375                     -0.63384974
                   1.141                     -0.64554169
                  1.1445                     -0.65814977
                   1.148                     -0.67191618
                  1.1515                     -0.68700036
                   1.155                     -0.70344909
                  1.1585                     -0.72118384
                   1.162                     -0.74000524
                  1.1655                     -0.75962317
                   1.169                     -0.77970452
                  1.1725                     -0.79994199
                   1.176                     -0.82013342
                  1.1795                      -0.8402568
                   1.183                     -0.86052033
                  1.1865                     -0.88138435
                    1.19                     -0.90353379
                  1.1935                     -0.92781272
                   1.197                     -0.95512042
                  1.2005                     -0.98627236
                   1.204                      -1.0218508
                  1.2075                      -1.0620583
                   1.211                      -1.1066267
                  1.2145                      -1.1548418
                   1.218                      -1.2056781
                  1.2215                      -1.2580411
                   1.225                      -1.3110235
                  1.2285                      -1.3641286
                   1.232                      -1.4174476
                  1.2355                      -1.4717585
                   1.239                      -1.5285367
                  1.2425                      -1.5898951
                   1.246                      -1.6584315
                  1.2495                      -1.7370482
                   1.253                      -1.8287301
                  1.2565                      -1.9362733
                    1.26                      -2.0619646
                  1.2635                      -2.2071281
                   1.267                      -2.3714684
                  1.2705                      -2.5522672
                   1.274                       -2.743459
                  1.2775                      -2.9350735
                   1.281                       -3.113572
                  1.2845                      -3.2637248
                   1.288                      -3.3722162
                  1.2915                      -3.4317117
                   1.295                      -3.4434107
                  1.2985                      -3.4165539
                   1.302                      -3.3652955
                  1.3055                      -3.3047482
                   1.309                      -3.2480232
                  1.3125                      -3.2049094
                   1.316                      -3.1817615
                  1.3195                      -3.1820679
                   1.323                      -3.2071756
                  1.3265                      -3.2568837
                    1.33                      -3.3299026
                  1.3335                       -3.424151
                   1.337                      -3.5369976
                  1.3405                      -3.6654696
                   1.344                      -3.8065124
                  1.3475                      -3.9572753
                   1.351                      -4.1153914
                  1.3545                      -4.2792502
                   1.358                      -4.4481158
                  1.3615                      -4.6221786
                   1.365                      -4.8024422
                  1.3685                      -4.9905006
                   1.372                      -5.1883316
                  1.3755                      -5.3980668
                   1.379                      -5.6217874
                  1.3825                      -5.8614022
                   1.386                      -6.1184495
                  1.3895                      -6.3939074
                   1.393                      -6.6878421
                  1.3965                      -6.9987854
                     1.4                      -7.3229613
                  1.4035                      -7.6532177
                   1.407                      -7.9779169
                  1.4105                      -8.2803383
                   1.414                      -8.5392061
                  1.4175                      -8.7314744
                   1.421                      -8.8374194
                  1.4245                      -8.8468432
                   1.428                      -8.7635047
                  1.4315                      -8.6049936
                   1.435                      -8.3981799
                  1.4385                      -8.1726047
                   1.442                      -7.9551688
                  1.4455                      -7.7670948
                   1.449                      -7.6231858
                  1.4525                      -7.5325059
                   1.456                      -7.4992939
                  1.4595                      -7.5239101
                   1.463                      -7.6034367
                  1.4665                      -7.7319017
                    1.47                      -7.9002818
                  1.4735                      -8.0965603
                   1.477                      -8.3060252
                  1.4805                      -8.5122418
                   1.484                       -8.698863
                  1.4875                      -8.8520971
                   1.491                      -8.9631861
                  1.4945                        -9.02989
                   1.498                      -9.0562944
                  1.5015                      -9.0509832
                   1.505                      -9.0242328
                  1.5085                      -8.9854773
                   1.512                      -8.9413427
                  1.5155                      -8.8949445
                   1.519                      -8.8459709
                  1.5225                       -8.791452
                   1.526                      -8.7271232
                  1.5295                      -8.6487915
                   1.533                      -8.5536651
                  1.5365                      -8.4412422
                    1.54                      -8.3134988
                  1.5435                      -8.1745061
                   1.547                      -8.0295243
                  1.5505                      -7.8839459
                   1.554                      -7.7423638
                  1.5575                      -7.6079242
                   1.561                      -7.4819826
                  1.5645                      -7.3642303
                   1.568                      -7.2529605
                  1.5715                      -7.1456167
                   1.575                      -7.0394053
                  1.5785                      -6.9318996
                   1.582                      -6.8215306
                  1.5855                      -6.7078723
                   1.589                      -6.5916409
                  1.5925                       -6.474513
                   1.596                      -6.3586941
                  1.5995                      -6.2464645
                   1.603                      -6.1397556
                  1.6065                      -6.0398052
                    1.61                      -5.9470196
                  1.6135                       -5.860944
                   1.617                      -5.7804129
                  1.6205                      -5.7038305
                   1.624                      -5.6294635
                  1.6275                      -5.5558012
                   1.631                      -5.4818223
                  1.6345                      -5.4071676
                   1.638                      -5.3321778
                  1.6415                      -5.2577825
                   1.645                      -5.1853045
                  1.6485                      -5.1161995
                   1.652                      -5.0517618
                  1.6555                       -4.992954
                   1.659                      -4.9402521
                  1.6625                      -4.8936106
                   1.666                      -4.8525416
                  1.6695                      -4.8162271
                   1.673                      -4.7837188
                  1.6765                      -4.7541416
                    1.68                      -4.7268596
                  1.6835                      -4.7016112
                   1.687                      -4.6785619
                  1.6905                       -4.658262
                   1.694                      -4.6415626
                  1.6975                      -4.6294587
                   1.701                      -4.6229433
                  1.7045                      -4.6228479
                   1.708                      -4.6297433
                  1.7115                      -4.6438848
                   1.715                      -4.6652028
                  1.7185                      -4.6933561
                   1.722                       -4.727825
                  1.7255                      -4.7680163
                   1.729                      -4.8133814
                  1.7325                      -4.8635022
                   1.736                      -4.9181622
                  1.7395                      -4.9773502
                   1.743                      -5.0412214
                  1.7465                      -5.1100479
                    1.75                      -5.1841084
                  1.7535                      -5.2636209
                   1.757                      -5.3486649
                  1.7605                      -5.4391363
                   1.764                      -5.5347669
                  1.7675                      -5.6351521
                   1.771                      -5.7398161
                  1.7745                       -5.848314
                   1.778                      -5.9602672
                  1.7815                      -6.0754382
                   1.785                      -6.1936846
                  1.7885                       -6.314864
                   1.792                       -6.438722
                  1.7955                      -6.5646579
                   1.799                      -6.6915459
                  1.8025                      -6.8175341
                   1.806                       -6.939934
                  1.8095                      -7.0552531
                   1.813                      -7.1593196
                  1.8165                      -7.2475966
                    1.82                      -7.3156613
                  1.8235                      -7.3597133
                   1.827                      -7.3771109
                  1.8305                      -7.3667493
                   1.834                      -7.3292465
                  1.8375                      -7.2668168
                   1.841                      -7.1829459
                  1.8445                       -7.081897
                   1.848                      -6.9681257
                  1.8515                      -6.8458298
                   1.855                      -6.7185407
                  1.8585                      -6.5889438
                   1.862                      -6.4588317
                  1.8655                      -6.3291507
                   1.869                      -6.2002385
                  1.8725                      -6.0720719
                   1.876                      -5.9444917
                  1.8795                      -5.8174788
                   1.883                      -5.6912652
                  1.8865                      -5.5664293
                    1.89                      -5.4438693
                  1.8935                      -5.3246467
                   1.897                      -5.2098878
                  1.9005                       -5.100602
                   1.904                      -4.9975026
                  1.9075                      -4.9009489
                   1.911                      -4.8108627
                  1.9145                      -4.7267707
                   1.918                      -4.6478883
                  1.9215                      -4.5732229
                   1.925                      -4.5017612
                  1.9285                      -4.4326262
                   1.932                      -4.3651898
                  1.9355                      -4.2991769
                   1.939                      -4.2346658
                  1.9425                      -4.1720434
                   1.946                      -4.1119072
                  1.9495                      -4.0549085
                   1.953                      -4.0016274
                  1.9565                      -3.9524497
                    1.96                       -3.907462
                  1.9635                      -3.8664361
                   1.967                      -3.8288384
                  1.9705                      -3.7939131
                   1.974                      -3.7608042
                  1.9775                      -3.7286795
                   1.981                      -3.6968788
                  1.9845                      -3.6650186
                   1.988                      -3.6330323
                  1.9915                      -3.6011775
                   1.995                      -3.5699591
                  1.9985                      -3.5400336
                   2.002                      -3.5120698
                  2.0055                      -3.4866162
                   2.009                      -3.4639906
                  2.0125                      -3.4442308
                   2.016                      -3.4270574
                  2.0195                      -3.4119192
                   2.023                       -3.398091
                  2.0265                      -3.3847942
                    2.03                      -3.3713262
                  2.0335                      -3.3571939
                   2.037                      -3.3421937
                  2.0405                      -3.3264412
                   2.044                      -3.3103467
                  2.0475                      -3.2945277
                   2.051                      -3.2796942
                  2.0545                      -3.2665083
                   2.058                      -3.2554761
                  2.0615                      -3.2468324
                   2.065                      -3.2405007
                  2.0685                       -3.236107
                   2.072                        -3.23303
                  2.0755                        -3.23051
                   2.079                      -3.2277942
                  2.0825                      -3.2242678
                   2.086                      -3.2195642
                  2.0895                      -3.2136403
                   2.093                       -3.206772
                  2.0965                      -3.1995097
                     2.1                      -3.1925679
                  2.1035                      -3.1866985
                   2.107                      -3.1825482
                  2.1105                      -3.1805351
                   2.114                      -3.1807842
                  2.1175                       -3.183076
                   2.121                       -3.186898
                  2.1245                      -3.1915259
                   2.128                        -3.19615
                  2.1315                      -3.2000293
                   2.135                      -3.2026305
                  2.1385                      -3.2037225
                   2.142                       -3.203427
                  2.1455                      -3.2021899
                   2.149                      -3.2007031
                  2.1525                      -3.1997745
                   2.156                      -3.2001737
                  2.1595                      -3.2025015
                   2.163                      -3.2070732
                  2.1665                      -3.2138398
                    2.17                      -3.2224174
                  2.1735                      -3.2321203
                   2.177                       -3.242102
                  2.1805                      -3.2515017
                   2.184                      -3.2596044
                  2.1875                       -3.265975
                   2.191                      -3.2705493
                  2.1945                      -3.2736308
                   2.198                      -3.2758508
                  2.2015                      -3.2780285
                   2.205                      -3.2810379
                  2.2085                      -3.2856307
                   2.212                      -3.2922934
                  2.2155                      -3.3011532
                   2.219                        -3.31194
                  2.2225                      -3.3240243
                   2.226                      -3.3365284
                  2.2295                      -3.3484889
                   2.233                      -3.3590362
                  2.2365                      -3.3675806
                    2.24                      -3.3739289
                  2.2435                      -3.3783436
                   2.247                      -3.3815252
                  2.2505                      -3.3844829
                   2.254                      -3.3883853
                  2.2575                      -3.3943545
                   2.261                      -3.4032713
                  2.2645                      -3.4156223
                   2.268                      -3.4313992
                  2.2715                      -3.4500838
                   2.275                      -3.4707386
                  2.2785                      -3.4921358
                   2.282                      -3.5129844
                  2.2855                       -3.532137
                   2.289                      -3.5487864
                  2.2925                      -3.5625976
                   2.296                      -3.5737425
                  2.2995                      -3.5828455
                   2.303                      -3.5908648
                  2.3065                      -3.5988925
                    2.31                       -3.607953
                  2.3135                      -3.6188012
                   2.317                      -3.6317967
                  2.3205                      -3.6468128
                   2.324                      -3.6632692
                  2.3275                      -3.6802314
                   2.331                      -3.6965931
                  2.3345                      -3.7112738
                   2.338                       -3.723434
                  2.3415                      -3.7326368
                   2.345                      -3.7389145
                  2.3485                      -3.7427863
                   2.352                      -3.7451361
                  2.3555                      -3.7470781
                   2.359                      -3.7497531
                  2.3625                      -3.7541332
                   2.366                      -3.7608748
                  2.3695                       -3.770198
                   2.373                      -3.7819152
                  2.3765                      -3.7954726
                    2.38                      -3.8101127
                  2.3835                      -3.8250589
                   2.387                       -3.839685
                  2.3905                      -3.8536691
                   2.394                      -3.8670634
                  2.3975                      -3.8802947
                   2.401                      -3.8940961
                  2.4045                      -3.9093552
                   2.408                      -3.9269509
                  2.4115                      -3.9475391
                   2.415                      -3.9713935
                  2.4185                      -3.9982429
                   2.422                      -4.0272136
                  2.4255                      -4.0568677
                   2.429                      -4.0853427
                  2.4325                      -4.1105954
                   2.436                      -4.1307189
                  2.4395                      -4.1442457
                   2.443                      -4.1503935
                  2.4465                      -4.1492084
                    2.45                      -4.1415603
                  2.4535                      -4.1289927
                   2.457                      -4.1134325
                  2.4605                      -4.0968882
                   2.464                      -4.0810886
                  2.4675                       -4.067248
                   2.471                       -4.055857
                  2.4745                      -4.0466472
                   2.478                      -4.0387032
                  2.4815                      -4.0306251
                   2.485                      -4.0208559
                  2.4885                      -4.0079618
                   2.492                      -3.9909239
                  2.4955                      -3.9693357
                   2.499                      -3.9434754
                  2.5025                      -3.9142535
                   2.506                      -3.8830423
                  2.5095                      -3.8514273
                   2.513                      -3.8209017
                  2.5165                      -3.7926207
                    2.52                      -3.7671771
                  2.5235                      -3.7445404
                   2.527                      -3.7240278
                  2.5305                      -3.7044902
                   2.534                      -3.6844946
                  2.5375                      -3.6626216
                   2.541                      -3.6377152
                  2.5445                      -3.6091163
                   2.548                      -3.5767911
                  2.5515                      -3.5413133
                   2.555                      -3.5038005
                  2.5585                      -3.4657012
                   2.562                      -3.4285409
                  2.5655                       -3.393684
                   2.569                      -3.3621167
                  2.5725                      -3.3342803
                   2.576                      -3.3100421
                  2.5795                      -3.2887837
                   2.583                      -3.2694808
                  2.5865                      -3.2509822
                    2.59                      -3.2321612
                  2.5935                      -3.2121594
                   2.597                      -3.1905086
                  2.6005                      -3.1672059
                   2.604                      -3.1426574
                  2.6075                      -3.1176025
                   2.611                      -3.0928872
                  2.6145                      -3.0692976
                   2.618                      -3.0473722
                  2.6215                      -3.0272242
                   2.625                      -3.0084993
                  2.6285                      -2.9904106
                   2.632                      -2.9718665
                  2.6355                      -2.9516208
                   2.639                      -2.9285652
                  2.6425                       -2.901896
                   2.646                      -2.8713078
                  2.6495                      -2.8370569
                   2.653                       -2.799968
                  2.6565                      -2.7612809
                    2.66                       -2.722476
                  2.6635                      -2.6850309
                   2.667                       -2.650186
                  2.6705                      -2.6187405
                   2.674                      -2.5909677
                  2.6775                       -2.566566
                   2.681                      -2.5447457
                  2.6845                      -2.5243732
                   2.688                      -2.5041669
                  2.6915                       -2.482918
                   2.695                      -2.4596867
                  2.6985                       -2.433901
                   2.702                      -2.4054592
                  2.7055                      -2.3746687
                   2.709                      -2.3421867
                  2.7125                      -2.3088139
                   2.716                      -2.2753832
                  2.7195                      -2.2425484
                   2.723                       -2.210684
                  2.7265                       -2.179812
                    2.73                      -2.1496287
                  2.7335                      -2.1195866
                   2.737                      -2.0889826
                  2.7405                      -2.0571769
                   2.744                      -2.0236844
                  2.7475                      -1.9883278
                   2.751                      -1.9512928
                  2.7545                      -1.9131275
                   2.758                      -1.8746657
                  2.7615                      -1.8368923
                   2.765                       -1.800828
                  2.7685                      -1.7673121
                   2.772                      -1.7369152
                  2.7755                      -1.7098534
                   2.779                      -1.6859403
                  2.7825                      -1.6646705
                   2.786                      -1.6452907
                  2.7895                      -1.6269438
                   2.793                      -1.6088096
                  2.7965                      -1.5902382
                     2.8                      -1.5708318
                  2.8035                      -1.5505062
                   2.807                      -1.5294634
                  2.8105                      -1.5081286
                   2.814                      -1.4870312
                  2.8175                      -1.4666984
                   2.821                      -1.4475365
                  2.8245                      -1.4297283
                   2.828                      -1.4132237
                  2.8315                      -1.3977268
                   2.835                      -1.3827658
                  2.8385                      -1.3677906
                   2.842                      -1.3522688
                  2.8455                         -1.3358
                   2.849                      -1.3181985
                  2.8525                      -1.2995246
                   2.856                      -1.2800913
                  2.8595                       -1.260407
                   2.863                      -1.2410857
                  2.8665                      -1.2227421
                    2.87                      -1.2058886
                  2.8735                      -1.1908288
                   2.877                      -1.1776265
                  2.8805                      -1.1660863
                   2.884                      -1.1557959
                  2.8875                      -1.1461947
                   2.891                      -1.1366669
                  2.8945                      -1.1266493
                   2.898                      -1.1157156
                  2.9015                      -1.1036383
                   2.905                      -1.0904182
                  2.9085                       -1.076267
                   2.912                      -1.0615492
                  2.9155                      -1.0467092
                   2.919                      -1.0321685
                  2.9225                      -1.0182433
                   2.926                      -1.0050881
                  2.9295                     -0.99266141
                   2.933                     -0.98074603
                  2.9365                     -0.96899654
                    2.94                     -0.95701457
                  2.9435                     -0.94443483
                   2.947                     -0.93099979
                  2.9505                     -0.91662185
                   2.954                      -0.9014019
                  2.9575                     -0.88562114
                   2.961                     -0.86969038
                  2.9645                     -0.85407692
                   2.968                     -0.83923282
                  2.9715                     -0.82549872
                   2.975                     -0.81306086
                  2.9785                     -0.80191423
                   2.982                     -0.79187042
                  2.9855                     -0.78259961
                   2.989                     -0.77369836
                  2.9925                     -0.76475609
                   2.996                     -0.75544295
                  2.9995                     -0.74556517
                   3.003                     -0.73509962
                  3.0065                      -0.7241994
                    3.01                     -0.71315628
                  3.0135                     -0.70234894
                   3.017                     -0.69216698
                  3.0205                     -0.68294161
                   3.024                     -0.67487429
                  3.0275                     -0.66800628
                   3.031                     -0.66220513
                  3.0345                     -0.65718508
                   3.038                     -0.65256078
                  3.0415                     -0.64790663
                   3.045                     -0.64283599
                  3.0485                     -0.63705959
                   3.052                     -0.63044054
                  3.0555                     -0.62300793
                   3.059                     -0.61495737
                  3.0625                     -0.60660026
                   3.066                     -0.59831164
                  3.0695                      -0.5904589
                   3.073                      -0.5833273
                  3.0765                      -0.5770766
                    3.08                      -0.5717101
                  3.0835                     -0.56707616
                   3.087                     -0.56290413
                  3.0905                      -0.5588511
                   3.094                     -0.55457185
                  3.0975                     -0.54977793
                   3.101                     -0.54429534
                  3.1045                     -0.53809237
                   3.108                      -0.5312878
                  3.1115                     -0.52412496
                   3.115                     -0.51692681
                  3.1185                     -0.51003401
                   3.122                     -0.50374117
                  3.1255                     -0.49824479
                   3.129                     -0.49360776
                  3.1325                     -0.48974636
                   3.136                     -0.48645429
                  3.1395                     -0.48343218
                   3.143                     -0.48035804
                  3.1465                     -0.47693351
                    3.15                     -0.47294451
                  3.1535                     -0.46829979
                   3.157                      -0.4630493
                  3.1605                     -0.45736484
                   3.164                     -0.45151721
                  3.1675                      -0.4458183
                   3.171                     -0.44056382
                  3.1745                     -0.43597659
                   3.178                     -0.43216788
                  3.1815                     -0.42911596
                   3.185                      -0.4266671
                  3.1885                     -0.42456954
                   3.192                     -0.42251281
                  3.1955                     -0.42018606
                   3.199                     -0.41733101
                  3.2025                     -0.41378939
                   3.206                     -0.40952281
                  3.2095                     -0.40462496
                   3.213                     -0.39929372
                  3.2165                     -0.39379786
                    3.22                     -0.38842479
                  3.2235                     -0.38342633
                   3.227                     -0.37897264
                  3.2305                     -0.37512711
                   3.234                     -0.37183306
                  3.2375                     -0.36893325
                   3.241                     -0.36619608
                  3.2445                      -0.3633669
                   3.248                     -0.36022172
                  3.2515                     -0.35660223
                   3.255                     -0.35245755
                  3.2585                     -0.34784607
                   3.262                     -0.34293302
                  3.2655                     -0.33795241
                   3.269                     -0.33317013
                  3.2725                      -0.3288271
                   3.276                     -0.32509778
                  3.2795                     -0.32205739
                   3.283                     -0.31966651
                  3.2865                     -0.31777908
                    3.29                     -0.31617037
                  3.2935                     -0.31457374
                   3.297                     -0.31273613
                  3.3005                     -0.31045693
                   3.304                     -0.30763035
                  3.3075                      -0.3042591
                   3.311                     -0.30045803
                  3.3145                     -0.29642806
                   3.318                      -0.2924202
                  3.3215                     -0.28869222
                   3.325                     -0.28545534
                  3.3285                      -0.2828441
                   3.332                     -0.28088772
                  3.3355                     -0.27951065
                   3.339                     -0.27854759
                  3.3425                     -0.27777616
                   3.346                     -0.27695681
                  3.3495                       -0.275879
                   3.353                     -0.27439681
                  3.3565                     -0.27245851
                    3.36                     -0.27010981
                  3.3635                     -0.26748779
                   3.367                     -0.26478934
                  3.3705                     -0.26223874
                   3.374                     -0.26003819
                  3.3775                     -0.25833171
                   3.381                     -0.25717876
                  3.3845                     -0.25653933
                   3.388                     -0.25628204
                  3.3915                     -0.25620801
                   3.395                     -0.25608809
                  3.3985                     -0.25570458
                   3.402                     -0.25489026
                  3.4055                     -0.25356153
                   3.409                     -0.25173259
                  3.4125                     -0.24951273
                   3.416                       -0.247085
                  3.4195                     -0.24467399
                   3.423                     -0.24250206
                  3.4265                     -0.24074963
                    3.43                     -0.23952023
                  3.4335                     -0.23882509
                   3.437                     -0.23857965
                  3.4405                     -0.23861928
                   3.444                     -0.23873186
                  3.4475                     -0.23869757
                   3.451                     -0.23832785
                  3.4545                     -0.23750255
                   3.458                     -0.23619098
                  3.4615                     -0.23445809
                   3.465                     -0.23245164
                  3.4685                     -0.23037395
                   3.472                     -0.22844494
                  3.4755                     -0.22686121
                   3.479                     -0.22575786
                  3.4825                     -0.22518861
                   3.486                     -0.22510951
                  3.4895                     -0.22539447
                   3.493                      -0.2258534
                  3.4965                     -0.22627299
                     3.5                     -0.22645129
