Frequency    S2,2_[19]

                       0                 -1.0423068e-006
                  0.0035                  5.8033844e-009
                   0.007                  6.5828889e-009
                  0.0105                 -4.0684651e-008
                   0.014                 -1.8817883e-007
                  0.0175                 -4.7058562e-007
                   0.021                 -8.8207739e-007
                  0.0245                  -1.362028e-006
                   0.028                  -1.806482e-006
                  0.0315                 -2.0858409e-006
                   0.035                 -2.0947787e-006
                  0.0385                 -1.7989169e-006
                   0.042                 -1.2480266e-006
                  0.0455                 -6.1572394e-007
                   0.049                 -1.7107247e-007
                  0.0525                 -2.4614064e-007
                   0.056                 -1.1945778e-006
                  0.0595                 -3.2580146e-006
                   0.063                  -6.559785e-006
                  0.0665                 -1.0938753e-005
                    0.07                 -1.6008627e-005
                  0.0735                 -2.1123465e-005
                   0.077                 -2.5567921e-005
                  0.0805                 -2.8665928e-005
                   0.084                 -3.0005313e-005
                  0.0875                 -2.9588427e-005
                   0.091                 -2.7851666e-005
                  0.0945                 -2.5688221e-005
                   0.098                 -2.4392517e-005
                  0.1015                 -2.5374214e-005
                   0.105                 -3.0138082e-005
                  0.1085                 -3.9762356e-005
                   0.112                  -5.464836e-005
                  0.1155                 -7.4328642e-005
                   0.119                 -9.7367864e-005
                  0.1225                  -0.00012143545
                   0.126                  -0.00014381908
                  0.1295                  -0.00016204156
                   0.133                  -0.00017436946
                  0.1365                  -0.00018032315
                    0.14                  -0.00018086956
                  0.1435                  -0.00017874774
                   0.147                  -0.00017770638
                  0.1505                  -0.00018242011
                   0.154                  -0.00019755824
                  0.1575                  -0.00022690655
                   0.161                  -0.00027246855
                  0.1645                  -0.00033344971
                   0.168                  -0.00040619535
                  0.1715                  -0.00048449615
                   0.175                  -0.00056052038
                  0.1785                  -0.00062678661
                   0.182                  -0.00067737705
                  0.1855                  -0.00070979076
                   0.189                  -0.00072565864
                  0.1925                  -0.00073064577
                   0.196                   -0.0007339452
                  0.1995                  -0.00074731003
                   0.203                  -0.00078231103
                  0.2065                  -0.00084906505
                    0.21                  -0.00095304883
                  0.2135                   -0.0010936981
                   0.217                   -0.0012632832
                  0.2205                   -0.0014478687
                   0.224                   -0.0016299759
                  0.2275                   -0.0017918442
                   0.231                   -0.0019190814
                  0.2345                   -0.0020051481
                   0.238                   -0.0020510567
                  0.2415                    -0.002067496
                   0.245                   -0.0020720584
                  0.2485                   -0.0020871169
                   0.252                   -0.0021356133
                  0.2555                   -0.0022367688
                   0.259                   -0.0024022108
                  0.2625                   -0.0026321416
                   0.266                   -0.0029144045
                  0.2695                    -0.003225671
                   0.273                   -0.0035356339
                  0.2765                   -0.0038139589
                    0.28                    -0.004035434
                  0.2835                   -0.0041866688
                   0.287                   -0.0042680527
                  0.2905                    -0.004294493
                   0.294                   -0.0042928965
                  0.2975                   -0.0042964281
                   0.301                   -0.0043411909
                  0.3045                   -0.0044577891
                   0.308                   -0.0046655899
                  0.3115                   -0.0049692951
                   0.315                   -0.0053549294
                  0.3185                   -0.0057929518
                   0.322                   -0.0062419417
                  0.3255                   -0.0066585315
                   0.329                   -0.0070052044
                  0.3325                   -0.0072590591
                   0.336                    -0.007415704
                  0.3395                   -0.0074908692
                   0.343                   -0.0075173495
                  0.3465                   -0.0075395141
                    0.35                   -0.0076050264
                  0.3535                   -0.0077583867
                   0.357                   -0.0080308415
                  0.3605                   -0.0084339378
                   0.364                   -0.0089565619
                  0.3675                   -0.0095642711
                   0.371                    -0.010204138
                  0.3745                    -0.010816197
                   0.378                    -0.011344588
                  0.3815                    -0.011749455
                   0.385                    -0.012015734
                  0.3885                    -0.012155543
                   0.392                    -0.012205247
                  0.3955                    -0.012219855
                   0.399                    -0.012263143
                  0.4025                    -0.012396327
                   0.406                    -0.012668128
                  0.4095                    -0.013103796
                   0.413                    -0.013698491
                  0.4165                    -0.014414076
                    0.42                    -0.015185252
                  0.4235                    -0.015930583
                   0.427                    -0.016568975
                  0.4305                    -0.017037299
                   0.434                    -0.017303961
                  0.4375                     -0.01737541
                   0.441                    -0.017295418
                  0.4445                    -0.017137253
                   0.448                    -0.016992078
                  0.4515                    -0.016956489
                   0.455                    -0.017115201
                  0.4585                    -0.017527339
                   0.462                    -0.018211743
                  0.4655                    -0.019137885
                   0.469                    -0.020225749
                  0.4725                    -0.021356803
                   0.476                    -0.022396728
                  0.4795                    -0.023224488
                   0.483                    -0.023758837
                  0.4865                    -0.023977732
                    0.49                    -0.023923752
                  0.4935                    -0.023698434
                   0.497                     -0.02344913
                  0.5005                    -0.023349702
                   0.504                     -0.02357824
                  0.5075                    -0.024290042
                   0.511                    -0.025585432
                  0.5145                    -0.027477626
                   0.518                      -0.0298685
                  0.5215                    -0.032546267
                   0.525                    -0.035215329
                  0.5285                    -0.037556763
                   0.532                    -0.039303829
                  0.5355                    -0.040310106
                   0.539                    -0.040587666
                  0.5425                    -0.040314968
                   0.546                    -0.039826222
                  0.5495                    -0.039597152
                   0.553                    -0.040237397
                  0.5565                    -0.042483063
                    0.56                    -0.047162862
                  0.5635                    -0.055095651
                   0.567                    -0.066868279
                  0.5705                    -0.082481023
                   0.574                     -0.10095795
                  0.5775                     -0.12021352
                   0.581                     -0.13748072
                  0.5845                     -0.15026202
                   0.588                     -0.15723121
                  0.5915                     -0.15847791
                   0.595                     -0.15508263
                  0.5985                     -0.14847622
                   0.602                     -0.13998888
                  0.6055                     -0.13067761
                   0.609                     -0.12134762
                  0.6125                     -0.11265119
                   0.616                      -0.1051876
                  0.6195                    -0.099574847
                   0.623                    -0.096472989
                  0.6265                    -0.096543918
                    0.63                      -0.1003387
                  0.6335                     -0.10810597
                   0.637                      -0.1195725
                  0.6405                     -0.13381379
                   0.644                     -0.14936275
                  0.6475                     -0.16459898
                   0.651                     -0.17823272
                  0.6545                     -0.18963237
                   0.658                     -0.19885609
                  0.6615                     -0.20648702
                   0.665                     -0.21341771
                  0.6685                     -0.22067997
                   0.672                     -0.22932725
                  0.6755                     -0.24031888
                   0.679                     -0.25440286
                  0.6825                      -0.2719859
                   0.686                     -0.29306318
                  0.6895                     -0.31725951
                   0.693                     -0.34402104
                  0.6965                     -0.37284904
                     0.7                     -0.40350823
                  0.7035                     -0.43611422
                   0.707                     -0.47115842
                  0.7105                     -0.50953898
                   0.714                     -0.55266153
                  0.7175                     -0.60257599
                   0.721                     -0.66214942
                  0.7245                     -0.73524486
                   0.728                      -0.8269014
                  0.7315                     -0.94351978
                   0.735                      -1.0930706
                  0.7385                      -1.2853337
                   0.742                       -1.532282
                  0.7455                      -1.8487408
                   0.749                      -2.2536425
                  0.7525                      -2.7723731
                   0.756                      -3.4409863
                  0.7595                      -4.3137738
                   0.763                      -5.4762089
                  0.7665                      -7.0697262
                    0.77                      -9.3432853
                  0.7735                      -12.771555
                   0.777                      -18.008246
                  0.7805                      -19.260175
                   0.784                      -13.914231
                  0.7875                      -10.233955
                   0.791                      -7.8622998
                  0.7945                      -6.2478676
                   0.798                      -5.1002982
                  0.8015                      -4.2550179
                   0.805                      -3.6121475
                  0.8085                      -3.1086279
                   0.812                      -2.7038812
                  0.8155                      -2.3715602
                   0.819                      -2.0945317
                  0.8225                       -1.861522
                   0.826                      -1.6648928
                  0.8295                      -1.4990543
                   0.833                      -1.3595653
                  0.8365                      -1.2425414
                    0.84                      -1.1444082
                  0.8435                      -1.0618154
                   0.847                     -0.99168815
                  0.8505                     -0.93128872
                   0.854                     -0.87827823
                  0.8575                      -0.8307693
                   0.861                     -0.78734002
                  0.8645                     -0.74703688
                   0.868                     -0.70932456
                  0.8715                     -0.67400638
                   0.875                     -0.64111919
                  0.8785                      -0.6108155
                   0.882                     -0.58325493
                  0.8855                     -0.55851188
                   0.889                      -0.5365309
                  0.8925                     -0.51710593
                   0.896                     -0.49990216
                  0.8995                     -0.48449686
                   0.903                     -0.47042702
                  0.9065                     -0.45724962
                    0.91                     -0.44459182
                  0.9135                     -0.43218451
                   0.917                     -0.41988929
                  0.9205                     -0.40769739
                   0.924                     -0.39571247
                  0.9275                     -0.38411626
                   0.931                     -0.37311963
                  0.9345                      -0.3629166
                   0.938                     -0.35364158
                  0.9415                      -0.3453478
                   0.945                     -0.33799149
                  0.9485                     -0.33144365
                   0.952                     -0.32550951
                  0.9555                     -0.31996094
                   0.959                      -0.3145688
                  0.9625                     -0.30913851
                   0.966                     -0.30353171
                  0.9695                     -0.29768275
                   0.973                     -0.29159488
                  0.9765                     -0.28532452
                    0.98                      -0.2789545
                  0.9835                      -0.2725593
                   0.987                     -0.26617276
                  0.9905                     -0.25976173
                   0.994                     -0.25321071
                  0.9975                     -0.24631604
                   1.001                     -0.23878882
                  1.0045                     -0.23026406
                   1.008                     -0.22030947
                  1.0115                     -0.20843037
                   1.015                     -0.19406244
                  1.0185                       -0.176548
                   1.022                     -0.15509944
                  1.0255                     -0.12878474
                   1.029                    -0.096705998
                  1.0325                    -0.059017853
                   1.036                    -0.021270783
                  1.0395                    -0.010238232
                   1.043                     -0.10834424
                  1.0465                     -0.38538925
                    1.05                     -0.63242319
                  1.0535                     -0.70156187
                   1.057                     -0.68581121
                  1.0605                     -0.65252583
                   1.064                     -0.62124105
                  1.0675                     -0.59540225
                   1.071                     -0.57453816
                  1.0745                     -0.55754949
                   1.078                     -0.54350091
                  1.0815                     -0.53175448
                   1.085                     -0.52193218
                  1.0885                     -0.51383971
                   1.092                     -0.50738568
                  1.0955                     -0.50251454
                   1.099                     -0.49915975
                  1.1025                     -0.49721083
                   1.106                     -0.49650263
                  1.1095                     -0.49681762
                   1.113                     -0.49790043
                  1.1165                     -0.49948422
                    1.12                     -0.50132083
                  1.1235                     -0.50321406
                   1.127                      -0.5050461
                  1.1305                     -0.50679372
                   1.134                     -0.50852596
                  1.1375                      -0.5103864
                   1.141                     -0.51256021
                  1.1445                     -0.51523671
                   1.148                     -0.51857204
                  1.1515                     -0.52265973
                   1.155                     -0.52751168
                  1.1585                     -0.53305128
                   1.162                     -0.53911895
                  1.1655                     -0.54549271
                   1.169                     -0.55191936
                  1.1725                     -0.55815864
                   1.176                     -0.56403223
                  1.1795                     -0.56947091
                   1.183                     -0.57454628
                  1.1865                     -0.57948495
                    1.19                     -0.58465335
                  1.1935                     -0.59051756
                   1.197                     -0.59758093
                  1.2005                     -0.60630396
                   1.204                     -0.61701859
                  1.2075                     -0.62984678
                   1.211                     -0.64465095
                  1.2145                     -0.66104318
                   1.218                     -0.67845124
                  1.2215                     -0.69623554
                   1.225                     -0.71381136
                  1.2285                     -0.73075635
                   1.232                      -0.7468978
                  1.2355                     -0.76236776
                   1.239                      -0.7776217
                  1.2425                     -0.79342047
                   1.246                     -0.81076928
                  1.2495                     -0.83083891
                   1.253                     -0.85487622
                  1.2565                     -0.88411913
                    1.26                      -0.9197234
                  1.2635                      -0.9626856
                   1.267                      -1.0137363
                  1.2705                      -1.0731981
                   1.274                      -1.1407571
                  1.2775                      -1.2151882
                   1.281                      -1.2940542
                  1.2845                        -1.37349
                   1.288                      -1.4483347
                  1.2915                      -1.5127582
                   1.295                       -1.561439
                  1.2985                      -1.5909941
                   1.302                      -1.6009974
                  1.3055                      -1.5940757
                   1.309                      -1.5750207
                  1.3125                      -1.5494483
                   1.316                      -1.5225827
                  1.3195                      -1.4985416
                   1.323                      -1.4801357
                  1.3265                      -1.4689642
                    1.33                      -1.4656797
                  1.3335                      -1.4702325
                   1.337                      -1.4820948
                  1.3405                      -1.5004339
                   1.344                      -1.5242442
                  1.3475                      -1.5524593
                   1.351                      -1.5840537
                  1.3545                      -1.6181343
                   1.358                      -1.6540041
                  1.3615                      -1.6912198
                   1.365                      -1.7295969
                  1.3685                      -1.7691975
                   1.372                      -1.8102961
                  1.3755                      -1.8533265
                   1.379                      -1.8988451
                  1.3825                      -1.9475002
                   1.386                      -2.0000285
                  1.3895                      -2.0572521
                   1.393                      -2.1201075
                  1.3965                      -2.1896409
                     1.4                      -2.2670135
                  1.4035                      -2.3534799
                   1.407                      -2.4502981
                  1.4105                      -2.5586225
                   1.414                      -2.6792856
                  1.4175                      -2.8125383
                   1.421                      -2.9576859
                  1.4245                      -3.1126475
                   1.428                      -3.2735785
                  1.4315                      -3.4346806
                   1.435                      -3.5884036
                  1.4385                      -3.7263671
                   1.442                       -3.840853
                  1.4455                      -3.9266711
                   1.449                      -3.9826099
                  1.4525                      -4.0118385
                   1.456                      -4.0210847
                  1.4595                       -4.019046
                   1.463                      -4.0146505
                  1.4665                      -4.0157841
                    1.47                      -4.0286401
                  1.4735                      -4.0575189
                   1.477                      -4.1049677
                  1.4805                      -4.1719879
                   1.484                      -4.2582714
                  1.4875                       -4.362383
                   1.491                      -4.4819516
                  1.4945                      -4.6139239
                   1.498                      -4.7548706
                  1.5015                      -4.9014317
                   1.505                      -5.0508228
                  1.5085                      -5.2012384
                   1.512                      -5.3522147
                  1.5155                      -5.5046281
                   1.519                      -5.6605049
                  1.5225                      -5.8226356
                   1.526                       -5.994013
                  1.5295                      -6.1773655
                   1.533                      -6.3747192
                  1.5365                      -6.5870693
                    1.54                      -6.8142677
                  1.5435                      -7.0550077
                   1.547                      -7.3070551
                  1.5505                      -7.5676578
                   1.554                      -7.8340918
                  1.5575                      -8.1043026
                   1.561                      -8.3775034
                  1.5645                      -8.6544549
                   1.568                      -8.9375577
                  1.5715                       -9.230517
                   1.575                       -9.537809
                  1.5785                      -9.8640139
                   1.582                      -10.213129
                  1.5855                      -10.587989
                   1.589                       -10.98988
                  1.5925                      -11.418271
                   1.596                      -11.870962
                  1.5995                       -12.34446
                   1.603                       -12.83474
                  1.6065                      -13.338336
                    1.61                      -13.853406
                  1.6135                      -14.380722
                   1.617                      -14.924058
                  1.6205                      -15.489783
                   1.624                      -16.085821
                  1.6275                      -16.719697
                   1.631                      -17.396047
                  1.6345                      -18.113369
                   1.638                      -18.859881
                  1.6415                      -19.608966
                   1.645                      -20.315573
                  1.6485                      -20.917856
                   1.652                      -21.349284
                  1.6555                      -21.562192
                   1.659                      -21.548706
                  1.6625                      -21.342328
                   1.666                      -20.998246
                  1.6695                      -20.569929
                   1.673                      -20.096602
                  1.6765                      -19.602041
                    1.68                      -19.099011
                  1.6835                      -18.594506
                   1.687                      -18.093961
                  1.6905                      -17.603301
                   1.694                      -17.129499
                  1.6975                      -16.680039
                   1.701                      -16.262078
                  1.7045                      -15.881522
                   1.708                      -15.542455
                  1.7115                      -15.246925
                   1.715                      -14.995049
                  1.7185                      -14.785194
                   1.722                      -14.614646
                  1.7255                      -14.479845
                   1.729                      -14.377116
                  1.7325                      -14.303123
                   1.736                      -14.255239
                  1.7395                      -14.231812
                   1.743                      -14.232238
                  1.7465                      -14.256864
                    1.75                      -14.306811
                  1.7535                        -14.3836
                   1.757                      -14.488929
                  1.7605                      -14.624386
                   1.764                      -14.791241
                  1.7675                      -14.990565
                   1.771                      -15.223246
                  1.7745                      -15.490303
                   1.778                      -15.793271
                  1.7815                      -16.134679
                   1.785                      -16.518472
                  1.7885                      -16.950294
                   1.792                      -17.437959
                  1.7955                      -17.991129
                   1.799                      -18.621088
                  1.8025                       -19.33955
                   1.806                      -20.156009
                  1.8095                      -21.072245
                   1.813                      -22.069481
                  1.8165                      -23.083418
                    1.82                      -23.966546
                  1.8235                      -24.475185
                   1.827                       -24.37951
                  1.8305                      -23.669888
                   1.834                      -22.568023
                  1.8375                      -21.323489
                   1.841                      -20.092472
                  1.8445                      -18.945157
                   1.848                       -17.90349
                  1.8515                      -16.967488
                   1.855                      -16.128136
                  1.8585                      -15.373431
                   1.862                      -14.691029
                  1.8655                      -14.069294
                   1.869                      -13.498065
                  1.8725                      -12.968962
                   1.876                      -12.475396
                  1.8795                      -12.012696
                   1.883                      -11.577797
                  1.8865                      -11.169016
                    1.89                       -10.78562
                  1.8935                      -10.427311
                   1.897                      -10.093936
                  1.9005                      -9.7851104
                   1.904                      -9.4999306
                  1.9075                       -9.236952
                   1.911                      -8.9941154
                  1.9145                      -8.7689051
                   1.918                      -8.5585495
                  1.9215                      -8.3602499
                   1.925                      -8.1715017
                  1.9285                      -7.9903501
                   1.932                      -7.8155158
                  1.9355                      -7.6464895
                   1.939                      -7.4834396
                  1.9425                      -7.3270419
                   1.946                      -7.1782516
                  1.9495                      -7.0380018
                   1.953                      -6.9069787
                  1.9565                       -6.785446
                    1.96                       -6.673112
                  1.9635                        -6.56914
                   1.967                      -6.4722326
                  1.9705                      -6.3808006
                   1.974                      -6.2932124
                  1.9775                       -6.207997
                   1.981                      -6.1240894
                  1.9845                      -6.0409722
                   1.988                      -5.9586889
                  1.9915                      -5.8778185
                   1.995                      -5.7992919
                  1.9985                      -5.7242091
                   2.002                       -5.653598
                  2.0055                      -5.5882076
                   2.009                      -5.5283524
                  2.0125                       -5.473862
                   2.016                      -5.4240619
                  2.0195                      -5.3778795
                   2.023                      -5.3340327
                  2.0265                      -5.2912343
                    2.03                      -5.2484049
                  2.0335                      -5.2048627
                   2.037                      -5.1604299
                  2.0405                       -5.115438
                   2.044                      -5.0706512
                  2.0475                      -5.0271045
                   2.051                      -4.9859009
                  2.0545                      -4.9480031
                   2.058                      -4.9140646
                  2.0615                      -4.8842839
                   2.065                      -4.8583745
                  2.0685                      -4.8356069
                   2.072                      -4.8149194
                  2.0755                      -4.7951087
                   2.079                      -4.7750477
                  2.0825                      -4.7538854
                   2.086                      -4.7311933
                  2.0895                      -4.7070524
                   2.093                      -4.6820059
                  2.0965                      -4.6569738
                     2.1                      -4.6330567
                  2.1035                       -4.611347
                   2.107                      -4.5927168
                  2.1105                       -4.577657
                   2.114                      -4.5661985
                  2.1175                      -4.5578711
                   2.121                      -4.5518104
                  2.1245                      -4.5468873
                   2.128                       -4.541912
                  2.1315                      -4.5358706
                   2.135                      -4.5280932
                  2.1385                        -4.51839
                   2.142                      -4.5070803
                  2.1455                      -4.4949266
                   2.149                       -4.482997
                  2.1525                      -4.4724611
                   2.156                      -4.4643651
                  2.1595                      -4.4594669
                   2.163                       -4.458076
                  2.1665                       -4.459976
                    2.17                      -4.4644931
                  2.1735                      -4.4705633
                   2.177                      -4.4769575
                  2.1805                      -4.4824959
                   2.184                      -4.4862606
                  2.1875                      -4.4877844
                   2.191                      -4.4871341
                  2.1945                      -4.4848793
                   2.198                      -4.4820206
                  2.2015                      -4.4797478
                   2.205                      -4.4792687
                  2.2085                      -4.4815543
                   2.212                      -4.4871606
                  2.2155                      -4.4961197
                   2.219                      -4.5079186
                  2.2225                      -4.5215798
                   2.226                      -4.5358351
                  2.2295                      -4.5493737
                   2.233                      -4.5610865
                  2.2365                      -4.5703128
                    2.24                      -4.5769795
                  2.2435                      -4.5816408
                   2.247                      -4.5854259
                  2.2505                      -4.5898226
                   2.254                      -4.5964598
                  2.2575                      -4.6068162
                   2.261                      -4.6219682
                  2.2645                      -4.6423995
                   2.268                      -4.6678853
                  2.2715                       -4.697509
                   2.275                      -4.7298229
                  2.2785                      -4.7630438
                   2.282                      -4.7953868
                  2.2855                      -4.8253524
                   2.289                      -4.8519917
                  2.2925                      -4.8750536
                   2.296                      -4.8950064
                  2.2995                      -4.9129113
                   2.303                      -4.9302322
                  2.3065                       -4.948551
                    2.31                      -4.9692541
                  2.3135                      -4.9933056
                   2.317                      -5.0210503
                  2.3205                      -5.0521419
                   2.324                      -5.0856199
                  2.3275                      -5.1200627
                   2.331                      -5.1538749
                  2.3345                      -5.1855865
                   2.338                      -5.2141235
                  2.3415                      -5.2390463
                   2.345                      -5.2606099
                  2.3485                      -5.2797434
                   2.352                      -5.2978515
                  2.3555                      -5.3166059
                   2.359                      -5.3376473
                  2.3625                      -5.3623004
                   2.366                      -5.3913885
                  2.3695                      -5.4250805
                   2.373                      -5.4629593
                  2.3765                      -5.5040932
                    2.38                      -5.5473094
                  2.3835                      -5.5914522
                   2.387                      -5.6356453
                  2.3905                      -5.6795069
                   2.394                      -5.7232263
                  2.3975                      -5.7675516
                   2.401                      -5.8136601
                  2.4045                      -5.8629259
                   2.408                      -5.9166556
                  2.4115                      -5.9757544
                   2.415                      -6.0404895
                  2.4185                      -6.1102454
                   2.422                      -6.1834525
                  2.4255                      -6.2576573
                   2.429                      -6.3297631
                  2.4325                      -6.3964378
                   2.436                      -6.4546365
                  2.4395                      -6.5020837
                   2.443                      -6.5376804
                  2.4465                      -6.5616923
                    2.45                       -6.575709
                  2.4535                      -6.5823587
                   2.457                      -6.5848274
                  2.4605                      -6.5863245
                   2.464                      -6.5895387
                  2.4675                       -6.596246
                   2.471                      -6.6070131
                  2.4745                      -6.6211483
                   2.478                      -6.6369104
                  2.4815                      -6.6517767
                   2.485                      -6.6629999
                  2.4885                      -6.6680789
                   2.492                      -6.6652522
                  2.4955                      -6.6538226
                   2.499                        -6.63428
                  2.5025                      -6.6081956
                   2.506                      -6.5779202
                  2.5095                       -6.546162
                   2.513                       -6.515455
                  2.5165                      -6.4877499
                    2.52                      -6.4640277
                  2.5235                      -6.4441948
                   2.527                      -6.4270266
                  2.5305                      -6.4104793
                   2.534                      -6.3919939
                  2.5375                      -6.3690116
                   2.541                      -6.3394123
                  2.5445                      -6.3019396
                   2.548                      -6.2564452
                  2.5515                      -6.2038697
                   2.555                      -6.1461548
                  2.5585                      -6.0858735
                   2.562                      -6.0257799
                  2.5655                      -5.9683956
                   2.569                      -5.9156142
                  2.5725                       -5.868389
                   2.576                      -5.8266579
                  2.5795                      -5.7894978
                   2.583                      -5.7552099
                  2.5865                      -5.7218281
                    2.59                      -5.6873503
                  2.5935                      -5.6502014
                   2.597                      -5.6094552
                  2.6005                      -5.5650115
                   2.604                      -5.5175146
                  2.6075                      -5.4682698
                   2.611                      -5.4188303
                  2.6145                      -5.3707267
                   2.618                      -5.3251261
                  2.6215                      -5.2824763
                   2.625                      -5.2424051
                  2.6285                      -5.2037391
                   2.632                      -5.1646937
                  2.6355                       -5.123079
                   2.639                      -5.0768476
                  2.6425                      -5.0243635
                   2.646                      -4.9647989
                  2.6495                      -4.8982906
                   2.653                      -4.8260247
                  2.6565                      -4.7500025
                    2.66                      -4.6727774
                  2.6635                      -4.5970231
                   2.667                      -4.5251154
                  2.6705                       -4.458745
                   2.674                       -4.398731
                  2.6775                      -4.3449033
                   2.681                      -4.2961915
                  2.6845                      -4.2508583
                   2.688                      -4.2067891
                  2.6915                      -4.1618792
                   2.695                      -4.1143774
                  2.6985                      -4.0630709
                   2.702                      -4.0075249
                  2.7055                      -3.9480172
                   2.709                      -3.8854911
                  2.7125                      -3.8212118
                   2.716                      -3.7566113
                  2.7195                       -3.692896
                   2.723                        -3.63086
                  2.7265                      -3.5707201
                    2.73                      -3.5121352
                  2.7335                      -3.4543037
                   2.737                      -3.3960773
                  2.7405                      -3.3363432
                   2.744                      -3.2741547
                  2.7475                      -3.2090264
                   2.751                      -3.1410557
                  2.7545                       -3.070963
                   2.758                      -2.9999893
                  2.7615                      -2.9296989
                   2.765                      -2.8618056
                  2.7685                      -2.7977792
                   2.772                      -2.7387157
                  2.7755                      -2.6851574
                   2.779                      -2.6369866
                  2.7825                      -2.5935609
                   2.786                      -2.5537863
                  2.7895                      -2.5163518
                   2.793                      -2.4799376
                  2.7965                      -2.4434386
                     2.8                      -2.4061008
                  2.8035                      -2.3676486
                   2.807                      -2.3282625
                  2.8105                      -2.2885065
                   2.814                      -2.2491475
                  2.8175                      -2.2110056
                   2.821                      -2.1747597
                  2.8245                       -2.140769
                   2.828                      -2.1090562
                  2.8315                      -2.0792534
                   2.835                      -2.0507016
                  2.8385                      -2.0225872
                   2.842                      -1.9940752
                  2.8455                      -1.9644902
                   2.849                      -1.9334517
                  2.8525                       -1.900931
                   2.856                      -1.8672901
                  2.8595                      -1.8332087
                   2.863                      -1.7995597
                  2.8665                      -1.7672622
                    2.87                      -1.7371245
                  2.8735                      -1.7096677
                   2.877                      -1.6850828
                  2.8805                       -1.663177
                   2.884                      -1.6434315
                  2.8875                      -1.6250854
                   2.891                      -1.6072623
                  2.8945                      -1.5891294
                   2.898                      -1.5700162
                  2.9015                      -1.5495158
                   2.905                      -1.5275397
                  2.9085                       -1.504309
                   2.912                      -1.4802845
                  2.9155                      -1.4560719
                   2.919                      -1.4322735
                  2.9225                      -1.4093695
                   2.926                      -1.3876319
                  2.9295                      -1.3670576
                   2.933                      -1.3473928
                  2.9365                      -1.3281858
                    2.94                      -1.3088855
                  2.9435                      -1.2889625
                   2.947                      -1.2680122
                  2.9505                      -1.2458524
                   2.954                      -1.2225574
                  2.9575                      -1.1984603
                   2.961                      -1.1740902
                  2.9645                      -1.1500769
                   2.968                      -1.1270546
                  2.9715                      -1.1055218
                   2.975                      -1.0857792
                  2.9785                      -1.0678715
                   2.982                      -1.0515895
                  2.9855                      -1.0365219
                   2.989                      -1.0221411
                  2.9925                      -1.0078904
                   2.996                     -0.99330259
                  2.9995                     -0.97807916
                   3.003                     -0.96214129
                  3.0065                     -0.94564829
                    3.01                     -0.92895195
                  3.0135                     -0.91253542
                   3.017                     -0.89691307
                  3.0205                     -0.88253818
                   3.024                     -0.86970485
                  3.0275                     -0.85850399
                   3.031                      -0.8488008
                  3.0345                      -0.8402544
                   3.038                     -0.83238598
                  3.0415                     -0.82464882
                   3.045                     -0.81653288
                  3.0485                     -0.80763681
                   3.052                     -0.79774732
                  3.0555                     -0.78685899
                   3.059                     -0.77518531
                  3.0625                     -0.76309598
                   3.066                     -0.75105778
                  3.0695                     -0.73954159
                   3.073                     -0.72892597
                  3.0765                     -0.71943951
                    3.08                      -0.7111168
                  3.0835                     -0.70379477
                   3.087                     -0.69715588
                  3.0905                     -0.69078046
                   3.094                     -0.68423469
                  3.0975                     -0.67714333
                   3.101                     -0.66926382
                  3.1045                     -0.66052562
                   3.108                     -0.65104574
                  3.1115                     -0.64110208
                   3.115                     -0.63108091
                  3.1185                     -0.62140175
                   3.122                     -0.61243792
                  3.1255                     -0.60444996
                   3.129                     -0.59753939
                  3.1325                     -0.59162737
                   3.136                       -0.586483
                  3.1395                     -0.58175371
                   3.143                     -0.57705189
                  3.1465                     -0.57200762
                    3.15                     -0.56634366
                  3.1535                     -0.55992635
                   3.157                     -0.55279099
                  3.1605                     -0.54512223
                   3.164                      -0.5372315
                  3.1675                     -0.52948854
                   3.171                      -0.5222531
                  3.1745                      -0.5158049
                   3.178                     -0.51029559
                  3.1815                     -0.50572051
                   3.185                     -0.50191589
                  3.1885                     -0.49859772
                   3.192                     -0.49540538
                  3.1955                     -0.49196927
                   3.199                      -0.4879735
                  3.2025                     -0.48321407
                   3.206                     -0.47762353
                  3.2095                      -0.4712915
                   3.213                     -0.46443366
                  3.2165                     -0.45735585
                    3.22                     -0.45039408
                  3.2235                     -0.44384975
                   3.227                     -0.43793387
                  3.2305                     -0.43273628
                   3.234                     -0.42820662
                  3.2375                     -0.42417586
                   3.241                     -0.42038288
                  3.2445                     -0.41653441
                   3.248                     -0.41236611
                  3.2515                     -0.40768337
                   3.255                      -0.4024124
                  3.2585                     -0.39660422
                   3.262                      -0.3904359
                  3.2655                     -0.38416775
                   3.269                     -0.37810336
                  3.2725                     -0.37252274
                   3.276                     -0.36763485
                  3.2795                      -0.3635378
                   3.283                     -0.36020024
                  3.2865                     -0.35746819
                    3.29                     -0.35509533
                  3.2935                     -0.35278304
                   3.297                     -0.35024312
                  3.3005                     -0.34724052
                   3.304                      -0.3436437
                  3.3075                     -0.33944109
                   3.311                     -0.33474863
                  3.3145                     -0.32978181
                   3.318                     -0.32481732
                  3.3215                      -0.3201447
                   3.325                     -0.31600543
                  3.3285                     -0.31255866
                   3.332                      -0.3098478
                  3.3355                     -0.30779918
                   3.339                     -0.30623835
                  3.3425                     -0.30492452
                   3.346                     -0.30359371
                  3.3495                     -0.30200979
                   3.353                     -0.30000403
                  3.3565                     -0.29750892
                    3.36                     -0.29456369
                  3.3635                     -0.29130965
                   3.367                     -0.28795659
                  3.3705                     -0.28474897
                   3.374                     -0.28191045
                  3.3775                     -0.27960448
                   3.381                     -0.27790463
                  3.3845                     -0.27677666
                   3.388                     -0.27608645
                  3.3915                     -0.27562422
                   3.395                     -0.27514456
                  3.3985                     -0.27441006
                   3.402                     -0.27323371
                  3.4055                     -0.27151591
                   3.409                     -0.26926133
                  3.4125                     -0.26657754
                   3.416                     -0.26365417
                  3.4195                     -0.26072941
                   3.423                     -0.25804269
                  3.4265                     -0.25579221
                    3.43                     -0.25409598
                  3.4335                     -0.25297498
                   3.437                     -0.25234778
                  3.4405                     -0.25204614
                   3.444                     -0.25184883
                  3.4475                     -0.25152284
                   3.451                     -0.25086427
                  3.4545                     -0.24973854
                   3.458                     -0.24810365
                  3.4615                     -0.24601854
                   3.465                     -0.24363137
                  3.4685                     -0.24115071
                   3.472                     -0.23880753
                  3.4755                      -0.2368116
                   3.479                     -0.23531067
                  3.4825                     -0.23436903
                   3.486                     -0.23394876
                  3.4895                     -0.23392566
                   3.493                     -0.23410654
                  3.4965                     -0.23427115
                     3.5                     -0.23420711
