Frequency    S2,2_[23]

                       0                 -1.0423068e-006
                  0.0035                  5.8151261e-009
                   0.007                  6.7538738e-009
                  0.0105                 -3.9951917e-008
                   0.014                 -1.8638932e-007
                  0.0175                 -4.6763202e-007
                   0.021                 -8.7887463e-007
                  0.0245                 -1.3609884e-006
                   0.028                 -1.8114818e-006
                  0.0315                 -2.1014152e-006
                   0.035                 -2.1245516e-006
                  0.0385                 -1.8435706e-006
                   0.042                 -1.3033869e-006
                  0.0455                  -6.718289e-007
                   0.049                   -2.12908e-007
                  0.0525                 -2.5652214e-007
                   0.056                 -1.1591513e-006
                  0.0595                 -3.1712915e-006
                   0.063                 -6.4313118e-006
                  0.0665                 -1.0796854e-005
                    0.07                 -1.5900714e-005
                  0.0735                 -2.1110896e-005
                   0.077                 -2.5716166e-005
                  0.0805                   -2.90303e-005
                   0.084                  -3.061569e-005
                  0.0875                 -3.0436285e-005
                   0.091                 -2.8882782e-005
                  0.0945                 -2.6805604e-005
                   0.098                 -2.5471501e-005
                  0.1015                 -2.6287998e-005
                   0.105                 -3.0794179e-005
                  0.1085                 -4.0138069e-005
                   0.112                 -5.4820309e-005
                  0.1155                 -7.4487528e-005
                   0.119                 -9.7810683e-005
                  0.1225                  -0.00012253082
                   0.126                  -0.00014595191
                  0.1295                  -0.00016554425
                   0.133                  -0.00017945005
                  0.1365                  -0.00018700743
                    0.14                  -0.00018897169
                  0.1435                  -0.00018789296
                   0.147                  -0.00018738874
                  0.1505                  -0.00019211874
                   0.154                  -0.00020687688
                  0.1575                  -0.00023571947
                   0.161                  -0.00028103956
                  0.1645                  -0.00034247489
                   0.168                  -0.00041677548
                  0.1715                  -0.00049801461
                   0.175                  -0.00057843322
                  0.1785                  -0.00065039556
                   0.182                  -0.00070756996
                  0.1855                  -0.00074686615
                   0.189                  -0.00076923319
                  0.1925                  -0.00077969683
                   0.196                  -0.00078700948
                  0.1995                  -0.00080283442
                   0.203                   -0.0008390349
                  0.2065                  -0.00090646981
                    0.21                   -0.0010116538
                  0.2135                   -0.0011552039
                   0.217                   -0.0013304475
                  0.2205                   -0.0015241667
                   0.224                   -0.0017190826
                  0.2275                   -0.0018970137
                   0.231                   -0.0020425528
                  0.2345                   -0.0021477898
                   0.238                   -0.0022120908
                  0.2415                   -0.0022446917
                   0.245                    -0.002262149
                  0.2485                   -0.0022865387
                   0.252                   -0.0023413609
                  0.2555                   -0.0024472354
                   0.259                   -0.0026178427
                  0.2625                   -0.0028556324
                   0.266                    -0.003150499
                  0.2695                   -0.0034804529
                   0.273                   -0.0038155623
                  0.2765                   -0.0041248283
                    0.28                   -0.0043813141
                  0.2835                   -0.0045693003
                   0.287                   -0.0046865299
                  0.2905                   -0.0047455089
                   0.294                   -0.0047714996
                  0.2975                   -0.0047970518
                   0.301                   -0.0048591902
                  0.3045                   -0.0049906694
                   0.308                   -0.0052139255
                  0.3115                   -0.0055372558
                   0.315                   -0.0059497943
                  0.3185                   -0.0064241823
                   0.322                   -0.0069195847
                  0.3255                   -0.0073917374
                   0.329                   -0.0078007202
                  0.3325                   -0.0081204136
                   0.336                   -0.0083427432
                  0.3395                    -0.008480285
                   0.343                   -0.0085636779
                  0.3465                   -0.0086369207
                    0.35                   -0.0087489768
                  0.3535                   -0.0089478494
                   0.357                   -0.0092693677
                  0.3605                   -0.0097301466
                   0.364                    -0.010323612
                  0.3675                    -0.011018104
                   0.371                     -0.01176094
                  0.3745                    -0.012490093
                   0.378                    -0.013145553
                  0.3815                    -0.013682051
                   0.385                    -0.014079356
                  0.3885                    -0.014345419
                   0.392                    -0.014514351
                  0.3955                    -0.014641811
                   0.399                      -0.0147951
                  0.4025                     -0.01504164
                   0.406                    -0.015438212
                  0.4095                    -0.016018418
                   0.413                    -0.016784065
                  0.4165                    -0.017699948
                    0.42                    -0.018699174
                  0.4235                    -0.019694195
                   0.427                    -0.020594033
                  0.4305                    -0.021324725
                   0.434                    -0.021844936
                  0.4375                    -0.022154943
                   0.441                    -0.022297435
                  0.4445                    -0.022350611
                   0.448                    -0.022416638
                  0.4515                    -0.022609058
                   0.455                    -0.023032773
                  0.4585                    -0.023767646
                   0.462                    -0.024849165
                  0.4655                    -0.026254574
                   0.469                    -0.027899487
                  0.4725                    -0.029647574
                   0.476                    -0.031336589
                  0.4795                    -0.032813188
                   0.483                    -0.033967175
                  0.4865                    -0.034758635
                    0.49                    -0.035228675
                  0.4935                    -0.035496824
                   0.497                    -0.035749358
                  0.5005                    -0.036218837
                   0.504                    -0.037158085
                  0.5075                    -0.038805118
                   0.511                    -0.041336481
                  0.5145                    -0.044816246
                   0.518                    -0.049151507
                  0.5215                    -0.054075921
                   0.525                    -0.059180762
                  0.5285                    -0.063996724
                   0.532                    -0.068104259
                  0.5355                     -0.07124576
                   0.539                    -0.073398264
                  0.5425                    -0.074807051
                   0.546                    -0.075995491
                  0.5495                    -0.077774495
                   0.553                    -0.081267249
                  0.5565                    -0.087940681
                    0.56                    -0.099590073
                  0.5635                     -0.11818394
                   0.567                     -0.14543668
                  0.5705                     -0.18202815
                   0.574                     -0.22661243
                  0.5775                     -0.27524759
                   0.581                     -0.32205132
                  0.5845                     -0.36120998
                   0.588                      -0.3891463
                  0.5915                      -0.4053422
                   0.595                     -0.41160776
                  0.5985                     -0.41073939
                   0.602                     -0.40552527
                  0.6055                     -0.39835328
                   0.609                     -0.39128191
                  0.6125                     -0.38633071
                   0.616                     -0.38583925
                  0.6195                     -0.39282401
                   0.623                     -0.41127531
                  0.6265                     -0.44629161
                    0.63                     -0.50392825
                  0.6335                     -0.59050088
                   0.637                     -0.71129424
                  0.6405                     -0.86905096
                   0.644                       -1.063254
                  0.6475                      -1.2912724
                   0.651                      -1.5511274
                  0.6545                      -1.8445612
                   0.658                      -2.1786452
                  0.6615                      -2.5653706
                   0.665                      -3.0183656
                  0.6685                      -3.5446206
                   0.672                      -4.1271188
                  0.6755                      -4.6971921
                   0.679                      -5.1180669
                  0.6825                      -5.2346525
                   0.686                      -4.9950975
                  0.6895                      -4.4985714
                   0.693                      -3.8988609
                  0.6965                       -3.307532
                     0.7                      -2.7775819
                  0.7035                      -2.3243871
                   0.707                      -1.9457432
                  0.7105                      -1.6331312
                   0.714                      -1.3768085
                  0.7175                      -1.1677535
                   0.721                      -0.9981679
                  0.7245                     -0.86140351
                   0.728                     -0.75173542
                  0.7315                      -0.6641736
                   0.735                     -0.59434573
                  0.7385                     -0.53844444
                   0.742                     -0.49319595
                  0.7455                     -0.45585734
                   0.749                      -0.4242164
                  0.7525                     -0.39658054
                   0.756                     -0.37174866
                  0.7595                     -0.34896094
                   0.763                     -0.32783086
                  0.7665                     -0.30825606
                    0.77                      -0.2903055
                  0.7735                     -0.27412415
                   0.777                     -0.25984424
                  0.7805                     -0.24751595
                   0.784                     -0.23708018
                  0.7875                     -0.22835895
                   0.791                     -0.22108123
                  0.7945                     -0.21491137
                   0.798                     -0.20949757
                  0.8015                     -0.20451404
                   0.805                     -0.19969623
                  0.8085                     -0.19486648
                   0.812                     -0.18994769
                  0.8155                     -0.18495565
                   0.819                     -0.17998382
                  0.8225                     -0.17517203
                   0.826                     -0.17067394
                  0.8295                     -0.16662158
                   0.833                     -0.16310292
                  0.8365                     -0.16014467
                    0.84                     -0.15771147
                  0.8435                     -0.15571178
                   0.847                     -0.15401595
                  0.8505                     -0.15247825
                   0.854                     -0.15095861
                  0.8575                     -0.14934556
                   0.861                     -0.14756869
                  0.8645                     -0.14560915
                   0.868                     -0.14349632
                  0.8715                     -0.14129845
                   0.875                     -0.13910582
                  0.8785                     -0.13701192
                   0.882                     -0.13509413
                  0.8855                     -0.13339956
                   0.889                     -0.13193735
                  0.8925                     -0.13067658
                   0.896                     -0.12955275
                  0.8995                     -0.12847958
                   0.903                      -0.1273619
                  0.9065                     -0.12611325
                    0.91                      -0.1246689
                  0.9135                       -0.122995
                   0.917                     -0.12109317
                  0.9205                     -0.11899651
                   0.924                      -0.1167607
                  0.9275                     -0.11445137
                   0.931                     -0.11212811
                  0.9345                     -0.10983125
                   0.938                     -0.10757051
                  0.9415                     -0.10532149
                   0.945                     -0.10302474
                  0.9485                     -0.10059339
                   0.952                    -0.097924109
                  0.9555                    -0.094911653
                   0.959                    -0.091461288
                  0.9625                    -0.087499265
                   0.966                    -0.082975681
                  0.9695                    -0.077861976
                   0.973                    -0.072141236
                  0.9765                    -0.065796859
                    0.98                    -0.058804187
                  0.9835                     -0.05113264
                   0.987                    -0.042768689
                  0.9905                    -0.033771841
                   0.994                    -0.024384519
                  0.9975                     -0.01522202
                   1.001                   -0.0075774097
                  1.0045                   -0.0038642761
                   1.008                   -0.0081402076
                  1.0115                    -0.026400307
                   1.015                     -0.06579547
                  1.0185                     -0.13146391
                   1.022                     -0.22093541
                  1.0255                     -0.32059955
                   1.029                      -0.4109002
                  1.0325                     -0.47769648
                   1.036                     -0.51816922
                  1.0395                     -0.53757733
                   1.043                     -0.54340412
                  1.0465                      -0.5419189
                    1.05                     -0.53731125
                  1.0535                     -0.53200002
                   1.057                     -0.52718549
                  1.0605                     -0.52332151
                   1.064                     -0.52043955
                  1.0675                     -0.51836625
                   1.071                     -0.51686974
                  1.0745                     -0.51575202
                   1.078                     -0.51490509
                  1.0815                     -0.51433164
                   1.085                      -0.5141362
                  1.0885                     -0.51449486
                   1.092                     -0.51560934
                  1.0955                     -0.51766108
                   1.099                     -0.52077562
                  1.1025                     -0.52499475
                   1.106                     -0.53026884
                  1.1095                     -0.53646175
                   1.113                     -0.54336943
                  1.1165                     -0.55075236
                    1.12                     -0.55837369
                  1.1235                     -0.56604232
                   1.127                      -0.5736487
                  1.1305                      -0.5811888
                   1.134                     -0.58876584
                  1.1375                     -0.59657231
                   1.141                      -0.6048525
                  1.1445                     -0.61385738
                   1.148                     -0.62379879
                  1.1515                     -0.63481153
                   1.155                     -0.64692743
                  1.1585                     -0.66006498
                   1.162                     -0.67403458
                  1.1655                     -0.68856548
                   1.169                     -0.70334774
                  1.1725                     -0.71809222
                   1.176                     -0.73259871
                  1.1795                     -0.74682062
                   1.183                     -0.76090795
                  1.1865                     -0.77522616
                    1.19                     -0.79033297
                  1.1935                     -0.80692212
                   1.197                     -0.82573521
                  1.2005                     -0.84744545
                   1.204                     -0.87253349
                  1.2075                     -0.90116686
                   1.211                     -0.93312547
                  1.2145                     -0.96781966
                   1.218                      -1.0043959
                  1.2215                      -1.0419265
                   1.225                      -1.0796096
                  1.2285                      -1.1169437
                   1.232                      -1.1538685
                  1.2355                      -1.1908468
                   1.239                      -1.2288822
                  1.2425                      -1.2694787
                   1.246                      -1.3145313
                  1.2495                      -1.3661933
                   1.253                      -1.4267222
                  1.2565                      -1.4983085
                    1.26                       -1.582896
                  1.2635                      -1.6819419
                   1.267                      -1.7960614
                  1.2705                      -1.9245659
                   1.274                       -2.064838
                  1.2775                      -2.2117562
                   1.281                      -2.3573959
                  1.2845                       -2.491444
                   1.288                      -2.6028199
                  1.2915                      -2.6822944
                   1.295                      -2.7252561
                  1.2985                      -2.7332401
                   1.302                      -2.7133437
                  1.3055                      -2.6759179
                   1.309                       -2.631829
                  1.3125                      -2.5904618
                   1.316                      -2.5587707
                  1.3195                      -2.5412251
                   1.323                      -2.5402181
                  1.3265                       -2.556554
                    1.33                        -2.58992
                  1.3335                      -2.6392153
                   1.337                      -2.7028127
                  1.3405                      -2.7787565
                   1.344                      -2.8649525
                  1.3475                      -2.9593581
                   1.351                      -3.0601703
                  1.3545                      -3.1660151
                   1.358                       -3.276054
                  1.3615                      -3.3900685
                   1.365                      -3.5084314
                  1.3685                      -3.6320164
                   1.372                      -3.7621001
                  1.3755                      -3.9002347
                   1.379                      -4.0481541
                  1.3825                      -4.2077287
                   1.386                      -4.3809279
                  1.3895                      -4.5698026
                   1.393                      -4.7764597
                  1.3965                      -5.0028975
                     1.4                      -5.2508008
                  1.4035                      -5.5211365
                   1.407                      -5.8134886
                  1.4105                      -6.1252481
                   1.414                      -6.4505034
                  1.4175                      -6.7790802
                   1.421                      -7.0959795
                  1.4245                      -7.3819838
                   1.428                       -7.616318
                  1.4315                      -7.7813284
                   1.435                       -7.867933
                  1.4385                      -7.8792987
                   1.442                      -7.8305598
                  1.4455                      -7.7446705
                   1.449                      -7.6467452
                  1.4525                      -7.5595435
                   1.456                      -7.5009187
                  1.4595                      -7.4833453
                   1.463                      -7.5144122
                  1.4665                      -7.5976594
                    1.47                      -7.7333226
                  1.4735                      -7.9187809
                   1.477                      -8.1487644
                  1.4805                      -8.4154073
                   1.484                      -8.7084555
                  1.4875                      -9.0157633
                   1.491                       -9.324391
                  1.4945                      -9.6222892
                   1.498                      -9.9001836
                  1.5015                      -10.153225
                   1.505                      -10.381512
                  1.5085                      -10.589329
                   1.512                      -10.783223
                  1.5155                      -10.969629
                   1.519                      -11.152668
                  1.5225                      -11.332581
                   1.526                      -11.505177
                  1.5295                      -11.662229
                   1.533                      -11.792998
                  1.5365                      -11.886615
                    1.54                      -11.934897
                  1.5435                      -11.934659
                   1.547                      -11.888656
                  1.5505                      -11.804755
                   1.554                      -11.693709
                  1.5575                      -11.566548
                   1.561                      -11.432213
                  1.5645                      -11.296367
                   1.568                       -11.16099
                  1.5715                      -11.024876
                   1.575                      -10.884717
                  1.5785                      -10.736457
                   1.582                      -10.576646
                  1.5855                      -10.403576
                   1.589                       -10.21781
                  1.5925                      -10.022183
                   1.596                      -9.8211541
                  1.5995                      -9.6198521
                   1.603                      -9.4231375
                  1.6065                      -9.2347475
                    1.61                       -9.056865
                  1.6135                      -8.8899363
                   1.617                      -8.7328549
                  1.6205                      -8.5834188
                   1.624                      -8.4388435
                  1.6275                      -8.2964306
                   1.631                      -8.1541108
                  1.6345                      -8.0108432
                   1.638                       -7.866771
                  1.6415                      -7.7231158
                   1.645                       -7.581889
                  1.6485                      -7.4454615
                   1.652                      -7.3160459
                  1.6555                      -7.1954033
                   1.659                      -7.0845333
                  1.6625                      -6.9835961
                   1.666                      -6.8920065
                  1.6695                      -6.8085866
                   1.673                      -6.7318677
                  1.6765                      -6.6604058
                    1.68                       -6.593052
                  1.6835                      -6.5291768
                   1.687                      -6.4687828
                  1.6905                      -6.4124669
                   1.694                      -6.3613125
                  1.6975                       -6.316668
                   1.701                      -6.2799333
                  1.7045                      -6.2523209
                   1.708                      -6.2347001
                  1.7115                      -6.2275047
                   1.715                      -6.2307097
                  1.7185                      -6.2438883
                   1.722                      -6.2663458
                  1.7255                      -6.2972461
                   1.729                      -6.3357886
                  1.7325                      -6.3813342
                   1.736                      -6.4335106
                  1.7395                      -6.4922371
                   1.743                      -6.5576867
                  1.7465                      -6.6302253
                    1.75                      -6.7102769
                  1.7535                      -6.7982199
                   1.757                       -6.894283
                  1.7605                       -6.998471
                   1.764                      -7.1105672
                  1.7675                      -7.2301692
                   1.771                      -7.3567595
                  1.7745                      -7.4898395
                   1.778                      -7.6289932
                  1.7815                      -7.7739987
                   1.785                      -7.9247921
                  1.7885                      -8.0813593
                   1.792                      -8.2436037
                  1.7955                      -8.4110131
                   1.799                      -8.5823855
                  1.8025                      -8.7554854
                   1.806                      -8.9267851
                  1.8095                      -9.0913914
                   1.813                      -9.2430929
                  1.8165                      -9.3747329
                    1.82                      -9.4789023
                  1.8235                      -9.5488011
                   1.827                      -9.5792522
                  1.8305                      -9.5675354
                   1.834                      -9.5138827
                  1.8375                      -9.4213981
                   1.841                      -9.2955096
                  1.8445                      -9.1430785
                   1.848                      -8.9713442
                  1.8515                      -8.7871026
                   1.855                      -8.5960299
                  1.8585                      -8.4024047
                   1.862                      -8.2090688
                  1.8655                      -8.0175464
                   1.869                      -7.8284239
                  1.8725                      -7.6417331
                   1.876                      -7.4572861
                  1.8795                      -7.2750598
                   1.883                      -7.0953458
                  1.8865                      -6.9188711
                    1.89                      -6.7467524
                  1.8935                      -6.5802883
                   1.897                      -6.4208284
                  1.9005                      -6.2695439
                   1.904                      -6.1272094
                  1.9075                      -5.9941403
                   1.911                      -5.8701015
                  1.9145                      -5.7543727
                   1.918                      -5.6458618
                  1.9215                      -5.5432413
                   1.925                      -5.4451821
                  1.9285                      -5.3505477
                   1.932                      -5.2585281
                  1.9355                       -5.168761
                   1.939                      -5.0813241
                  1.9425                      -4.9966715
                   1.946                      -4.9155078
                  1.9495                      -4.8385937
                   1.953                      -4.7665931
                  1.9565                      -4.6999267
                    1.96                      -4.6386497
                  1.9635                      -4.5824382
                   1.967                       -4.530606
                  1.9705                      -4.4822094
                   1.974                      -4.4361964
                  1.9775                      -4.3915567
                   1.981                      -4.3474968
                  1.9845                      -4.3035627
                   1.988                      -4.2596817
                  1.9915                      -4.2161671
                   1.995                      -4.1736206
                  1.9985                      -4.1328156
                   2.002                      -4.0945304
                  2.0055                      -4.0593928
                   2.009                      -4.0277526
                  2.0125                      -3.9996262
                   2.016                      -3.9746591
                  2.0195                      -3.9521817
                   2.023                       -3.931329
                  2.0265                      -3.9111825
                    2.03                      -3.8909224
                  2.0335                      -3.8699817
                   2.037                      -3.8481358
                  2.0405                      -3.8255337
                   2.044                      -3.8026633
                  2.0475                      -3.7802474
                   2.051                       -3.759107
                  2.0545                      -3.7399994
                   2.058                      -3.7234932
                  2.0615                      -3.7098387
                   2.065                      -3.6989263
                  2.0685                      -3.6903048
                   2.072                      -3.6832439
                  2.0755                      -3.6768632
                   2.079                      -3.6702983
                  2.0825                      -3.6628522
                   2.086                      -3.6541192
                  2.0895                      -3.6440673
                   2.093                      -3.6330281
                  2.0965                      -3.6216431
                     2.1                      -3.6107325
                  2.1035                      -3.6011511
                   2.107                      -3.5936246
                  2.1105                      -3.5886124
                   2.114                      -3.5862357
                  2.1175                      -3.5862252
                   2.121                      -3.5879827
                  2.1245                      -3.5906759
                   2.128                      -3.5933844
                  2.1315                      -3.5952762
                   2.135                       -3.595761
                  2.1385                      -3.5945967
                   2.142                      -3.5919407
                  2.1455                      -3.5883144
                   2.149                      -3.5845099
                  2.1525                      -3.5814416
                   2.156                      -3.5799704
                  2.1595                        -3.58076
                   2.163                       -3.584146
                  2.1665                      -3.5900525
                    2.17                      -3.5980289
                  2.1735                      -3.6072903
                   2.177                        -3.61688
                  2.1805                      -3.6258352
                   2.184                      -3.6333655
                  2.1875                      -3.6390029
                   2.191                      -3.6426985
                  2.1945                      -3.6448141
                   2.198                      -3.6460756
                  2.2015                      -3.6474086
                   2.205                      -3.6497916
                  2.2085                      -3.6540561
                   2.212                      -3.6607295
                  2.2155                      -3.6699336
                   2.219                      -3.6813459
                  2.2225                      -3.6942471
                   2.226                      -3.7076481
                  2.2295                      -3.7204747
                   2.233                      -3.7317689
                  2.2365                      -3.7408942
                    2.24                      -3.7476638
                  2.2435                      -3.7524003
                   2.247                      -3.7559114
                  2.2505                        -3.75934
                   2.254                      -3.7639949
                  2.2575                      -3.7711203
                   2.261                      -3.7816801
                  2.2645                      -3.7961898
                   2.268                      -3.8146088
                  2.2715                      -3.8363277
                   2.275                      -3.8602752
                  2.2785                      -3.8850648
                   2.282                      -3.9092512
                  2.2855                      -3.9315617
                   2.289                      -3.9511158
                  2.2925                      -3.9675674
                   2.296                      -3.9811409
                  2.2995                      -3.9925629
                   2.303                      -4.0029257
                  2.3065                      -4.0134624
                    2.31                      -4.0253162
                  2.3135                      -4.0393221
                   2.317                      -4.0558621
                  2.3205                       -4.074771
                   2.324                      -4.0953768
                  2.3275                      -4.1166138
                   2.331                      -4.1372312
                  2.3345                      -4.1560181
                   2.338                      -4.1720411
                  2.3415                      -4.1848275
                   2.345                      -4.1944368
                  2.3485                      -4.2014752
                   2.352                      -4.2069542
                  2.3555                      -4.2121385
                   2.359                      -4.2183143
                  2.3625                      -4.2265686
                   2.366                      -4.2376267
                  2.3695                      -4.2517178
                   2.373                      -4.2686106
                  2.3765                      -4.2876604
                    2.38                       -4.307998
                  2.3835                      -4.3287365
                   2.387                      -4.3491657
                  2.3905                      -4.3689251
                   2.394                      -4.3880821
                  2.3975                       -4.407131
                   2.401                      -4.4269134
                  2.4045                      -4.4484455
                   2.408                      -4.4727299
                  2.4115                      -4.5005108
                   2.415                      -4.5320918
                  2.4185                      -4.5671493
                   2.422                      -4.6046666
                  2.4255                      -4.6429769
                   2.429                      -4.6799227
                  2.4325                      -4.7131369
                   2.436                      -4.7404089
                  2.4395                      -4.7600349
                   2.443                      -4.7711043
                  2.4465                      -4.7736658
                    2.45                       -4.768722
                  2.4535                      -4.7580552
                   2.457                      -4.7438916
                  2.4605                      -4.7285504
                   2.464                       -4.714027
                  2.4675                      -4.7017204
                   2.471                      -4.6921913
                  2.4745                      -4.6851197
                   2.478                      -4.6794337
                  2.4815                      -4.6734948
                   2.485                       -4.665478
                  2.4885                      -4.6536966
                   2.492                      -4.6369441
                  2.4955                      -4.6147263
                   2.499                      -4.5873495
                  2.5025                      -4.5558617
                   2.506                      -4.5218572
                  2.5095                      -4.4871868
                   2.513                      -4.4536017
                  2.5165                      -4.4224656
                    2.52                      -4.3944898
                  2.5235                      -4.3696598
                   2.527                      -4.3471952
                  2.5305                       -4.325764
                   2.534                      -4.3036912
                  2.5375                      -4.2793051
                   2.541                      -4.2512309
                  2.5445                      -4.2186681
                   2.548                      -4.1815469
                  2.5515                       -4.140511
                   2.555                      -4.0968528
                  2.5585                      -4.0522652
                   2.562                      -4.0085445
                  2.5655                      -3.9673132
                   2.569                      -3.9297617
                  2.5725                      -3.8964477
                   2.576                      -3.8672561
                  2.5795                       -3.841502
                   2.583                      -3.8180116
                  2.5865                      -3.7954522
                    2.59                      -3.7725024
                  2.5935                      -3.7481437
                   2.597                      -3.7218045
                  2.6005                      -3.6934571
                   2.604                      -3.6635553
                  2.6075                      -3.6329562
                   2.611                      -3.6026536
                  2.6145                      -3.5735875
                   2.618                       -3.546423
                  2.6215                      -3.5213355
                   2.625                      -3.4979559
                  2.6285                       -3.475403
                   2.632                       -3.452427
                  2.6355                      -3.4275733
                   2.639                      -3.3995299
                  2.6425                      -3.3673177
                   2.646                      -3.3305259
                  2.6495                      -3.2893945
                   2.653                      -3.2448348
                  2.6565                      -3.1982576
                    2.66                      -3.1513769
                  2.6635                      -3.1059268
                   2.667                      -3.0633861
                  2.6705                       -3.024736
                   2.674                      -2.9903544
                  2.6775                      -2.9599525
                   2.681                      -2.9326657
                  2.6845                      -2.9072171
                   2.688                      -2.8821362
                  2.6915                      -2.8560169
                   2.695                      -2.8277454
                  2.6985                       -2.796618
                   2.702                      -2.7624704
                  2.7055                      -2.7256147
                   2.709                      -2.6867795
                  2.7125                      -2.6468729
                   2.716                      -2.6068601
                  2.7195                      -2.5675129
                   2.723                      -2.5292915
                  2.7265                      -2.4922527
                    2.73                      -2.4560762
                  2.7335                      -2.4201517
                   2.737                      -2.3836748
                  2.7405                      -2.3459015
                   2.744                      -2.3062494
                  2.7475                      -2.2644812
                   2.751                      -2.2207727
                  2.7545                        -2.17572
                   2.758                      -2.1302551
                  2.7615                      -2.0854963
                   2.765                       -2.042619
                  2.7685                      -2.0026001
                   2.772                      -1.9661214
                  2.7755                      -1.9334636
                   2.779                      -1.9044474
                  2.7825                      -1.8785282
                   2.786                      -1.8548695
                  2.7895                      -1.8325078
                   2.793                      -1.8105091
                  2.7965                      -1.7881225
                     2.8                      -1.7648739
                  2.8035                       -1.740642
                   2.807                      -1.7156303
                  2.8105                      -1.6903013
                   2.814                      -1.6652425
                  2.8175                      -1.6410494
                   2.821                      -1.6181897
                  2.8245                      -1.5968841
                   2.828                      -1.5770951
                  2.8315                      -1.5585062
                   2.835                       -1.540599
                  2.8385                      -1.5227606
                   2.842                      -1.5043886
                  2.8455                      -1.4850209
                   2.849                      -1.4644306
                  2.8525                      -1.4426621
                   2.856                      -1.4200453
                  2.8595                      -1.3971331
                   2.863                      -1.3746027
                  2.8665                      -1.3531413
                    2.87                      -1.3333297
                  2.8735                      -1.3155204
                   2.877                      -1.2998035
                  2.8805                      -1.2859803
                   2.884                      -1.2736095
                  2.8875                      -1.2620803
                   2.891                      -1.2507133
                  2.8945                      -1.2388814
                   2.898                      -1.2261016
                  2.9015                      -1.2121065
                   2.905                      -1.1968791
                  2.9085                      -1.1806372
                   2.912                      -1.1637715
                  2.9155                      -1.1467669
                   2.919                       -1.130089
                  2.9225                       -1.114093
                   2.926                      -1.0989598
                  2.9295                      -1.0846552
                   2.933                       -1.070951
                  2.9365                      -1.0574744
                    2.94                      -1.0437891
                  2.9435                      -1.0294904
                   2.947                      -1.0142863
                  2.9505                     -0.99806837
                   2.954                     -0.98093362
                  2.9575                     -0.96317842
                   2.961                     -0.94524431
                  2.9645                     -0.92763947
                   2.968                     -0.91086053
                  2.9715                     -0.89528606
                   2.975                     -0.88112892
                  2.9785                     -0.86839448
                   2.982                     -0.85688742
                  2.9855                     -0.84625632
                   2.989                     -0.83606615
                  2.9925                     -0.82586995
                   2.996                     -0.81530439
                  2.9995                     -0.80415088
                   3.003                      -0.7923741
                  3.0065                     -0.78013039
                    3.01                     -0.76772797
                  3.0135                     -0.75557261
                   3.017                     -0.74408547
                  3.0205                     -0.73362806
                   3.024                     -0.72442432
                  3.0275                     -0.71652689
                   3.031                      -0.7098015
                  3.0345                      -0.7039474
                   3.038                     -0.69855481
                  3.0415                     -0.69316711
                   3.045                     -0.68736653
                  3.0485                     -0.68083609
                   3.052                     -0.67342059
                  3.0555                      -0.6651417
                   3.059                      -0.6562009
                  3.0625                     -0.64692553
                   3.066                     -0.63771469
                  3.0695                     -0.62896235
                   3.073                     -0.62097733
                  3.0765                     -0.61393638
                    3.08                     -0.60784996
                  3.0835                     -0.60256265
                   3.087                     -0.59779099
                  3.0905                     -0.59317188
                   3.094                     -0.58833712
                  3.0975                     -0.58297617
                   3.101                     -0.57689795
                  3.1045                     -0.57006155
                   3.108                     -0.56258626
                  3.1115                     -0.55472517
                   3.115                     -0.54681821
                  3.1185                     -0.53922676
                   3.122                     -0.53226575
                  3.1255                     -0.52614796
                   3.129                     -0.52094575
                  3.1325                     -0.51657603
                   3.136                     -0.51282549
                  3.1395                     -0.50938044
                   3.143                     -0.50590147
                  3.1465                     -0.50207156
                    3.15                      -0.4976604
                  3.1535                     -0.49256617
                   3.157                     -0.48683563
                  3.1605                      -0.4806446
                   3.164                     -0.47427507
                  3.1675                     -0.46805446
                   3.171                     -0.46229539
                  3.1745                     -0.45723549
                   3.178                     -0.45299631
                  3.1815                     -0.44956017
                   3.185                     -0.44677022
                  3.1885                     -0.44436573
                   3.192                     -0.44202265
                  3.1955                     -0.43941448
                   3.199                     -0.43626773
                  3.2025                     -0.43241232
                   3.206                     -0.42780258
                  3.2095                     -0.42253162
                   3.213                     -0.41680255
                  3.2165                     -0.41089435
                    3.22                     -0.40510755
                  3.2235                     -0.39970718
                   3.227                     -0.39487412
                  3.2305                     -0.39067856
                   3.234                     -0.38706515
                  3.2375                      -0.3838732
                   3.241                     -0.38086295
                  3.2445                     -0.37776927
                   3.248                     -0.37435734
                  3.2515                     -0.37045926
                   3.255                     -0.36601827
                  3.2585                     -0.36109109
                   3.262                     -0.35584646
                  3.2655                     -0.35052574
                   3.269                      -0.3454051
                  3.2725                     -0.34073601
                   3.276                     -0.33670215
                  3.2795                     -0.33338474
                   3.283                      -0.3307463
                  3.2865                      -0.3286384
                    3.29                     -0.32683026
                  3.2935                     -0.32504641
                   3.297                     -0.32302422
                  3.3005                     -0.32055378
                   3.304                     -0.31752246
                  3.3075                     -0.31392931
                   3.311                     -0.30988973
                  3.3145                     -0.30560885
                   3.318                     -0.30134484
                  3.3215                      -0.2973642
                   3.325                     -0.29388641
                  3.3285                     -0.29105263
                   3.332                     -0.28889583
                  3.3355                     -0.28734083
                   3.339                     -0.28621964
                  3.3425                     -0.28530473
                   3.346                     -0.28434975
                  3.3495                     -0.28313711
                   3.353                     -0.28151469
                  3.3565                     -0.27942653
                    3.36                      -0.2769167
                  3.3635                     -0.27412362
                   3.367                     -0.27124787
                  3.3705                     -0.26851939
                   3.374                     -0.26614633
                  3.3775                     -0.26427805
                   3.381                     -0.26297786
                  3.3845                     -0.26220723
                   3.388                      -0.2618339
                  3.3915                     -0.26165587
                   3.395                     -0.26143939
                  3.3985                     -0.26096125
                   3.402                     -0.26004873
                  3.4055                     -0.25861384
                   3.409                     -0.25666826
                  3.4125                      -0.2543209
                   3.416                     -0.25175678
                  3.4195                     -0.24920438
                   3.423                     -0.24689089
                  3.4265                     -0.24500167
                    3.43                     -0.24364428
                  3.4335                     -0.24283261
                   3.437                      -0.2424829
                  3.4405                      -0.2424294
                   3.444                     -0.24245738
                  3.4475                     -0.24234325
                   3.451                     -0.24189411
                  3.4545                     -0.24098578
                   3.458                     -0.23958445
                  3.4615                     -0.23775346
                   3.465                     -0.23564078
                  3.4685                     -0.23345057
                   3.472                     -0.23140594
                  3.4755                     -0.22970721
                   3.479                     -0.22849308
                  3.4825                      -0.2278202
                   3.486                     -0.22764629
                  3.4895                     -0.22784573
                   3.493                     -0.22822747
                  3.4965                     -0.22857621
                     3.5                     -0.22868696
