Frequency    S2,1_[364]

                     0.5                      -45.037331
                  0.5025                      -44.591252
                   0.505                      -44.138524
                  0.5075                        -43.6795
                    0.51                      -43.214586
                  0.5125                       -42.74423
                   0.515                      -42.268916
                  0.5175                      -41.789143
                    0.52                      -41.305414
                  0.5225                      -40.818227
                   0.525                      -40.328059
                  0.5275                       -39.83536
                    0.53                      -39.340543
                  0.5325                      -38.843979
                   0.535                      -38.345991
                  0.5375                      -37.846855
                    0.54                      -37.346774
                  0.5425                      -36.845929
                   0.545                      -36.344428
                  0.5475                      -35.842335
                    0.55                       -35.33965
                  0.5525                      -34.836339
                   0.555                      -34.332335
                  0.5575                      -33.827506
                    0.56                      -33.321701
                  0.5625                      -32.814732
                   0.565                      -32.306403
                  0.5675                       -31.79647
                    0.57                      -31.284693
                  0.5725                      -30.770818
                   0.575                      -30.254602
                  0.5775                      -29.735794
                    0.58                      -29.214153
                  0.5825                      -28.689472
                   0.585                      -28.161582
                  0.5875                      -27.630347
                    0.59                      -27.095662
                  0.5925                      -26.557528
                   0.595                      -26.015989
                  0.5975                      -25.471201
                     0.6                      -24.923385
                  0.6025                      -24.372911
                   0.605                      -23.820271
                  0.6075                      -23.266084
                    0.61                      -22.711092
                  0.6125                      -22.156259
                   0.615                      -21.602649
                  0.6175                      -21.051481
                    0.62                      -20.504154
                  0.6225                      -19.962143
                   0.625                      -19.427056
                  0.6275                      -18.900529
                    0.63                      -18.384176
                  0.6325                      -17.879603
                   0.635                      -17.388265
                  0.6375                      -16.911435
                    0.64                      -16.450104
                  0.6425                      -16.005004
                   0.645                      -15.576499
                  0.6475                       -15.16459
                    0.65                      -14.768936
                  0.6525                      -14.388838
                   0.655                      -14.023345
                  0.6575                      -13.671233
                    0.66                      -13.331105
                  0.6625                      -13.001476
                   0.665                      -12.680796
                  0.6675                      -12.367549
                    0.67                      -12.060238
                  0.6725                      -11.757498
                   0.675                      -11.458045
                  0.6775                      -11.160767
                    0.68                      -10.864676
                  0.6825                       -10.56894
                   0.685                       -10.27288
                  0.6875                      -9.9759639
                    0.69                      -9.6778098
                  0.6925                      -9.3781719
                   0.695                      -9.0769516
                  0.6975                      -8.7742069
                     0.7                      -8.4701421
                  0.7025                      -8.1651384
                   0.705                      -7.8597693
                  0.7075                      -7.5548067
                    0.71                      -7.2512618
                  0.7125                      -6.9504325
                   0.715                      -6.6539124
                  0.7175                      -6.3636379
                    0.72                      -6.0819144
                  0.7225                      -5.8114462
                   0.725                      -5.5553171
                  0.7275                      -5.3169741
                    0.73                      -5.1001425
                  0.7325                      -4.9087401
                   0.735                      -4.7466713
                  0.7375                      -4.6176419
                    0.74                      -4.5248822
                  0.7425                      -4.4709331
                   0.745                      -4.4573911
                  0.7475                      -4.4847578
                    0.75                       -4.552376
                  0.7525                      -4.6584821
                   0.755                      -4.8003273
                  0.7575                      -4.9744114
                    0.76                      -5.1767146
                  0.7625                      -5.4029674
                   0.765                      -5.6488696
                  0.7675                      -5.9102822
                    0.77                      -6.1833495
                  0.7725                      -6.4645908
                   0.775                      -6.7509218
                  0.7775                      -7.0396919
                    0.78                      -7.3286485
                  0.7825                      -7.6158983
                   0.785                      -7.8999022
                  0.7875                      -8.1793973
                    0.79                       -8.453402
                  0.7925                      -8.7211338
                   0.795                      -8.9820092
                  0.7975                      -9.2355953
                     0.8                      -9.4816087
                  0.8025                      -9.7198565
                   0.805                      -9.9502515
                  0.8075                      -10.172779
                    0.81                      -10.387492
                  0.8125                      -10.594497
                   0.815                      -10.793936
                  0.8175                         -10.986
                    0.82                      -11.170899
                  0.8225                      -11.348873
                   0.825                      -11.520171
                  0.8275                      -11.685073
                    0.83                      -11.843858
                  0.8325                      -11.996816
                   0.835                      -12.144239
                  0.8375                      -12.286428
                    0.84                      -12.423681
                  0.8425                       -12.55629
                   0.845                       -12.68455
                  0.8475                      -12.808747
                    0.85                      -12.929159
                  0.8525                      -13.046058
                   0.855                      -13.159703
                  0.8575                      -13.270347
                    0.86                       -13.37823
                  0.8625                      -13.483575
                   0.865                      -13.586598
                  0.8675                      -13.687496
                    0.87                      -13.786458
                  0.8725                      -13.883652
                   0.875                      -13.979238
                  0.8775                      -14.073356
                    0.88                      -14.166136
                  0.8825                      -14.257696
                   0.885                      -14.348133
                  0.8875                      -14.437536
                    0.89                      -14.525985
                  0.8925                      -14.613544
                   0.895                      -14.700265
                  0.8975                      -14.786197
                     0.9                      -14.871376
                  0.9025                      -14.955831
                   0.905                      -15.039581
                  0.9075                      -15.122643
                    0.91                      -15.205031
                  0.9125                       -15.28675
                   0.915                      -15.367804
                  0.9175                      -15.448196
                    0.92                      -15.527928
                  0.9225                      -15.606998
                   0.925                      -15.685405
                  0.9275                      -15.763151
                    0.93                      -15.840237
                  0.9325                      -15.916663
                   0.935                      -15.992433
                  0.9375                      -16.067552
                    0.94                      -16.142028
                  0.9425                      -16.215868
                   0.945                      -16.289078
                  0.9475                      -16.361673
                    0.95                      -16.433663
                  0.9525                      -16.505059
                   0.955                      -16.575874
                  0.9575                      -16.646123
                    0.96                      -16.715818
                  0.9625                      -16.784969
                   0.965                      -16.853588
                  0.9675                      -16.921686
                    0.97                      -16.989269
                  0.9725                      -17.056344
                   0.975                      -17.122915
                  0.9775                      -17.188982
                    0.98                      -17.254545
                  0.9825                      -17.319598
                   0.985                      -17.384134
                  0.9875                      -17.448141
                    0.99                      -17.511609
                  0.9925                      -17.574518
                   0.995                      -17.636851
                  0.9975                      -17.698585
                       1                      -17.759698
                  1.0025                      -17.820162
                   1.005                      -17.879947
                  1.0075                      -17.939027
                    1.01                      -17.997372
                  1.0125                      -18.054951
                   1.015                      -18.111729
                  1.0175                      -18.167678
                    1.02                      -18.222772
                  1.0225                      -18.276979
                   1.025                       -18.33027
                  1.0275                      -18.382625
                    1.03                       -18.43402
                  1.0325                      -18.484436
                   1.035                      -18.533856
                  1.0375                      -18.582269
                    1.04                      -18.629668
                  1.0425                      -18.676047
                   1.045                      -18.721404
                  1.0475                      -18.765744
                    1.05                      -18.809076
                  1.0525                      -18.851413
                   1.055                      -18.892766
                  1.0575                      -18.933158
                    1.06                      -18.972617
                  1.0625                      -19.011166
                   1.065                      -19.048833
                  1.0675                      -19.085655
                    1.07                      -19.121669
                  1.0725                      -19.156908
                   1.075                      -19.191414
                  1.0775                      -19.225229
                    1.08                      -19.258392
                  1.0825                      -19.290944
                   1.085                      -19.322928
                  1.0875                      -19.354382
                    1.09                      -19.385349
                  1.0925                      -19.415862
                   1.095                      -19.445959
                  1.0975                      -19.475675
                     1.1                      -19.505038
                  1.1025                      -19.534075
                   1.105                       -19.56281
                  1.1075                      -19.591263
                    1.11                      -19.619448
                  1.1125                      -19.647378
                   1.115                      -19.675059
                  1.1175                      -19.702493
                    1.12                      -19.729677
                  1.1225                      -19.756605
                   1.125                      -19.783264
                  1.1275                      -19.809633
                    1.13                      -19.835696
                  1.1325                      -19.861424
                   1.135                      -19.886783
                  1.1375                       -19.91174
                    1.14                      -19.936256
                  1.1425                      -19.960286
                   1.145                      -19.983783
                  1.1475                      -20.006692
                    1.15                      -20.028969
                  1.1525                      -20.050551
                   1.155                      -20.071379
                  1.1575                      -20.091399
                    1.16                      -20.110547
                  1.1625                      -20.128762
                   1.165                      -20.145981
                  1.1675                      -20.162144
                    1.17                      -20.177193
                  1.1725                      -20.191068
                   1.175                       -20.20371
                  1.1775                      -20.215069
                    1.18                      -20.225094
                  1.1825                      -20.233735
                   1.185                       -20.24095
                  1.1875                      -20.246699
                    1.19                      -20.250949
                  1.1925                      -20.253671
                   1.195                      -20.254839
                  1.1975                      -20.254436
                     1.2                      -20.252448
                  1.2025                      -20.248867
                   1.205                      -20.243693
                  1.2075                       -20.23693
                    1.21                      -20.228585
                  1.2125                      -20.218677
                   1.215                      -20.207224
                  1.2175                      -20.194248
                    1.22                      -20.179785
                  1.2225                      -20.163866
                   1.225                       -20.14653
                  1.2275                      -20.127819
                    1.23                       -20.10778
                  1.2325                      -20.086459
                   1.235                      -20.063909
                  1.2375                      -20.040181
                    1.24                      -20.015333
                  1.2425                      -19.989418
                   1.245                      -19.962495
                  1.2475                       -19.93462
                    1.25                      -19.905852
                  1.2525                      -19.876247
                   1.255                      -19.845861
                  1.2575                      -19.814752
                    1.26                      -19.782971
                  1.2625                      -19.750571
                   1.265                      -19.717602
                  1.2675                       -19.68411
                    1.27                      -19.650141
                  1.2725                      -19.615733
                   1.275                      -19.580928
                  1.2775                      -19.545756
                    1.28                      -19.510246
                  1.2825                      -19.474423
                   1.285                      -19.438307
                  1.2875                      -19.401917
                    1.29                      -19.365251
                  1.2925                       -19.32832
                   1.295                      -19.291117
                  1.2975                      -19.253632
                     1.3                      -19.215849
                  1.3025                      -19.177746
                   1.305                      -19.139297
                  1.3075                      -19.100456
                    1.31                      -19.061185
                  1.3125                      -19.021432
                   1.315                      -18.981139
                  1.3175                      -18.940241
                    1.32                      -18.898664
                  1.3225                      -18.856335
                   1.325                      -18.813168
                  1.3275                      -18.769075
                    1.33                      -18.723962
                  1.3325                      -18.677732
                   1.335                      -18.630287
                  1.3375                      -18.581518
                    1.34                       -18.53132
                  1.3425                      -18.479598
                   1.345                      -18.426238
                  1.3475                      -18.371142
                    1.35                      -18.314213
                  1.3525                      -18.255355
                   1.355                      -18.194483
                  1.3575                      -18.131513
                    1.36                      -18.066381
                  1.3625                      -17.999018
                   1.365                      -17.929389
                  1.3675                       -17.85745
                    1.37                      -17.783187
                  1.3725                      -17.706594
                   1.375                      -17.627694
                  1.3775                      -17.546514
                    1.38                      -17.463117
                  1.3825                      -17.377577
                   1.385                       -17.28999
                  1.3875                      -17.200489
                    1.39                      -17.109211
                  1.3925                      -17.016329
                   1.395                      -16.922054
                  1.3975                      -16.826598
                     1.4                      -16.730209
                  1.4025                      -16.633173
                   1.405                      -16.535784
                  1.4075                      -16.438387
                    1.41                      -16.341321
                  1.4125                      -16.244974
                   1.415                       -16.14976
                  1.4175                      -16.056099
                    1.42                      -15.964449
                  1.4225                      -15.875287
                   1.425                       -15.78911
                  1.4275                      -15.706433
                    1.43                      -15.627779
                  1.4325                      -15.553702
                   1.435                      -15.484755
                  1.4375                      -15.421491
                    1.44                      -15.364482
                  1.4425                      -15.314292
                   1.445                      -15.271481
                  1.4475                      -15.236598
                    1.45                      -15.210179
                  1.4525                      -15.192745
                   1.455                      -15.184786
                  1.4575                      -15.186767
                    1.46                      -15.199117
                  1.4625                      -15.222224
                   1.465                       -15.25644
                  1.4675                      -15.302059
                    1.47                      -15.359337
                  1.4725                      -15.428458
                   1.475                      -15.509565
                  1.4775                       -15.60274
                    1.48                      -15.707994
                  1.4825                      -15.825282
                   1.485                      -15.954508
                  1.4875                      -16.095489
                    1.49                      -16.248006
                  1.4925                      -16.411773
                   1.495                      -16.586435
                  1.4975                      -16.771591
                     1.5                      -16.966764
                  1.5025                      -17.171446
                   1.505                      -17.385064
                  1.5075                      -17.606971
                    1.51                      -17.836504
                  1.5125                      -18.072946
                   1.515                      -18.315511
                  1.5175                      -18.563385
                    1.52                      -18.815743
                  1.5225                      -19.071681
                   1.525                      -19.330286
                  1.5275                      -19.590602
                    1.53                       -19.85173
                  1.5325                      -20.112692
                   1.535                      -20.372529
                  1.5375                      -20.630327
                    1.54                      -20.885201
                  1.5425                      -21.136278
                   1.545                      -21.382767
                  1.5475                      -21.623921
                    1.55                       -21.85914
                  1.5525                      -22.087866
                   1.555                      -22.309645
                  1.5575                      -22.524194
                    1.56                      -22.731309
                  1.5625                      -22.930911
                   1.565                      -23.123049
                  1.5675                      -23.307902
                    1.57                      -23.485751
                  1.5725                      -23.656969
                   1.575                      -23.822004
                  1.5775                      -23.981412
                    1.58                       -24.13576
                  1.5825                      -24.285653
                   1.585                      -24.431733
                  1.5875                       -24.57462
                    1.59                      -24.714938
                  1.5925                      -24.853259
                   1.595                      -24.990139
                  1.5975                      -25.126078
                     1.6                      -25.261509
                  1.6025                       -25.39681
                   1.605                        -25.5323
                  1.6075                      -25.668224
                    1.61                      -25.804773
                  1.6125                      -25.942056
                   1.615                      -26.080139
                  1.6175                      -26.219025
                    1.62                      -26.358652
                  1.6225                      -26.498925
                   1.625                      -26.639689
                  1.6275                      -26.780749
                    1.63                       -26.92188
                  1.6325                      -27.062825
                   1.635                      -27.203281
                  1.6375                      -27.342936
                    1.64                      -27.481436
                  1.6425                      -27.618425
                   1.645                      -27.753507
                  1.6475                      -27.886266
                    1.65                      -28.016298
                  1.6525                      -28.143154
                   1.655                      -28.266368
                  1.6575                      -28.385479
                    1.66                      -28.500006
                  1.6625                      -28.609448
                   1.665                        -28.7133
                  1.6675                      -28.811043
                    1.67                      -28.902175
                  1.6725                      -28.986167
                   1.675                      -29.062499
                  1.6775                      -29.130675
                    1.68                      -29.190194
                  1.6825                       -29.24058
                   1.685                      -29.281387
                  1.6875                      -29.312207
                    1.69                      -29.332669
                  1.6925                      -29.342456
                   1.695                      -29.341309
                  1.6975                      -29.329037
                     1.7                      -29.305518
                  1.7025                      -29.270711
                   1.705                      -29.224655
                  1.7075                      -29.167475
                    1.71                      -29.099372
                  1.7125                       -29.02064
                   1.715                      -28.931642
                  1.7175                      -28.832811
                    1.72                      -28.724655
                  1.7225                      -28.607742
                   1.725                      -28.482669
                  1.7275                      -28.350101
                    1.73                        -28.2107
                  1.7325                      -28.065177
                   1.735                       -27.91423
                  1.7375                       -27.75856
                    1.74                       -27.59888
                  1.7425                      -27.435861
                   1.745                      -27.270175
                  1.7475                      -27.102468
                    1.75                      -26.933343
                  1.7525                      -26.763362
                   1.755                      -26.593087
                  1.7575                      -26.423002
                    1.76                      -26.253591
                  1.7625                      -26.085266
                   1.765                      -25.918428
                  1.7675                      -25.753437
                    1.77                      -25.590613
                  1.7725                      -25.430231
                   1.775                      -25.272564
                  1.7775                      -25.117831
                    1.78                      -24.966222
                  1.7825                      -24.817921
                   1.785                      -24.673069
                  1.7875                       -24.53181
                    1.79                      -24.394217
                  1.7925                      -24.260388
                   1.795                      -24.130395
                  1.7975                       -24.00428
                     1.8                      -23.882063
                  1.8025                       -23.76377
                   1.805                      -23.649399
                  1.8075                      -23.538944
                    1.81                      -23.432353
                  1.8125                      -23.329593
                   1.815                      -23.230617
                  1.8175                       -23.13533
                    1.82                      -23.043653
                  1.8225                      -22.955484
                   1.825                      -22.870709
                  1.8275                      -22.789193
                    1.83                      -22.710782
                  1.8325                       -22.63532
                   1.835                      -22.562633
                  1.8375                      -22.492519
                    1.84                      -22.424779
                  1.8425                      -22.359198
                   1.845                      -22.295537
                  1.8475                      -22.233568
                    1.85                      -22.173034
                  1.8525                       -22.11368
                   1.855                       -22.05525
                  1.8575                      -21.997478
                    1.86                      -21.940107
                  1.8625                      -21.882884
                   1.865                      -21.825552
                  1.8675                      -21.767883
                    1.87                      -21.709646
                  1.8725                      -21.650632
                   1.875                      -21.590655
                  1.8775                      -21.529545
                    1.88                      -21.467168
                  1.8825                        -21.4034
                   1.885                      -21.338162
                  1.8875                      -21.271397
                    1.89                      -21.203078
                  1.8925                      -21.133205
                   1.895                      -21.061821
                  1.8975                      -20.988986
                     1.9                      -20.914796
                  1.9025                      -20.839368
                   1.905                      -20.762854
                  1.9075                      -20.685432
                    1.91                      -20.607279
                  1.9125                      -20.528615
                   1.915                      -20.449674
                  1.9175                      -20.370696
                    1.92                      -20.291931
                  1.9225                      -20.213647
                   1.925                      -20.136119
                  1.9275                       -20.05962
                    1.93                      -19.984418
                  1.9325                       -19.91079
                   1.935                      -19.839013
                  1.9375                      -19.769335
                    1.94                      -19.702014
                  1.9425                      -19.637293
                   1.945                      -19.575399
                  1.9475                      -19.516541
                    1.95                      -19.460905
                  1.9525                      -19.408666
                   1.955                      -19.359976
                  1.9575                      -19.314947
                    1.96                      -19.273684
                  1.9625                      -19.236255
                   1.965                      -19.202705
                  1.9675                      -19.173046
                    1.97                       -19.14726
                  1.9725                      -19.125306
                   1.975                       -19.10711
                  1.9775                      -19.092568
                    1.98                      -19.081553
                  1.9825                      -19.073909
                   1.985                      -19.069454
                  1.9875                       -19.06799
                    1.99                      -19.069289
                  1.9925                      -19.073111
                   1.995                      -19.079199
                  1.9975                      -19.087278
                       2                      -19.097072
                  2.0025                      -19.108287
                   2.005                      -19.120633
                  2.0075                      -19.133812
                    2.01                      -19.147535
                  2.0125                      -19.161511
                   2.015                      -19.175458
                  2.0175                      -19.189111
                    2.02                      -19.202215
                  2.0225                      -19.214532
                   2.025                      -19.225843
                  2.0275                      -19.235951
                    2.03                      -19.244687
                  2.0325                      -19.251906
                   2.035                      -19.257489
                  2.0375                      -19.261355
                    2.04                       -19.26344
                  2.0425                      -19.263729
                   2.045                      -19.262218
                  2.0475                      -19.258948
                    2.05                      -19.253991
                  2.0525                      -19.247432
                   2.055                      -19.239402
                  2.0575                      -19.230041
                    2.06                       -19.21952
                  2.0625                      -19.208027
                   2.065                      -19.195762
                  2.0675                      -19.182942
                    2.07                      -19.169784
                  2.0725                      -19.156519
                   2.075                      -19.143378
                  2.0775                      -19.130575
                    2.08                      -19.118335
                  2.0825                      -19.106872
                   2.085                      -19.096379
                  2.0875                      -19.087045
                    2.09                       -19.07904
                  2.0925                      -19.072517
                   2.095                      -19.067611
                  2.0975                      -19.064438
                     2.1                      -19.063107
                  2.1025                      -19.063686
                   2.105                      -19.066257
                  2.1075                       -19.07086
                    2.11                      -19.077534
                  2.1125                      -19.086309
                   2.115                      -19.097186
                  2.1175                      -19.110175
                    2.12                      -19.125266
                  2.1225                      -19.142466
                   2.125                      -19.161746
                  2.1275                      -19.183095
                    2.13                      -19.206497
                  2.1325                      -19.231929
                   2.135                      -19.259379
                  2.1375                       -19.28883
                    2.14                      -19.320279
                  2.1425                      -19.353704
                   2.145                      -19.389112
                  2.1475                      -19.426487
                    2.15                      -19.465833
                  2.1525                      -19.507161
                   2.155                      -19.550461
                  2.1575                       -19.59575
                    2.16                      -19.643019
                  2.1625                      -19.692268
                   2.165                      -19.743511
                  2.1675                       -19.79672
                    2.17                      -19.851903
                  2.1725                       -19.90902
                   2.175                      -19.968051
                  2.1775                      -20.028949
                    2.18                      -20.091658
                  2.1825                      -20.156103
                   2.185                      -20.222218
                  2.1875                      -20.289879
                    2.19                      -20.358981
                  2.1925                      -20.429397
                   2.195                      -20.500964
                  2.1975                      -20.573528
                     2.2                      -20.646886
                  2.2025                      -20.720868
                   2.205                      -20.795271
                  2.2075                      -20.869876
                    2.21                      -20.944477
                  2.2125                       -21.01885
                   2.215                      -21.092784
                  2.2175                      -21.166095
                    2.22                      -21.238541
                  2.2225                      -21.309988
                   2.225                      -21.380268
                  2.2275                      -21.449223
                    2.23                      -21.516751
                  2.2325                      -21.582774
                   2.235                      -21.647218
                  2.2375                      -21.710081
                    2.24                      -21.771384
                  2.2425                      -21.831184
                   2.245                       -21.88956
                  2.2475                      -21.946653
                    2.25                      -22.002647
                  2.2525                      -22.057729
                   2.255                      -22.112172
                  2.2575                      -22.166268
                    2.26                      -22.220336
                  2.2625                      -22.274754
                   2.265                      -22.329919
                  2.2675                      -22.386265
                    2.27                      -22.444275
                  2.2725                      -22.504444
                   2.275                      -22.567298
                  2.2775                      -22.633411
                    2.28                      -22.703348
                  2.2825                      -22.777711
                   2.285                      -22.857144
                  2.2875                      -22.942261
                    2.29                      -23.033723
                  2.2925                      -23.132156
                   2.295                      -23.238231
                  2.2975                      -23.352608
                     2.3                      -23.475901
                  2.3025                      -23.608752
                   2.305                      -23.751777
                  2.3075                      -23.905525
                    2.31                      -24.070549
                  2.3125                      -24.247402
                   2.315                      -24.436513
                  2.3175                      -24.638349
                    2.32                      -24.853245
                  2.3225                       -25.08156
                   2.325                      -25.323592
                  2.3275                      -25.579515
                    2.33                      -25.849542
                  2.3325                      -26.133782
                   2.335                      -26.432327
                  2.3375                      -26.745237
                    2.34                       -27.07245
                  2.3425                      -27.413953
                   2.345                      -27.769697
                  2.3475                      -28.139518
                    2.35                      -28.523263
                  2.3525                      -28.920869
                   2.355                      -29.332013
                  2.3575                      -29.756509
                    2.36                      -30.193943
                  2.3625                      -30.643908
                   2.365                      -31.105879
                  2.3675                      -31.578955
                    2.37                      -32.062254
                  2.3725                      -32.554204
                   2.375                      -33.052867
                  2.3775                      -33.555587
                    2.38                      -34.058625
                  2.3825                      -34.557116
                   2.385                      -35.044689
                  2.3875                      -35.512928
                    2.39                      -35.951672
                  2.3925                      -36.348621
                   2.395                      -36.689821
                  2.3975                      -36.960851
                     2.4                      -37.148082
                  2.4025                       -37.24082
                   2.405                      -37.232988
                  2.4075                      -37.124304
                    2.41                      -36.920247
                  2.4125                      -36.631019
                   2.415                      -36.269593
                  2.4175                      -35.849829
                    2.42                      -35.385099
                  2.4225                       -34.88713
                   2.425                      -34.365497
                  2.4275                      -33.828053
                    2.43                      -33.280646
                  2.4325                      -32.727588
                   2.435                      -32.172158
                  2.4375                      -31.616486
                    2.44                      -31.062245
                  2.4425                      -30.510517
                   2.445                      -29.961893
                  2.4475                      -29.417093
                    2.45                      -28.876454
                  2.4525                        -28.3405
                   2.455                      -27.809622
                  2.4575                      -27.284292
                    2.46                      -26.765296
                  2.4625                      -26.253269
                   2.465                      -25.749175
                  2.4675                      -25.254265
                    2.47                      -24.769857
                  2.4725                      -24.297496
                   2.475                      -23.839073
                  2.4775                      -23.396514
                    2.48                      -22.972137
                  2.4825                      -22.568161
                   2.485                      -22.187026
                  2.4875                       -21.83127
                    2.49                      -21.503222
                  2.4925                      -21.205205
                   2.495                      -20.939195
                  2.4975                      -20.706868
                     2.5                      -20.509482
                  2.5025                      -20.347807
                   2.505                      -20.222104
                  2.5075                      -20.132118
                    2.51                      -20.077086
                  2.5125                       -20.05577
                   2.515                      -20.066569
                  2.5175                      -20.107544
                    2.52                      -20.176513
                  2.5225                      -20.271168
                   2.525                        -20.3891
                  2.5275                      -20.527849
                    2.53                       -20.68502
                  2.5325                      -20.858229
                   2.535                      -21.045226
                  2.5375                       -21.24391
                    2.54                      -21.452204
                  2.5425                      -21.668255
                   2.545                      -21.890324
                  2.5475                      -22.116774
                    2.55                      -22.346158
                  2.5525                      -22.577128
                   2.555                      -22.808497
                  2.5575                      -23.039206
                    2.56                      -23.268257
                  2.5625                      -23.494819
                   2.565                      -23.718199
                  2.5675                      -23.937721
                    2.57                      -24.152892
                  2.5725                      -24.363216
                   2.575                      -24.568399
                  2.5775                      -24.768181
                    2.58                      -24.962319
                  2.5825                      -25.150732
                   2.585                      -25.333376
                  2.5875                      -25.510232
                    2.59                       -25.68138
                  2.5925                      -25.847002
                   2.595                      -26.007216
                  2.5975                      -26.162297
                     2.6                      -26.312474
                  2.6025                      -26.458064
                   2.605                      -26.599416
                  2.6075                      -26.736847
                    2.61                      -26.870787
                  2.6125                      -27.001596
                   2.615                      -27.129677
                  2.6175                      -27.255455
                    2.62                      -27.379291
                  2.6225                      -27.501601
                   2.625                      -27.622762
                  2.6275                       -27.74313
                    2.63                      -27.863063
                  2.6325                      -27.982887
                   2.635                      -28.102897
                  2.6375                      -28.223357
                    2.64                      -28.344523
                  2.6425                      -28.466613
                   2.645                      -28.589844
                  2.6475                      -28.714337
                    2.65                      -28.840289
                  2.6525                       -28.96777
                   2.655                      -29.096911
                  2.6575                      -29.227775
                    2.66                      -29.360402
                  2.6625                      -29.494828
                   2.665                      -29.631085
                  2.6675                      -29.769154
                    2.67                      -29.909038
                  2.6725                      -30.050702
                   2.675                      -30.194104
                  2.6775                      -30.339221
                    2.68                      -30.485959
                  2.6825                      -30.634275
                   2.685                      -30.784145
                  2.6875                      -30.935469
                    2.69                      -31.088215
                  2.6925                      -31.242303
                   2.695                      -31.397684
                  2.6975                      -31.554342
                     2.7                      -31.712195
                  2.7025                      -31.871222
                   2.705                      -32.031435
                  2.7075                      -32.192788
                    2.71                       -32.35528
                  2.7125                      -32.518946
                   2.715                      -32.683755
                  2.7175                       -32.84975
                    2.72                      -33.016926
                  2.7225                      -33.185342
                   2.725                       -33.35503
                  2.7275                      -33.525989
                    2.73                      -33.698262
                  2.7325                      -33.871846
                   2.735                      -34.046753
                  2.7375                      -34.223008
                    2.74                      -34.400535
                  2.7425                      -34.579361
                   2.745                      -34.759432
                  2.7475                      -34.940643
                    2.75                      -35.122944
                  2.7525                      -35.306233
                   2.755                      -35.490368
                  2.7575                       -35.67522
                    2.76                       -35.86064
                  2.7625                      -36.046463
                   2.765                      -36.232527
                  2.7675                      -36.418613
                    2.77                      -36.604578
                  2.7725                      -36.790184
                   2.775                      -36.975255
                  2.7775                      -37.159645
                    2.78                      -37.343147
                  2.7825                      -37.525597
                   2.785                      -37.706865
                  2.7875                       -37.88678
                    2.79                      -38.065235
                  2.7925                       -38.24213
                   2.795                      -38.417319
                  2.7975                      -38.590774
                     2.8                      -38.762374
                  2.8025                      -38.932071
                   2.805                      -39.099792
                  2.8075                      -39.265448
                    2.81                      -39.428983
                  2.8125                      -39.590262
                   2.815                      -39.749226
                  2.8175                      -39.905729
                    2.82                      -40.059582
                  2.8225                       -40.21061
                   2.825                      -40.358561
                  2.8275                      -40.503132
                    2.83                      -40.643975
                  2.8325                      -40.780731
                   2.835                      -40.912884
                  2.8375                      -41.039942
                    2.84                      -41.161288
                  2.8425                      -41.276285
                   2.845                      -41.384223
                  2.8475                      -41.484329
                    2.85                      -41.575811
                  2.8525                       -41.65784
                   2.855                      -41.729572
                  2.8575                      -41.790181
                    2.86                      -41.838864
                  2.8625                      -41.874873
                   2.865                      -41.897537
                  2.8675                      -41.906294
                    2.87                        -41.9007
                  2.8725                      -41.880439
                   2.875                      -41.845374
                  2.8775                      -41.795497
                    2.88                       -41.73099
                  2.8825                       -41.65217
                   2.885                      -41.559489
                  2.8875                      -41.453573
                    2.89                       -41.33506
                  2.8925                      -41.204772
                   2.895                       -41.06353
                  2.8975                      -40.912193
                     2.9                      -40.751677
                  2.9025                      -40.582851
                   2.905                      -40.406581
                  2.9075                      -40.223694
                    2.91                      -40.034983
                  2.9125                       -39.84117
                   2.915                      -39.642977
                  2.9175                      -39.441007
                    2.92                      -39.235882
                  2.9225                      -39.028123
                   2.925                      -38.818211
                  2.9275                      -38.606594
                    2.93                      -38.393659
                  2.9325                       -38.17982
                   2.935                      -37.965402
                  2.9375                        -37.7507
                    2.94                      -37.536063
                  2.9425                      -37.321763
                   2.945                      -37.108003
                  2.9475                      -36.895108
                    2.95                      -36.683295
                  2.9525                      -36.472789
                   2.955                      -36.263854
                  2.9575                      -36.056682
                    2.96                      -35.851527
                  2.9625                      -35.648609
                   2.965                      -35.448073
                  2.9675                      -35.250185
                    2.97                      -35.055094
                  2.9725                      -34.863032
                   2.975                      -34.674156
                  2.9775                      -34.488604
                    2.98                      -34.306591
                  2.9825                      -34.128195
                   2.985                      -33.953537
                  2.9875                      -33.782749
                    2.99                      -33.615894
                  2.9925                      -33.453011
                   2.995                      -33.294167
                  2.9975                       -33.13934
                       3                      -32.988549
