        Frequency / GHz                System Tot. Efficiency [AC2]/abs,linear
----------------------------------------------------------------------
                    0.69                     0.058985045
                    0.78                     0.011633302
                    0.87                    0.0068140227
                    0.96                    0.0050426801
                     1.7                      0.14563281
                     1.8                      0.19026946
                     1.9                      0.19930634
                       2                      0.19533542
                     2.1                      0.19320336
                     2.2                      0.18216477
                     2.3                      0.19180258
                     2.4                      0.18435504
                     2.5                      0.18774317
                     2.6                      0.15550229
                     2.7                      0.12073574

