Frequency    S2,1_[235]

                     0.5                       -27.02768
                  0.5025                      -26.496464
                   0.505                      -25.983149
                  0.5075                      -25.490393
                    0.51                      -25.020794
                  0.5125                      -24.576795
                   0.515                      -24.160533
                  0.5175                      -23.773724
                    0.52                      -23.417545
                  0.5225                      -23.092538
                   0.525                      -22.798567
                  0.5275                      -22.534817
                    0.53                      -22.299842
                  0.5325                      -22.091647
                   0.535                      -21.907811
                  0.5375                      -21.745622
                    0.54                      -21.602202
                  0.5425                      -21.474627
                   0.545                      -21.360042
                  0.5475                      -21.255724
                    0.55                      -21.159146
                  0.5525                      -21.068017
                   0.555                      -20.980276
                  0.5575                      -20.894129
                    0.56                      -20.808003
                  0.5625                      -20.720558
                   0.565                      -20.630676
                  0.5675                      -20.537408
                    0.57                      -20.439986
                  0.5725                       -20.33778
                   0.575                      -20.230299
                  0.5775                      -20.117177
                    0.58                      -19.998129
                  0.5825                      -19.872966
                   0.585                      -19.741576
                  0.5875                      -19.603925
                    0.59                      -19.460011
                  0.5925                      -19.309917
                   0.595                      -19.153736
                  0.5975                      -18.991639
                     0.6                      -18.823808
                  0.6025                      -18.650475
                   0.605                      -18.471879
                  0.6075                      -18.288314
                    0.61                      -18.100088
                  0.6125                      -17.907522
                   0.615                      -17.710979
                  0.6175                      -17.510823
                    0.62                      -17.307449
                  0.6225                      -17.101268
                   0.625                      -16.892709
                  0.6275                      -16.682191
                    0.63                      -16.470184
                  0.6325                      -16.257128
                   0.635                      -16.043503
                  0.6375                      -15.829774
                    0.64                       -15.61642
                  0.6425                      -15.403919
                   0.645                      -15.192741
                  0.6475                      -14.983365
                    0.65                      -14.776248
                  0.6525                      -14.571854
                   0.655                       -14.37063
                  0.6575                      -14.173006
                    0.66                      -13.979408
                  0.6625                      -13.790237
                   0.665                      -13.605879
                  0.6675                       -13.42671
                    0.67                      -13.253082
                  0.6725                      -13.085326
                   0.675                      -12.923755
                  0.6775                      -12.768675
                    0.68                      -12.620328
                  0.6825                         -12.479
                   0.685                      -12.344889
                  0.6875                      -12.218211
                    0.69                       -12.09915
                  0.6925                       -11.98783
                   0.695                      -11.884393
                  0.6975                      -11.788908
                     0.7                      -11.701425
                  0.7025                      -11.621958
                   0.705                      -11.550474
                  0.7075                      -11.486906
                    0.71                      -11.431143
                  0.7125                      -11.383033
                   0.715                      -11.342385
                  0.7175                      -11.308964
                    0.72                      -11.282507
                  0.7225                      -11.262712
                   0.725                      -11.249251
                  0.7275                      -11.241771
                    0.73                      -11.239903
                  0.7325                      -11.243257
                   0.735                      -11.251437
                  0.7375                      -11.264045
                    0.74                      -11.280686
                  0.7425                      -11.300965
                   0.745                        -11.3245
                  0.7475                      -11.350928
                    0.75                      -11.379895
                  0.7525                      -11.411073
                   0.755                      -11.444151
                  0.7575                      -11.478851
                    0.76                      -11.514912
                  0.7625                      -11.552109
                   0.765                      -11.590234
                  0.7675                      -11.629115
                    0.77                      -11.668604
                  0.7725                      -11.708586
                   0.775                      -11.748962
                  0.7775                      -11.789669
                    0.78                      -11.830669
                  0.7825                      -11.871941
                   0.785                       -11.91349
                  0.7875                      -11.955342
                    0.79                      -11.997546
                  0.7925                      -12.040163
                   0.795                       -12.08327
                  0.7975                      -12.126956
                     0.8                      -12.171333
                  0.8025                      -12.216503
                   0.805                      -12.262585
                  0.8075                      -12.309699
                    0.81                      -12.357972
                  0.8125                      -12.407525
                   0.815                      -12.458469
                  0.8175                      -12.510922
                    0.82                      -12.564989
                  0.8225                      -12.620765
                   0.825                      -12.678327
                  0.8275                       -12.73775
                    0.83                      -12.799089
                  0.8325                      -12.862385
                   0.835                      -12.927656
                  0.8375                      -12.994913
                    0.84                      -13.064153
                  0.8425                      -13.135343
                   0.845                      -13.208447
                  0.8475                      -13.283403
                    0.85                      -13.360152
                  0.8525                      -13.438605
                   0.855                      -13.518674
                  0.8575                      -13.600254
                    0.86                      -13.683245
                  0.8625                      -13.767528
                   0.865                      -13.852987
                  0.8675                      -13.939501
                    0.87                      -14.026958
                  0.8725                      -14.115238
                   0.875                      -14.204222
                  0.8775                      -14.293805
                    0.88                      -14.383882
                  0.8825                      -14.474357
                   0.885                      -14.565131
                  0.8875                      -14.656128
                    0.89                       -14.74727
                  0.8925                      -14.838493
                   0.895                      -14.929728
                  0.8975                      -15.020929
                     0.9                      -15.112052
                  0.9025                      -15.203059
                   0.905                      -15.293913
                  0.9075                      -15.384591
                    0.91                      -15.475078
                  0.9125                      -15.565346
                   0.915                      -15.655387
                  0.9175                      -15.745186
                    0.92                       -15.83474
                  0.9225                      -15.924031
                   0.925                      -16.013053
                  0.9275                      -16.101795
                    0.93                      -16.190254
                  0.9325                      -16.278409
                   0.935                      -16.366246
                  0.9375                      -16.453756
                    0.94                      -16.540915
                  0.9425                      -16.627708
                   0.945                      -16.714103
                  0.9475                      -16.800083
                    0.95                      -16.885616
                  0.9525                      -16.970679
                   0.955                       -17.05523
                  0.9575                      -17.139244
                    0.96                      -17.222689
                  0.9625                       -17.30553
                   0.965                      -17.387729
                  0.9675                      -17.469255
                    0.97                      -17.550079
                  0.9725                      -17.630167
                   0.975                      -17.709488
                  0.9775                      -17.788011
                    0.98                      -17.865714
                  0.9825                       -17.94257
                   0.985                      -18.018556
                  0.9875                      -18.093654
                    0.99                       -18.16785
                  0.9925                      -18.241124
                   0.995                      -18.313468
                  0.9975                       -18.38487
                       1                      -18.455326
                  1.0025                      -18.524833
                   1.005                      -18.593383
                  1.0075                      -18.660979
                    1.01                      -18.727626
                  1.0125                      -18.793325
                   1.015                      -18.858074
                  1.0175                      -18.921885
                    1.02                      -18.984766
                  1.0225                       -19.04672
                   1.025                      -19.107753
                  1.0275                      -19.167873
                    1.03                      -19.227096
                  1.0325                      -19.285423
                   1.035                      -19.342859
                  1.0375                      -19.399413
                    1.04                        -19.4551
                  1.0425                      -19.509923
                   1.045                      -19.563882
                  1.0475                      -19.616988
                    1.05                      -19.669252
                  1.0525                      -19.720677
                   1.055                      -19.771266
                  1.0575                      -19.821027
                    1.06                      -19.869968
                  1.0625                      -19.918097
                   1.065                      -19.965414
                  1.0675                      -20.011931
                    1.07                      -20.057658
                  1.0725                      -20.102598
                   1.075                      -20.146765
                  1.0775                      -20.190169
                    1.08                      -20.232822
                  1.0825                       -20.27473
                   1.085                      -20.315915
                  1.0875                      -20.356384
                    1.09                       -20.39616
                  1.0925                      -20.435252
                   1.095                      -20.473682
                  1.0975                      -20.511472
                     1.1                      -20.548635
                  1.1025                      -20.585199
                   1.105                      -20.621182
                  1.1075                      -20.656604
                    1.11                      -20.691492
                  1.1125                      -20.725873
                   1.115                      -20.759764
                  1.1175                      -20.793197
                    1.12                      -20.826193
                  1.1225                      -20.858783
                   1.125                       -20.89099
                  1.1275                      -20.922836
                    1.13                       -20.95436
                  1.1325                       -20.98558
                   1.135                      -21.016527
                  1.1375                      -21.047229
                    1.14                      -21.077717
                  1.1425                      -21.108016
                   1.145                      -21.138159
                  1.1475                      -21.168169
                    1.15                      -21.198088
                  1.1525                      -21.227944
                   1.155                      -21.257763
                  1.1575                       -21.28759
                    1.16                      -21.317456
                  1.1625                      -21.347397
                   1.165                      -21.377448
                  1.1675                      -21.407649
                    1.17                      -21.438046
                  1.1725                      -21.468677
                   1.175                      -21.499579
                  1.1775                      -21.530809
                    1.18                      -21.562407
                  1.1825                      -21.594418
                   1.185                       -21.62689
                  1.1875                      -21.659873
                    1.19                      -21.693419
                  1.1925                      -21.727577
                   1.195                      -21.762388
                  1.1975                      -21.797915
                     1.2                        -21.8342
                  1.2025                      -21.871289
                   1.205                      -21.909236
                  1.2075                      -21.948079
                    1.21                      -21.987869
                  1.2125                      -22.028641
                   1.215                      -22.070438
                  1.2175                      -22.113298
                    1.22                      -22.157252
                  1.2225                      -22.202327
                   1.225                      -22.248554
                  1.2275                      -22.295953
                    1.23                      -22.344542
                  1.2325                      -22.394343
                   1.235                      -22.445358
                  1.2375                      -22.497602
                    1.24                      -22.551072
                  1.2425                      -22.605773
                   1.245                        -22.6617
                  1.2475                      -22.718841
                    1.25                      -22.777189
                  1.2525                      -22.836737
                   1.255                       -22.89746
                  1.2575                      -22.959346
                    1.26                       -23.02238
                  1.2625                      -23.086536
                   1.265                      -23.151794
                  1.2675                      -23.218123
                    1.27                      -23.285517
                  1.2725                      -23.353946
                   1.275                      -23.423383
                  1.2775                      -23.493808
                    1.28                      -23.565207
                  1.2825                      -23.637553
                   1.285                      -23.710827
                  1.2875                         -23.785
                    1.29                      -23.860072
                  1.2925                      -23.936016
                   1.295                      -24.012805
                  1.2975                       -24.09044
                     1.3                      -24.168897
                  1.3025                      -24.248158
                   1.305                      -24.328199
                  1.3075                      -24.409009
                    1.31                      -24.490572
                  1.3125                       -24.57286
                   1.315                      -24.655845
                  1.3175                      -24.739516
                    1.32                       -24.82384
                  1.3225                      -24.908782
                   1.325                      -24.994308
                  1.3275                      -25.080379
                    1.33                      -25.166963
                  1.3325                      -25.254001
                   1.335                      -25.341452
                  1.3375                      -25.429265
                    1.34                      -25.517376
                  1.3425                      -25.605716
                   1.345                      -25.694233
                  1.3475                      -25.782842
                    1.35                      -25.871481
                  1.3525                      -25.960055
                   1.355                      -26.048494
                  1.3575                      -26.136715
                    1.36                      -26.224617
                  1.3625                      -26.312126
                   1.365                      -26.399137
                  1.3675                      -26.485555
                    1.37                      -26.571291
                  1.3725                      -26.656252
                   1.375                      -26.740336
                  1.3775                      -26.823456
                    1.38                      -26.905508
                  1.3825                      -26.986411
                   1.385                      -27.066068
                  1.3875                      -27.144385
                    1.39                      -27.221295
                  1.3925                      -27.296708
                   1.395                      -27.370537
                  1.3975                      -27.442719
                     1.4                      -27.513185
                  1.4025                      -27.581868
                   1.405                      -27.648703
                  1.4075                       -27.71363
                    1.41                       -27.77661
                  1.4125                      -27.837586
                   1.415                      -27.896511
                  1.4175                      -27.953357
                    1.42                       -28.00808
                  1.4225                      -28.060646
                   1.425                      -28.111022
                  1.4275                      -28.159184
                    1.43                      -28.205104
                  1.4325                       -28.24876
                   1.435                      -28.290115
                  1.4375                      -28.329157
                    1.44                      -28.365857
                  1.4425                      -28.400186
                   1.445                      -28.432117
                  1.4475                       -28.46162
                    1.45                      -28.488669
                  1.4525                      -28.513223
                   1.455                       -28.53525
                  1.4575                      -28.554712
                    1.46                      -28.571569
                  1.4625                      -28.585777
                   1.465                      -28.597295
                  1.4675                      -28.606077
                    1.47                       -28.61208
                  1.4725                      -28.615261
                   1.475                       -28.61558
                  1.4775                      -28.612996
                    1.48                      -28.607478
                  1.4825                      -28.598995
                   1.485                      -28.587528
                  1.4875                      -28.573061
                    1.49                       -28.55559
                  1.4925                      -28.535115
                   1.495                      -28.511657
                  1.4975                      -28.485233
                     1.5                      -28.455883
                  1.5025                      -28.423654
                   1.505                      -28.388601
                  1.5075                      -28.350795
                    1.51                      -28.310311
                  1.5125                      -28.267237
                   1.515                      -28.221664
                  1.5175                      -28.173696
                    1.52                      -28.123434
                  1.5225                      -28.070989
                   1.525                      -28.016475
                  1.5275                      -27.960011
                    1.53                      -27.901701
                  1.5325                      -27.841665
                   1.535                      -27.780015
                  1.5375                      -27.716862
                    1.54                      -27.652305
                  1.5425                       -27.58645
                   1.545                      -27.519398
                  1.5475                      -27.451247
                    1.55                      -27.382071
                  1.5525                      -27.311961
                   1.555                      -27.241005
                  1.5575                      -27.169258
                    1.56                      -27.096801
                  1.5625                      -27.023694
                   1.565                      -26.950003
                  1.5675                      -26.875783
                    1.57                       -26.80108
                  1.5725                      -26.725949
                   1.575                      -26.650445
                  1.5775                      -26.574599
                    1.58                       -26.49846
                  1.5825                      -26.422072
                   1.585                      -26.345468
                  1.5875                      -26.268693
                    1.59                      -26.191779
                  1.5925                      -26.114769
                   1.595                      -26.037697
                  1.5975                      -25.960591
                     1.6                      -25.883497
                  1.6025                      -25.806449
                   1.605                      -25.729478
                  1.6075                      -25.652623
                    1.61                      -25.575915
                  1.6125                      -25.499394
                   1.615                      -25.423089
                  1.6175                      -25.347033
                    1.62                      -25.271266
                  1.6225                      -25.195812
                   1.625                       -25.12071
                  1.6275                      -25.045989
                    1.63                      -24.971682
                  1.6325                       -24.89781
                   1.635                      -24.824412
                  1.6375                      -24.751503
                    1.64                      -24.679122
                  1.6425                      -24.607281
                   1.645                       -24.53601
                  1.6475                      -24.465335
                    1.65                      -24.395267
                  1.6525                      -24.325833
                   1.655                       -24.25705
                  1.6575                      -24.188936
                    1.66                      -24.121504
                  1.6625                      -24.054777
                   1.665                      -23.988766
                  1.6675                      -23.923494
                    1.67                      -23.858967
                  1.6725                      -23.795203
                   1.675                      -23.732226
                  1.6775                      -23.670038
                    1.68                      -23.608665
                  1.6825                      -23.548116
                   1.685                      -23.488419
                  1.6875                      -23.429583
                    1.69                      -23.371627
                  1.6925                      -23.314568
                   1.695                      -23.258433
                  1.6975                      -23.203229
                     1.7                      -23.148981
                  1.7025                      -23.095706
                   1.705                      -23.043423
                  1.7075                      -22.992147
                    1.71                      -22.941893
                  1.7125                      -22.892676
                   1.715                      -22.844506
                  1.7175                      -22.797393
                    1.72                      -22.751342
                  1.7225                      -22.706359
                   1.725                      -22.662442
                  1.7275                       -22.61959
                    1.73                      -22.577791
                  1.7325                      -22.537036
                   1.735                      -22.497309
                  1.7375                      -22.458588
                    1.74                      -22.420851
                  1.7425                      -22.384067
                   1.745                      -22.348206
                  1.7475                      -22.313235
                    1.75                      -22.279114
                  1.7525                      -22.245801
                   1.755                      -22.213257
                  1.7575                      -22.181438
                    1.76                        -22.1503
                  1.7625                        -22.1198
                   1.765                      -22.089895
                  1.7675                      -22.060548
                    1.77                      -22.031719
                  1.7725                      -22.003374
                   1.775                      -21.975484
                  1.7775                      -21.948021
                    1.78                      -21.920966
                  1.7825                      -21.894304
                   1.785                      -21.868025
                  1.7875                      -21.842127
                    1.79                       -21.81661
                  1.7925                      -21.791484
                   1.795                      -21.766763
                  1.7975                      -21.742464
                     1.8                      -21.718614
                  1.8025                      -21.695239
                   1.805                      -21.672372
                  1.8075                      -21.650049
                    1.81                      -21.628303
                  1.8125                      -21.607172
                   1.815                      -21.586696
                  1.8175                      -21.566907
                    1.82                      -21.547842
                  1.8225                       -21.52953
                   1.825                         -21.512
                  1.8275                      -21.495272
                    1.83                      -21.479363
                  1.8325                       -21.46428
                   1.835                      -21.450028
                  1.8375                        -21.4366
                    1.84                      -21.423985
                  1.8425                       -21.41216
                   1.845                      -21.401098
                  1.8475                      -21.390762
                    1.85                      -21.381108
                  1.8525                      -21.372084
                   1.855                      -21.363638
                  1.8575                      -21.355709
                    1.86                      -21.348231
                  1.8625                      -21.341136
                   1.865                      -21.334361
                  1.8675                      -21.327838
                    1.87                      -21.321499
                  1.8725                      -21.315285
                   1.875                      -21.309137
                  1.8775                      -21.303005
                    1.88                      -21.296845
                  1.8825                      -21.290624
                   1.885                      -21.284317
                  1.8875                      -21.277907
                    1.89                      -21.271395
                  1.8925                      -21.264786
                   1.895                      -21.258101
                  1.8975                      -21.251371
                     1.9                       -21.24464
                  1.9025                      -21.237963
                   1.905                      -21.231406
                  1.9075                       -21.22504
                    1.91                      -21.218947
                  1.9125                      -21.213218
                   1.915                      -21.207944
                  1.9175                      -21.203223
                    1.92                      -21.199153
                  1.9225                      -21.195834
                   1.925                       -21.19336
                  1.9275                      -21.191828
                    1.93                      -21.191321
                  1.9325                       -21.19192
                   1.935                      -21.193693
                  1.9375                      -21.196703
                    1.94                      -21.200997
                  1.9425                      -21.206607
                   1.945                      -21.213557
                  1.9475                      -21.221848
                    1.95                      -21.231477
                  1.9525                      -21.242417
                   1.955                      -21.254631
                  1.9575                      -21.268068
                    1.96                      -21.282664
                  1.9625                      -21.298343
                   1.965                      -21.315017
                  1.9675                      -21.332595
                    1.97                      -21.350983
                  1.9725                      -21.370074
                   1.975                      -21.389767
                  1.9775                      -21.409968
                    1.98                       -21.43058
                  1.9825                      -21.451511
                   1.985                      -21.472698
                  1.9875                      -21.494074
                    1.99                      -21.515594
                  1.9925                      -21.537232
                   1.995                      -21.558981
                  1.9975                      -21.580857
                       2                      -21.602905
                  2.0025                      -21.625183
                   2.005                      -21.647778
                  2.0075                      -21.670801
                    2.01                      -21.694386
                  2.0125                      -21.718688
                   2.015                      -21.743879
                  2.0175                      -21.770158
                    2.02                      -21.797719
                  2.0225                      -21.826791
                   2.025                      -21.857591
                  2.0275                      -21.890344
                    2.03                      -21.925275
                  2.0325                      -21.962604
                   2.035                      -22.002536
                  2.0375                      -22.045262
                    2.04                      -22.090943
                  2.0425                      -22.139714
                   2.045                      -22.191689
                  2.0475                       -22.24691
                    2.05                      -22.305408
                  2.0525                      -22.367142
                   2.055                       -22.43201
                  2.0575                      -22.499862
                    2.06                       -22.57045
                  2.0625                      -22.643479
                   2.065                      -22.718563
                  2.0675                      -22.795213
                    2.07                      -22.872887
                  2.0725                      -22.950929
                   2.075                      -23.028615
                  2.0775                      -23.105133
                    2.08                      -23.179577
                  2.0825                         -23.251
                   2.085                      -23.318398
                  2.0875                      -23.380727
                    2.09                      -23.436936
                  2.0925                      -23.485999
                   2.095                      -23.526934
                  2.0975                      -23.558841
                     2.1                      -23.580931
                  2.1025                      -23.592563
                   2.105                      -23.593271
                  2.1075                      -23.582781
                    2.11                       -23.56103
                  2.1125                      -23.528182
                   2.115                      -23.484614
                  2.1175                      -23.430898
                    2.12                      -23.367796
                  2.1225                      -23.296247
                   2.125                      -23.217279
                  2.1275                      -23.132071
                    2.13                      -23.041796
                  2.1325                      -22.947707
                   2.135                      -22.851035
                  2.1375                       -22.75298
                    2.14                      -22.654689
                  2.1425                      -22.557271
                   2.145                      -22.461719
                  2.1475                      -22.368952
                    2.15                      -22.279792
                  2.1525                       -22.19496
                   2.155                      -22.115098
                  2.1575                      -22.040731
                    2.16                      -21.972314
                  2.1625                      -21.910216
                   2.165                      -21.854697
                  2.1675                      -21.805995
                    2.17                      -21.764244
                  2.1725                      -21.729543
                   2.175                      -21.701931
                  2.1775                      -21.681411
                    2.18                      -21.667939
                  2.1825                      -21.661453
                   2.185                      -21.661856
                  2.1875                      -21.669038
                    2.19                      -21.682873
                  2.1925                       -21.70323
                   2.195                      -21.729957
                  2.1975                       -21.76292
                     2.2                      -21.801962
                  2.2025                      -21.846943
                   2.205                      -21.897729
                  2.2075                      -21.954169
                    2.21                      -22.016134
                  2.2125                      -22.083485
                   2.215                      -22.156089
                  2.2175                      -22.233824
                    2.22                       -22.31653
                  2.2225                      -22.404086
                   2.225                      -22.496343
                  2.2275                      -22.593109
                    2.23                      -22.694202
                  2.2325                      -22.799416
                   2.235                      -22.908471
                  2.2375                       -23.02108
                    2.24                      -23.136891
                  2.2425                       -23.25549
                   2.245                      -23.376398
                  2.2475                      -23.499028
                    2.25                      -23.622743
                  2.2525                      -23.746773
                   2.255                      -23.870263
                  2.2575                      -23.992301
                    2.26                      -24.111803
                  2.2625                       -24.22766
                   2.265                      -24.338704
                  2.2675                      -24.443695
                    2.27                      -24.541441
                  2.2725                        -24.6308
                   2.275                      -24.710709
                  2.2775                       -24.78031
                    2.28                      -24.838921
                  2.2825                       -24.88614
                   2.285                      -24.921862
                  2.2875                      -24.946276
                    2.29                      -24.959905
                  2.2925                      -24.963545
                   2.295                      -24.958253
                  2.2975                      -24.945283
                     2.3                      -24.926021
                  2.3025                       -24.90194
                   2.305                      -24.874515
                  2.3075                      -24.845189
                    2.31                      -24.815315
                  2.3125                       -24.78611
                   2.315                      -24.758679
                  2.3175                      -24.733937
                    2.32                      -24.712671
                  2.3225                      -24.695489
                   2.325                      -24.682853
                  2.3275                      -24.675098
                    2.33                      -24.672437
                  2.3325                      -24.674961
                   2.335                      -24.682687
                  2.3375                      -24.695548
                    2.34                      -24.713399
                  2.3425                      -24.736058
                   2.345                      -24.763289
                  2.3475                      -24.794816
                    2.35                      -24.830343
                  2.3525                      -24.869552
                   2.355                      -24.912095
                  2.3575                      -24.957637
                    2.36                      -25.005796
                  2.3625                      -25.056228
                   2.365                      -25.108566
                  2.3675                      -25.162437
                    2.37                      -25.217514
                  2.3725                      -25.273438
                   2.375                      -25.329896
                  2.3775                      -25.386587
                    2.38                       -25.44322
                  2.3825                      -25.499556
                   2.385                      -25.555382
                  2.3875                      -25.610497
                    2.39                      -25.664778
                  2.3925                      -25.718121
                   2.395                      -25.770455
                  2.3975                      -25.821779
                     2.4                      -25.872097
                  2.4025                      -25.921489
                   2.405                      -25.970047
                  2.4075                      -26.017916
                    2.41                      -26.065253
                  2.4125                      -26.112252
                   2.415                      -26.159111
                  2.4175                      -26.206069
                    2.42                       -26.25334
                  2.4225                      -26.301157
                   2.425                      -26.349768
                  2.4275                      -26.399383
                    2.43                      -26.450215
                  2.4325                      -26.502464
                   2.435                      -26.556307
                  2.4375                      -26.611904
                    2.44                      -26.669378
                  2.4425                      -26.728841
                   2.445                      -26.790386
                  2.4475                      -26.854049
                    2.45                      -26.919876
                  2.4525                      -26.987842
                   2.455                       -27.05792
                  2.4575                      -27.130062
                    2.46                      -27.204154
                  2.4625                      -27.280096
                   2.465                      -27.357744
                  2.4675                      -27.436923
                    2.47                      -27.517443
                  2.4725                      -27.599107
                   2.475                      -27.681669
                  2.4775                      -27.764904
                    2.48                      -27.848539
                  2.4825                      -27.932347
                   2.485                      -28.016075
                  2.4875                      -28.099455
                    2.49                      -28.182273
                  2.4925                      -28.264295
                   2.495                      -28.345334
                  2.4975                       -28.42522
                     2.5                      -28.503823
                  2.5025                      -28.581046
                   2.505                      -28.656847
                  2.5075                      -28.731192
                    2.51                      -28.804124
                  2.5125                      -28.875721
                   2.515                      -28.946081
                  2.5175                       -29.01539
                    2.52                      -29.083815
                  2.5225                      -29.151588
                   2.525                      -29.218969
                  2.5275                      -29.286211
                    2.53                      -29.353611
                  2.5325                      -29.421451
                   2.535                       -29.49002
                  2.5375                      -29.559631
                    2.54                      -29.630538
                  2.5425                      -29.703016
                   2.545                      -29.777312
                  2.5475                       -29.85363
                    2.55                      -29.932163
                  2.5525                      -30.013064
                   2.555                      -30.096454
                  2.5575                      -30.182414
                    2.56                      -30.270971
                  2.5625                      -30.362121
                   2.565                       -30.45582
                  2.5675                      -30.551956
                    2.57                      -30.650391
                  2.5725                      -30.750911
                   2.575                      -30.853301
                  2.5775                      -30.957273
                    2.58                      -31.062489
                  2.5825                      -31.168586
                   2.585                      -31.275178
                  2.5875                      -31.381823
                    2.59                      -31.488075
                  2.5925                      -31.593507
                   2.595                      -31.697639
                  2.5975                      -31.800035
                     2.6                      -31.900261
                  2.6025                      -31.997933
                   2.605                      -32.092708
                  2.6075                      -32.184272
                    2.61                      -32.272426
                  2.6125                      -32.356989
                   2.615                       -32.43789
                  2.6175                      -32.515127
                    2.62                      -32.588761
                  2.6225                      -32.658949
                   2.625                      -32.725916
                  2.6275                      -32.789923
                    2.63                      -32.851315
                  2.6325                      -32.910457
                   2.635                      -32.967736
                  2.6375                      -33.023562
                    2.64                      -33.078329
                  2.6425                      -33.132436
                   2.645                      -33.186239
                  2.6475                      -33.240046
                    2.65                      -33.294145
                  2.6525                       -33.34873
                   2.655                      -33.403947
                  2.6575                       -33.45986
                    2.66                      -33.516441
                  2.6625                      -33.573581
                   2.665                      -33.631086
                  2.6675                      -33.688664
                    2.67                      -33.745929
                  2.6725                      -33.802412
                   2.675                      -33.857543
                  2.6775                      -33.910697
                    2.68                      -33.961156
                  2.6825                      -34.008167
                   2.685                      -34.050943
                  2.6875                       -34.08866
                    2.69                      -34.120522
                  2.6925                      -34.145746
                   2.695                      -34.163622
                  2.6975                      -34.173518
                     2.7                      -34.174906
                  2.7025                      -34.167397
                   2.705                      -34.150744
                  2.7075                       -34.12486
                    2.71                      -34.089827
                  2.7125                      -34.045869
                   2.715                      -33.993391
                  2.7175                      -33.932905
                    2.72                      -33.865076
                  2.7225                      -33.790614
                   2.725                      -33.710314
                  2.7275                      -33.625034
                    2.73                      -33.535601
                  2.7325                      -33.442873
                   2.735                       -33.34765
                  2.7375                      -33.250675
                    2.74                       -33.15267
                  2.7425                      -33.054224
                   2.745                       -32.95587
                  2.7475                      -32.858079
                    2.75                      -32.761199
                  2.7525                      -32.665492
                   2.755                      -32.571165
                  2.7575                      -32.478314
                    2.76                      -32.386966
                  2.7625                      -32.297079
                   2.765                      -32.208538
                  2.7675                      -32.121197
                    2.77                      -32.034824
                  2.7725                       -31.94919
                   2.775                      -31.864008
                  2.7775                      -31.778949
                    2.78                      -31.693719
                  2.7825                       -31.60799
                   2.785                      -31.521437
                  2.7875                      -31.433781
                    2.79                      -31.344737
                  2.7925                       -31.25405
                   2.795                      -31.161548
                  2.7975                      -31.067036
                     2.8                      -30.970441
                  2.8025                        -30.8717
                   2.805                      -30.770812
                  2.8075                       -30.66786
                    2.81                      -30.562944
                  2.8125                      -30.456272
                   2.815                      -30.348029
                  2.8175                      -30.238484
                    2.82                      -30.127959
                  2.8225                      -30.016769
                   2.825                      -29.905253
                  2.8275                      -29.793797
                    2.83                      -29.682763
                  2.8325                      -29.572477
                   2.835                      -29.463328
                  2.8375                      -29.355627
                    2.84                      -29.249704
                  2.8425                       -29.14583
                   2.845                      -29.044246
                  2.8475                      -28.945191
                    2.85                      -28.848833
                  2.8525                      -28.755316
                   2.855                       -28.66474
                  2.8575                      -28.577166
                    2.86                      -28.492641
                  2.8625                      -28.411145
                   2.865                      -28.332626
                  2.8675                       -28.25704
                    2.87                      -28.184255
                  2.8725                      -28.114138
                   2.875                      -28.046547
                  2.8775                      -27.981293
                    2.88                      -27.918191
                  2.8825                      -27.857022
                   2.885                      -27.797556
                  2.8875                      -27.739585
                    2.89                      -27.682848
                  2.8925                      -27.627132
                   2.895                        -27.5722
                  2.8975                      -27.517829
                     2.9                      -27.463821
                  2.9025                      -27.409979
                   2.905                      -27.356137
                  2.9075                      -27.302142
                    2.91                       -27.24788
                  2.9125                      -27.193251
                   2.915                      -27.138207
                  2.9175                      -27.082707
                    2.92                      -27.026771
                  2.9225                       -26.97043
                   2.925                      -26.913748
                  2.9275                      -26.856826
                    2.93                      -26.799776
                  2.9325                      -26.742764
                   2.935                      -26.685943
                  2.9375                       -26.62949
                    2.94                      -26.573609
                  2.9425                      -26.518499
                   2.945                      -26.464344
                  2.9475                      -26.411362
                    2.95                      -26.359736
                  2.9525                      -26.309649
                   2.955                      -26.261283
                  2.9575                      -26.214782
                    2.96                        -26.1703
                  2.9625                      -26.127953
                   2.965                      -26.087833
                  2.9675                       -26.05003
                    2.97                      -26.014599
                  2.9725                      -25.981579
                   2.975                      -25.950986
                  2.9775                       -25.92281
                    2.98                      -25.897033
                  2.9825                      -25.873601
                   2.985                      -25.852447
                  2.9875                      -25.833493
                    2.99                      -25.816632
                  2.9925                      -25.801744
                   2.995                      -25.788699
                  2.9975                      -25.777344
                       3                      -25.767522
