        Frequency / GHz                System Tot. Efficiency [AC2]/abs,dB
----------------------------------------------------------------------
                    0.69                      -11.184128
                    0.78                      -8.3511029
                    0.87                      -4.8298698
                    0.96                      -5.0868002
                     1.7                      -6.4871212
                     1.8                      -13.194795
                     1.9                      -8.5130871
                       2                      -6.1702904
                     2.1                      -5.5013917
                     2.2                      -5.7439056
                     2.3                       -4.636873
                     2.4                      -4.3562628
                     2.5                      -4.5631228
                     2.6                      -5.3389207
                     2.7                      -6.4425771

