        Frequency / GHz                System Tot. Efficiency [AC2]/abs,dB
----------------------------------------------------------------------
                    0.69                      -11.406451
                    0.78                      -7.6972839
                    0.87                      -4.4952539
                    0.96                      -4.8541577
                     1.7                      -6.3854881
                     1.8                      -13.231194
                     1.9                      -8.3455012
                       2                      -5.9066299
                     2.1                      -5.4296006
                     2.2                      -5.7378842
                     2.3                      -4.6529661
                     2.4                      -4.3440796
                     2.5                      -4.5768898
                     2.6                      -5.3494504
                     2.7                      -6.4475767

