7.090000000000000000e+02 3.023759794840980702e-02
7.110000000000000000e+02 3.291968711886378296e-02
7.130000000000000000e+02 3.573174043510096015e-02
7.150000000000000000e+02 3.865393493400066938e-02
7.170000000000000000e+02 4.163829450029051665e-02
7.190000000000000000e+02 4.466776719088935005e-02
7.210000000000000000e+02 4.774249362288749549e-02
7.230000000000000000e+02 5.082911184562704382e-02
7.250000000000000000e+02 5.398368136916371907e-02
7.270000000000000000e+02 5.722963535975736371e-02
7.290000000000000000e+02 6.063489429732579067e-02
7.310000000000000000e+02 6.424895317856881005e-02
7.330000000000000000e+02 6.809990537351483242e-02
7.350000000000000000e+02 7.222986230889992532e-02
7.370000000000000000e+02 7.660948561405067636e-02
7.390000000000000000e+02 8.122754838553290779e-02
7.410000000000000000e+02 8.605277325695485924e-02
7.430000000000000000e+02 9.119500301940733356e-02
7.450000000000000000e+02 9.662575427720583587e-02
7.470000000000000000e+02 1.022787023534542927e-01
7.490000000000000000e+02 1.081053180467992508e-01
7.510000000000000000e+02 1.140175485702860647e-01
7.530000000000000000e+02 1.198925796633668883e-01
7.550000000000000000e+02 1.256472503785061312e-01
7.570000000000000000e+02 1.312866576938290508e-01
7.590000000000000000e+02 1.367787637674304779e-01
7.610000000000000000e+02 1.420726016817893400e-01
7.630000000000000000e+02 1.470662852758357897e-01
7.650000000000000000e+02 1.516932773860180383e-01
7.670000000000000000e+02 1.558255527616494995e-01
7.690000000000000000e+02 1.593259662161690404e-01
7.710000000000000000e+02 1.621013889720809564e-01
7.730000000000000000e+02 1.641505215070755697e-01
7.750000000000000000e+02 1.654281435348642915e-01
7.770000000000000000e+02 1.659636848374727025e-01
7.790000000000000000e+02 1.657809591732394838e-01
7.810000000000000000e+02 1.643048946546109557e-01
7.830000000000000000e+02 1.622668681422968495e-01
7.850000000000000000e+02 1.594229613245547739e-01
7.870000000000000000e+02 1.558899378702966465e-01
7.890000000000000000e+02 1.517561274988544484e-01
7.910000000000000000e+02 1.471339722179196563e-01
7.930000000000000000e+02 1.421124924810207857e-01
7.950000000000000000e+02 1.367816912829538933e-01
7.970000000000000000e+02 1.311443175714389620e-01
7.990000000000000000e+02 1.252570902839805767e-01
8.010000000000000000e+02 1.191799735291551032e-01
8.030000000000000000e+02 1.130218323110591394e-01
8.050000000000000000e+02 1.068575655140131947e-01
8.070000000000000000e+02 1.007194825748789907e-01
8.090000000000000000e+02 9.482513873792049186e-02
8.110000000000000000e+02 8.923700352563870841e-02
8.130000000000000000e+02 8.395049346553883074e-02
8.150000000000000000e+02 7.898355972098773659e-02
8.170000000000000000e+02 7.421337011940853934e-02
8.190000000000000000e+02 6.974143076528589724e-02
8.210000000000000000e+02 6.617246968921236538e-02
8.230000000000000000e+02 6.263782211285114088e-02
8.250000000000000000e+02 5.940191074653529413e-02
8.270000000000000000e+02 5.633304547403409496e-02
8.290000000000000000e+02 5.347158313888351888e-02
8.310000000000000000e+02 5.079436651037846223e-02
8.330000000000000000e+02 4.831733871690353788e-02
8.350000000000000000e+02 4.602031399518310278e-02
8.370000000000000000e+02 4.388060887705259872e-02
8.390000000000000000e+02 4.189789284481249682e-02
8.410000000000000000e+02 4.005991863225061289e-02
8.430000000000000000e+02 3.834957153606421282e-02
8.450000000000000000e+02 3.676170896138244298e-02
8.470000000000000000e+02 3.541403660752248661e-02
8.490000000000000000e+02 3.416710394810932444e-02
8.510000000000000000e+02 3.300600531283370137e-02
8.530000000000000000e+02 3.191760237504265296e-02
8.550000000000000000e+02 3.089079574498605416e-02
8.570000000000000000e+02 3.007548668726671079e-02
8.590000000000000000e+02 2.930905259088201556e-02
8.610000000000000000e+02 2.858181158856255497e-02
8.630000000000000000e+02 2.790140137070145493e-02
8.650000000000000000e+02 2.725697876080895865e-02
8.670000000000000000e+02 2.673988299828499240e-02
8.690000000000000000e+02 2.624431344660002954e-02
8.710000000000000000e+02 2.576408656913014433e-02
8.730000000000000000e+02 2.529163083878850637e-02
8.750000000000000000e+02 2.482887973460807043e-02
8.770000000000000000e+02 2.441319998520887283e-02
8.790000000000000000e+02 2.402939493133912294e-02
8.810000000000000000e+02 2.367879138134107095e-02
8.830000000000000000e+02 2.335522591597034153e-02
8.850000000000000000e+02 2.307466035388422085e-02
8.870000000000000000e+02 2.280767303036101978e-02
8.890000000000000000e+02 2.256370782750169793e-02
8.910000000000000000e+02 2.233884564450303728e-02
8.930000000000000000e+02 2.213472704913774930e-02
8.950000000000000000e+02 2.194597258988517652e-02
8.970000000000000000e+02 2.176255107476843947e-02
8.990000000000000000e+02 2.158715914421054441e-02
9.010000000000000000e+02 2.141888192995712592e-02
9.030000000000000000e+02 2.124315883304599140e-02
9.050000000000000000e+02 2.106442409110178410e-02
9.070000000000000000e+02 2.085524027330672506e-02
9.090000000000000000e+02 2.064495683375845020e-02
9.110000000000000000e+02 2.043326771434575070e-02
9.130000000000000000e+02 2.022683783110832204e-02
9.150000000000000000e+02 2.003223634587000465e-02
9.170000000000000000e+02 1.983743136418454275e-02
9.190000000000000000e+02 1.962809684255474932e-02
9.210000000000000000e+02 1.940651955586631533e-02
9.230000000000000000e+02 1.920709058347667628e-02
9.250000000000000000e+02 1.901745125636990913e-02
9.270000000000000000e+02 1.882876539384435027e-02
9.290000000000000000e+02 1.865336647786141472e-02
9.310000000000000000e+02 1.848833570451324446e-02
9.330000000000000000e+02 1.832686977122246347e-02
9.350000000000000000e+02 1.816620176256066033e-02
9.370000000000000000e+02 1.796562265059523794e-02
9.390000000000000000e+02 1.776700159223341957e-02
9.410000000000000000e+02 1.756939177360091614e-02
1.729000000000000000e+03 3.023801737548277579e-02
1.731000000000000000e+03 2.964181044465705184e-02
1.733000000000000000e+03 2.907901352555591901e-02
1.735000000000000000e+03 2.854165005944116554e-02
1.737000000000000000e+03 2.802500251850425020e-02
1.739000000000000000e+03 2.751833174973759150e-02
1.741000000000000000e+03 2.701522022037419063e-02
1.743000000000000000e+03 2.650099966627858517e-02
1.745000000000000000e+03 2.597457609580436366e-02
1.747000000000000000e+03 2.544852093876657020e-02
1.749000000000000000e+03 2.491173041234676783e-02
1.751000000000000000e+03 2.436737601801710479e-02
1.753000000000000000e+03 2.382928715910891462e-02
1.755000000000000000e+03 2.330046666766484587e-02
1.757000000000000000e+03 2.279640363865398020e-02
1.759000000000000000e+03 2.231281506531462497e-02
1.761000000000000000e+03 2.185771736863025352e-02
1.763000000000000000e+03 2.142916415860947332e-02
1.765000000000000000e+03 2.103099603694421130e-02
1.767000000000000000e+03 2.065455676865532789e-02
1.769000000000000000e+03 2.030292128846172828e-02
1.771000000000000000e+03 1.997419462061436959e-02
1.773000000000000000e+03 1.966694447321891762e-02
1.775000000000000000e+03 1.937809613895159766e-02
1.777000000000000000e+03 1.909786898447640713e-02
1.779000000000000000e+03 1.882615884739066367e-02
1.781000000000000000e+03 1.855875278831519218e-02
1.783000000000000000e+03 1.829827251045555714e-02
1.785000000000000000e+03 1.803930731020100472e-02
1.787000000000000000e+03 1.777504508747026687e-02
1.789000000000000000e+03 1.751364653801734325e-02
1.791000000000000000e+03 1.725258080947633665e-02
1.793000000000000000e+03 1.698623474361113037e-02
1.795000000000000000e+03 1.671812696508669788e-02
1.797000000000000000e+03 1.645181364514029451e-02
1.799000000000000000e+03 1.619040640518772459e-02
1.801000000000000000e+03 1.594020804470893185e-02
1.803000000000000000e+03 1.570369756519126095e-02
1.805000000000000000e+03 1.547845783361471300e-02
1.807000000000000000e+03 1.526471869925784784e-02
1.809000000000000000e+03 1.505992461983784482e-02
1.811000000000000000e+03 1.486294239886803113e-02
1.813000000000000000e+03 1.476206133959784110e-02
1.815000000000000000e+03 1.466783934723082765e-02
1.817000000000000000e+03 1.458078580425343357e-02
1.819000000000000000e+03 1.449866498538139939e-02
1.821000000000000000e+03 1.442026769768743957e-02
1.823000000000000000e+03 1.433787118157769935e-02
1.825000000000000000e+03 1.425102549159321455e-02
1.827000000000000000e+03 1.415608893619813881e-02
1.829000000000000000e+03 1.405015726845775317e-02
1.831000000000000000e+03 1.393355666944200329e-02
1.833000000000000000e+03 1.380913054035809266e-02
1.835000000000000000e+03 1.367845479991401311e-02
1.837000000000000000e+03 1.353951918433392299e-02
1.839000000000000000e+03 1.340086347099165610e-02
1.841000000000000000e+03 1.326264081573659721e-02
1.843000000000000000e+03 1.312766131992893284e-02
1.845000000000000000e+03 1.299853639732559928e-02
1.847000000000000000e+03 1.287667182042143837e-02
1.849000000000000000e+03 1.276206252717453950e-02
1.851000000000000000e+03 1.265626493817063186e-02
1.853000000000000000e+03 1.246936478057463285e-02
1.855000000000000000e+03 1.229105047024141133e-02
1.857000000000000000e+03 1.211890023852759540e-02
1.859000000000000000e+03 1.195207677747647454e-02
1.861000000000000000e+03 1.178711365425660212e-02
1.863000000000000000e+03 1.161978801947944479e-02
1.865000000000000000e+03 1.145042527328961682e-02
1.867000000000000000e+03 1.127545414924697488e-02
1.869000000000000000e+03 1.110056318199299785e-02
1.871000000000000000e+03 1.092732579067339296e-02
1.873000000000000000e+03 1.075879855066238719e-02
1.875000000000000000e+03 1.059636813697252024e-02
1.877000000000000000e+03 1.044114465807608610e-02
1.879000000000000000e+03 1.029435422135228061e-02
1.881000000000000000e+03 1.015793546318996717e-02
1.883000000000000000e+03 1.002972035753814037e-02
1.885000000000000000e+03 9.908751416995242520e-03
1.887000000000000000e+03 9.793145680470082687e-03
1.889000000000000000e+03 9.682232704037460960e-03
1.891000000000000000e+03 9.574493943478023031e-03
1.893000000000000000e+03 9.466147427127417913e-03
1.895000000000000000e+03 9.354885950652284607e-03
1.897000000000000000e+03 9.240478733710470738e-03
1.899000000000000000e+03 9.120215557511471977e-03
1.901000000000000000e+03 8.993575814323860260e-03
1.903000000000000000e+03 8.866503640552792637e-03
1.905000000000000000e+03 8.736438107199494957e-03
1.907000000000000000e+03 8.609532849215098885e-03
1.909000000000000000e+03 8.483251545871010532e-03
1.911000000000000000e+03 8.359904234909175044e-03
1.913000000000000000e+03 8.238807617158469196e-03
1.915000000000000000e+03 8.121715181997734428e-03
1.917000000000000000e+03 8.011083908962341599e-03
1.919000000000000000e+03 7.903805768818087177e-03
1.921000000000000000e+03 7.799307590718030161e-03
1.923000000000000000e+03 7.702268582701553637e-03
1.925000000000000000e+03 7.611103116949291536e-03
1.927000000000000000e+03 7.526391706294463350e-03
1.929000000000000000e+03 7.447393488459549786e-03
1.931000000000000000e+03 7.371183999187290968e-03
1.933000000000000000e+03 7.296068573199917390e-03
1.935000000000000000e+03 7.220602382669995961e-03
1.937000000000000000e+03 7.144301177576188600e-03
1.939000000000000000e+03 7.066290598442085194e-03
1.941000000000000000e+03 6.986454083352683711e-03
1.943000000000000000e+03 6.905994369523676783e-03
1.945000000000000000e+03 6.825715498299589519e-03
1.947000000000000000e+03 6.745392940731354155e-03
1.949000000000000000e+03 6.668471865735808163e-03
1.951000000000000000e+03 6.595235136263229506e-03
1.953000000000000000e+03 6.527979461804587352e-03
1.955000000000000000e+03 6.465719996486152255e-03
1.957000000000000000e+03 6.407498467502326100e-03
1.959000000000000000e+03 6.355687299826847866e-03
1.961000000000000000e+03 6.309151422875335265e-03
1.963000000000000000e+03 6.264432416496624849e-03
1.965000000000000000e+03 6.221873130573564274e-03
1.967000000000000000e+03 6.180895746914568875e-03
1.969000000000000000e+03 6.139038504369505669e-03
1.971000000000000000e+03 6.097344364985799597e-03
1.973000000000000000e+03 6.055038627783573824e-03
1.975000000000000000e+03 6.013195785537650377e-03
1.977000000000000000e+03 5.970722620734291580e-03
1.979000000000000000e+03 5.928434641099821455e-03
1.981000000000000000e+03 5.887798058907078511e-03
1.983000000000000000e+03 5.855116445407330429e-03
1.985000000000000000e+03 5.832006536632606229e-03
1.987000000000000000e+03 5.815594183205877003e-03
1.989000000000000000e+03 5.801425565412433698e-03
1.991000000000000000e+03 5.790045536809999838e-03
1.993000000000000000e+03 5.778894973289794811e-03
1.995000000000000000e+03 5.769382635051199977e-03
1.997000000000000000e+03 5.762007736446085084e-03
1.999000000000000000e+03 5.756409348641110431e-03
2.001000000000000000e+03 5.752083494996482887e-03
2.003000000000000000e+03 5.750090213952148768e-03
2.005000000000000000e+03 5.750637605793801690e-03
2.007000000000000000e+03 5.752985263162349074e-03
2.009000000000000000e+03 5.758802853136062161e-03
2.011000000000000000e+03 5.766788984815046475e-03
2.013000000000000000e+03 5.776724651560471817e-03
2.015000000000000000e+03 5.787831597666905775e-03
2.017000000000000000e+03 5.799427834041980673e-03
2.019000000000000000e+03 5.811029438957197521e-03
2.021000000000000000e+03 5.822419609434533773e-03
2.023000000000000000e+03 5.822331440606170506e-03
2.025000000000000000e+03 5.812575396159049522e-03
2.027000000000000000e+03 5.797863573714888419e-03
2.029000000000000000e+03 5.781706738114121211e-03
2.031000000000000000e+03 5.766214831428560957e-03
2.033000000000000000e+03 5.752990268818741065e-03
2.035000000000000000e+03 5.742503344241170656e-03
2.037000000000000000e+03 5.733984587583109034e-03
2.039000000000000000e+03 5.727903070491527013e-03
2.041000000000000000e+03 5.723853011248650549e-03
2.043000000000000000e+03 5.722626516952929003e-03
2.045000000000000000e+03 5.723089826855133622e-03
2.047000000000000000e+03 5.728527275405439524e-03
2.049000000000000000e+03 5.736316290717692092e-03
2.051000000000000000e+03 5.746283131976857861e-03
2.053000000000000000e+03 5.756244919364116724e-03
2.055000000000000000e+03 5.764780027973539882e-03
2.057000000000000000e+03 5.774324948892914713e-03
2.059000000000000000e+03 5.781408788132375368e-03
2.061000000000000000e+03 5.786170820992884122e-03
2.063000000000000000e+03 5.789810341607193322e-03
2.065000000000000000e+03 5.793533249938337404e-03
2.067000000000000000e+03 5.797693558689706074e-03
2.069000000000000000e+03 5.800334686569990836e-03
2.071000000000000000e+03 5.802405013809497879e-03
2.073000000000000000e+03 5.807005726274871472e-03
2.075000000000000000e+03 5.813201729750060338e-03
2.077000000000000000e+03 5.822127036532909368e-03
2.079000000000000000e+03 5.833845375626830684e-03
2.081000000000000000e+03 5.848828476123235816e-03
2.083000000000000000e+03 5.864783369957684428e-03
2.085000000000000000e+03 5.883270469655458960e-03
2.087000000000000000e+03 5.901574999126663057e-03
2.089000000000000000e+03 5.921391649621322688e-03
2.091000000000000000e+03 5.943069534378703223e-03
2.093000000000000000e+03 5.967975108275730758e-03
2.095000000000000000e+03 5.996245686424811830e-03
2.097000000000000000e+03 6.021791775315333065e-03
2.099000000000000000e+03 6.050425700331065609e-03
2.101000000000000000e+03 6.080284102036640458e-03
2.103000000000000000e+03 6.113466393062297680e-03
2.105000000000000000e+03 6.146357813999248076e-03
2.107000000000000000e+03 6.176251219435118303e-03
2.109000000000000000e+03 6.209514987211189711e-03
2.111000000000000000e+03 6.244446620092536197e-03
2.113000000000000000e+03 6.281132299021300811e-03
2.115000000000000000e+03 6.321198913481191825e-03
2.117000000000000000e+03 6.363421212047106618e-03
2.119000000000000000e+03 6.408914823385253139e-03
2.121000000000000000e+03 6.460176727058375076e-03
2.123000000000000000e+03 6.518658111620558374e-03
2.125000000000000000e+03 6.585071608858023527e-03
2.127000000000000000e+03 6.663691864356216174e-03
2.129000000000000000e+03 6.752493626137681670e-03
2.131000000000000000e+03 6.848333887623240385e-03
2.133000000000000000e+03 6.950894581096962212e-03
2.135000000000000000e+03 7.057668950244467762e-03
2.137000000000000000e+03 7.180227355788615547e-03
2.139000000000000000e+03 7.307811886284697536e-03
2.141000000000000000e+03 7.438860770423108386e-03
2.143000000000000000e+03 7.572336944282435922e-03
2.145000000000000000e+03 7.707715783982636154e-03
2.147000000000000000e+03 7.855169151872586075e-03
2.149000000000000000e+03 8.005805742728317603e-03
2.151000000000000000e+03 8.161105774287307976e-03
2.153000000000000000e+03 8.323421152861444974e-03
2.155000000000000000e+03 8.492804369018393598e-03
2.157000000000000000e+03 8.670494283531707605e-03
2.159000000000000000e+03 8.857994160357839097e-03
2.161000000000000000e+03 9.057085633626749469e-03
2.163000000000000000e+03 9.271311501098751864e-03
2.165000000000000000e+03 9.502310065879149281e-03
2.167000000000000000e+03 9.742972883181219915e-03
2.169000000000000000e+03 9.998399969056897055e-03
2.171000000000000000e+03 1.027161822629383582e-02
2.173000000000000000e+03 1.055631240158463532e-02
2.175000000000000000e+03 1.085221071914695481e-02
2.177000000000000000e+03 1.114342999076484847e-02
2.179000000000000000e+03 1.143833581166276217e-02
2.181000000000000000e+03 1.173771412424381988e-02
2.183000000000000000e+03 1.204153931430972969e-02
2.185000000000000000e+03 1.235089552219341066e-02
2.187000000000000000e+03 1.265489683127812501e-02
2.189000000000000000e+03 1.296462845290159704e-02
2.191000000000000000e+03 1.328152782756053529e-02
2.193000000000000000e+03 1.360494862759944676e-02
2.195000000000000000e+03 1.393819989005943595e-02
2.197000000000000000e+03 1.427728707415792074e-02
2.199000000000000000e+03 1.462758160768528812e-02
2.201000000000000000e+03 1.498658290984074097e-02
2.203000000000000000e+03 1.535257759795405352e-02
2.205000000000000000e+03 1.572419795355051858e-02
2.207000000000000000e+03 1.608851706656950695e-02
2.209000000000000000e+03 1.645088673079713598e-02
2.211000000000000000e+03 1.680596180311768814e-02
2.213000000000000000e+03 1.717215243615697814e-02
2.215000000000000000e+03 1.754303672095068253e-02
2.217000000000000000e+03 1.790016389515039497e-02
2.219000000000000000e+03 1.822066766547286720e-02
2.221000000000000000e+03 1.849710742659376947e-02
2.223000000000000000e+03 1.873099648875218085e-02
2.225000000000000000e+03 1.893632231494417340e-02
2.227000000000000000e+03 1.912326273216628791e-02
2.229000000000000000e+03 1.928363130159563635e-02
2.231000000000000000e+03 1.940981769962189796e-02
2.233000000000000000e+03 1.949180769373969058e-02
2.235000000000000000e+03 1.953297494763614126e-02
2.237000000000000000e+03 1.954631919347592228e-02
2.239000000000000000e+03 1.953401494384018888e-02
2.241000000000000000e+03 1.949524894214817519e-02
2.243000000000000000e+03 1.941298706411418926e-02
2.245000000000000000e+03 1.927410823441767784e-02
2.247000000000000000e+03 1.907622283230069396e-02
2.249000000000000000e+03 1.881458942547028709e-02
2.251000000000000000e+03 1.849428289146482982e-02
2.253000000000000000e+03 1.811470793744624289e-02
2.255000000000000000e+03 1.768272781819528114e-02
2.257000000000000000e+03 1.721202333623239253e-02
2.259000000000000000e+03 1.672240541134581773e-02
2.261000000000000000e+03 1.621483516764697652e-02
2.263000000000000000e+03 1.570739703537910384e-02
2.265000000000000000e+03 1.519159552539675086e-02
2.267000000000000000e+03 1.466044286052513648e-02
2.269000000000000000e+03 1.412238614904691783e-02
2.271000000000000000e+03 1.358625376592318898e-02
2.273000000000000000e+03 1.306010084954003711e-02
2.275000000000000000e+03 1.253743606496823121e-02
2.277000000000000000e+03 1.200864810240569527e-02
2.279000000000000000e+03 1.146442260285517045e-02
2.281000000000000000e+03 1.090389715600890465e-02
2.283000000000000000e+03 1.034046523173767079e-02
2.285000000000000000e+03 9.785215804272197337e-03
2.287000000000000000e+03 9.254010326325695646e-03
2.289000000000000000e+03 8.742912672978902025e-03
2.291000000000000000e+03 8.251020000459496559e-03
2.293000000000000000e+03 7.766285839707712593e-03
2.295000000000000000e+03 7.291825584513396061e-03
2.297000000000000000e+03 6.839425619358349001e-03
2.299000000000000000e+03 6.415689734547273294e-03
2.301000000000000000e+03 6.031689823969875637e-03
2.303000000000000000e+03 5.672807483465371232e-03
2.305000000000000000e+03 5.337208167717728997e-03
2.307000000000000000e+03 5.026618178011826692e-03
2.309000000000000000e+03 4.736991073670429424e-03
2.311000000000000000e+03 4.466373706839305881e-03
2.313000000000000000e+03 4.211961709335351918e-03
2.315000000000000000e+03 3.973030428767801436e-03
2.317000000000000000e+03 3.748752068483988606e-03
2.319000000000000000e+03 3.536113657454945537e-03
2.321000000000000000e+03 3.335143184196893464e-03
2.323000000000000000e+03 3.143648296547265231e-03
2.325000000000000000e+03 2.961487394031478947e-03
2.327000000000000000e+03 2.787760722477108759e-03
2.329000000000000000e+03 2.622591820339702923e-03
2.331000000000000000e+03 2.466090798537803365e-03
2.333000000000000000e+03 2.318864093049456069e-03
2.335000000000000000e+03 2.181515069628845414e-03
2.337000000000000000e+03 2.055724996957341427e-03
2.339000000000000000e+03 1.940522698776662265e-03
2.341000000000000000e+03 1.835249056095642839e-03
2.343000000000000000e+03 1.738878239760767788e-03
2.345000000000000000e+03 1.650008058420512251e-03
2.347000000000000000e+03 1.567899571452052330e-03
2.349000000000000000e+03 1.492399682555666223e-03
2.351000000000000000e+03 1.421285750636172357e-03
2.353000000000000000e+03 1.355149975011959345e-03
2.355000000000000000e+03 1.293185977106496055e-03
2.357000000000000000e+03 1.234701918064037276e-03
2.359000000000000000e+03 1.179505410038270662e-03
2.361000000000000000e+03 1.125917656706318815e-03
2.363000000000000000e+03 1.075469440179591682e-03
2.365000000000000000e+03 1.026916878520521634e-03
2.367000000000000000e+03 9.807399973511721387e-04
2.369000000000000000e+03 9.371929322612970173e-04
2.371000000000000000e+03 8.952399142278606638e-04
2.373000000000000000e+03 8.565024738442880052e-04
2.375000000000000000e+03 8.202295302962744590e-04
2.377000000000000000e+03 7.867639964709680252e-04
2.379000000000000000e+03 7.564502764307017707e-04
2.381000000000000000e+03 7.289886494784935224e-04
2.383000000000000000e+03 7.035273113016628482e-04
2.385000000000000000e+03 6.796061451611517873e-04
2.387000000000000000e+03 6.580435352887105752e-04
2.389000000000000000e+03 6.376962613278122421e-04
2.391000000000000000e+03 6.187694632274556589e-04
2.393000000000000000e+03 6.008652454918820456e-04
2.395000000000000000e+03 5.835543747240796910e-04
2.397000000000000000e+03 5.667958148514038374e-04
2.399000000000000000e+03 5.507430849011690169e-04
2.401000000000000000e+03 5.352985177015928816e-04
2.403000000000000000e+03 5.201596950432093658e-04
2.405000000000000000e+03 5.058228912096409801e-04
2.407000000000000000e+03 4.921002464167245714e-04
2.409000000000000000e+03 4.786400161135032842e-04
2.411000000000000000e+03 4.661204437506347512e-04
2.413000000000000000e+03 4.539699052560014297e-04
2.415000000000000000e+03 4.427675428108008627e-04
2.417000000000000000e+03 4.328642528614929015e-04
2.419000000000000000e+03 4.226992600125972950e-04
2.421000000000000000e+03 4.134732586644140288e-04
2.423000000000000000e+03 4.046054062236860297e-04
2.425000000000000000e+03 3.971542425385535171e-04
2.427000000000000000e+03 3.900075493613261728e-04
2.429000000000000000e+03 3.831793658092620984e-04
2.431000000000000000e+03 3.770943194804777902e-04
2.433000000000000000e+03 3.714673387217909037e-04
2.435000000000000000e+03 3.662137897791542919e-04
2.437000000000000000e+03 3.611517859858642690e-04
2.439000000000000000e+03 3.560763536637610751e-04
2.441000000000000000e+03 3.514799862223256751e-04
2.443000000000000000e+03 3.469726613165897305e-04
2.445000000000000000e+03 3.421540444246418122e-04
2.447000000000000000e+03 3.374882831119125400e-04
2.449000000000000000e+03 3.325861545589028976e-04
2.451000000000000000e+03 3.282055500459081596e-04
2.453000000000000000e+03 3.237970399130687981e-04
2.455000000000000000e+03 3.201312027190952826e-04
2.457000000000000000e+03 3.163225038242976688e-04
2.459000000000000000e+03 3.128291504785628611e-04
2.461000000000000000e+03 3.094315055230623069e-04
2.463000000000000000e+03 3.064927416657951364e-04
2.465000000000000000e+03 3.034940640510019340e-04
2.467000000000000000e+03 3.005548000380960701e-04
2.469000000000000000e+03 2.978464578936441108e-04
2.471000000000000000e+03 2.954251770296269447e-04
2.473000000000000000e+03 2.930501852303156723e-04
2.475000000000000000e+03 2.907400777808876314e-04
2.477000000000000000e+03 2.885272883928296475e-04
2.479000000000000000e+03 2.866138930882179778e-04
2.481000000000000000e+03 2.853077524838737119e-04
2.483000000000000000e+03 2.832923670009764678e-04
2.485000000000000000e+03 2.816576559822731030e-04
2.487000000000000000e+03 2.793173206612694650e-04
2.489000000000000000e+03 2.772282789825640699e-04
2.491000000000000000e+03 2.751118178616547864e-04
2.493000000000000000e+03 2.736756543293624193e-04
2.495000000000000000e+03 2.717686360156770591e-04
2.497000000000000000e+03 2.697408379847873305e-04
2.499000000000000000e+03 2.681633228444651649e-04
2.501000000000000000e+03 2.666754850254200726e-04
2.503000000000000000e+03 2.652403050030144641e-04
2.505000000000000000e+03 2.642498594237043864e-04
2.507000000000000000e+03 2.631764170388982090e-04
2.509000000000000000e+03 2.622245856333069061e-04
2.511000000000000000e+03 2.612181330603142505e-04
2.513000000000000000e+03 2.602906043701754229e-04
2.515000000000000000e+03 2.595522063479735637e-04
2.517000000000000000e+03 2.588994681417935485e-04
2.519000000000000000e+03 2.580586446679868822e-04
2.521000000000000000e+03 2.564011853870848748e-04
2.523000000000000000e+03 2.555745613483373369e-04
2.525000000000000000e+03 2.545435556129277692e-04
2.527000000000000000e+03 2.540052384992014180e-04
2.529000000000000000e+03 2.536710804852774235e-04
2.531000000000000000e+03 2.531812883457994407e-04
2.533000000000000000e+03 2.525467961241100812e-04
2.535000000000000000e+03 2.518790440918201932e-04
2.537000000000000000e+03 2.517065513222338838e-04
2.539000000000000000e+03 2.513991350661401534e-04
2.541000000000000000e+03 2.513479826988671765e-04
2.543000000000000000e+03 2.512831911117473444e-04
2.545000000000000000e+03 2.510584737877007166e-04
2.547000000000000000e+03 2.512046740808013658e-04
2.549000000000000000e+03 2.514427664186363420e-04
2.551000000000000000e+03 2.518971431555034604e-04
2.553000000000000000e+03 2.525057886375459289e-04
2.555000000000000000e+03 2.532915872860475363e-04
2.557000000000000000e+03 2.539850239437911519e-04
2.559000000000000000e+03 2.548332768828990322e-04
2.561000000000000000e+03 2.555015281465347989e-04
2.563000000000000000e+03 2.560059619955050783e-04
2.565000000000000000e+03 2.565543817139897729e-04
2.567000000000000000e+03 2.568164519457458985e-04
2.569000000000000000e+03 2.571129909838923725e-04
2.571000000000000000e+03 2.573800100533092379e-04
2.573000000000000000e+03 2.575866766429525754e-04
2.575000000000000000e+03 2.578839572439231087e-04
2.577000000000000000e+03 2.578093699855363600e-04
2.579000000000000000e+03 2.578836814320272170e-04
2.581000000000000000e+03 2.578689206401336455e-04
2.583000000000000000e+03 2.580869691107148898e-04
2.585000000000000000e+03 2.583991869422069170e-04
2.587000000000000000e+03 2.586638620744781685e-04
2.589000000000000000e+03 2.589576921346290503e-04
2.591000000000000000e+03 2.592195164081079932e-04
2.593000000000000000e+03 2.594565077564347480e-04
2.595000000000000000e+03 2.594839506310866756e-04
2.597000000000000000e+03 2.596622035562158506e-04
2.599000000000000000e+03 2.593680932801534049e-04
2.601000000000000000e+03 2.592346888866941678e-04
2.603000000000000000e+03 2.589300431901523985e-04
2.605000000000000000e+03 2.585086363518689437e-04
2.607000000000000000e+03 2.585640814577169007e-04
2.609000000000000000e+03 2.583560139778181479e-04
2.611000000000000000e+03 2.582030981164108101e-04
2.613000000000000000e+03 2.580498089927268620e-04
2.615000000000000000e+03 2.579478367294546731e-04
2.617000000000000000e+03 2.581101424174581777e-04
2.619000000000000000e+03 2.582462797519603738e-04
2.621000000000000000e+03 2.587393794829047529e-04
2.623000000000000000e+03 2.593112427783499118e-04
2.625000000000000000e+03 2.600632699521110598e-04
2.627000000000000000e+03 2.612000114751825185e-04
2.629000000000000000e+03 2.625367293508244814e-04
2.631000000000000000e+03 2.637303865330126260e-04
