7.090000000000000000e+02 3.250265595073980468e-02
7.110000000000000000e+02 3.337755073482502610e-02
7.130000000000000000e+02 3.427480062128117344e-02
7.150000000000000000e+02 3.521577057673676986e-02
7.170000000000000000e+02 3.620446853172213514e-02
7.190000000000000000e+02 3.728214918646285264e-02
7.210000000000000000e+02 3.848532749699556943e-02
7.230000000000000000e+02 3.978154101286233285e-02
7.250000000000000000e+02 4.124042398168691753e-02
7.270000000000000000e+02 4.284882243391242851e-02
7.290000000000000000e+02 4.462578043404154954e-02
7.310000000000000000e+02 4.656564147037478563e-02
7.330000000000000000e+02 4.866239662523193232e-02
7.350000000000000000e+02 5.090853207631420435e-02
7.370000000000000000e+02 5.326524432378876295e-02
7.390000000000000000e+02 5.570580925868241773e-02
7.410000000000000000e+02 5.820294076418680573e-02
7.430000000000000000e+02 6.082024732997508287e-02
7.450000000000000000e+02 6.354808956949084542e-02
7.470000000000000000e+02 6.636067200827995560e-02
7.490000000000000000e+02 6.926373090887814887e-02
7.510000000000000000e+02 7.223492687191858386e-02
7.530000000000000000e+02 7.524128756494159742e-02
7.550000000000000000e+02 7.827488561853084004e-02
7.570000000000000000e+02 8.139040295304117434e-02
7.590000000000000000e+02 8.461192572582640348e-02
7.610000000000000000e+02 8.797216576468590288e-02
7.630000000000000000e+02 9.148392449473156940e-02
7.650000000000000000e+02 9.518320708075307668e-02
7.670000000000000000e+02 9.908615804447280795e-02
7.690000000000000000e+02 1.031836186442759151e-01
7.710000000000000000e+02 1.074960063469411753e-01
7.730000000000000000e+02 1.120935290209399138e-01
7.750000000000000000e+02 1.170070478522983182e-01
7.770000000000000000e+02 1.222749564472350448e-01
7.790000000000000000e+02 1.279184389344892869e-01
7.810000000000000000e+02 1.327208233876444599e-01
7.830000000000000000e+02 1.380710818878545521e-01
7.850000000000000000e+02 1.434416017114290842e-01
7.870000000000000000e+02 1.488643597215544012e-01
7.890000000000000000e+02 1.543779493653764101e-01
7.910000000000000000e+02 1.600103862659298659e-01
7.930000000000000000e+02 1.657449055644671376e-01
7.950000000000000000e+02 1.716179035514732443e-01
7.970000000000000000e+02 1.775943947307881410e-01
7.990000000000000000e+02 1.837425276264270102e-01
8.010000000000000000e+02 1.901172800546707675e-01
8.030000000000000000e+02 1.967396402682245193e-01
8.050000000000000000e+02 2.036147152040532760e-01
8.070000000000000000e+02 2.102872404067492318e-01
8.090000000000000000e+02 2.172639987598652400e-01
8.110000000000000000e+02 2.245211127906546478e-01
8.130000000000000000e+02 2.319545216015965194e-01
8.150000000000000000e+02 2.395252111729560263e-01
8.170000000000000000e+02 2.459867358427996475e-01
8.190000000000000000e+02 2.523788023087408239e-01
8.210000000000000000e+02 2.599083783398581371e-01
8.230000000000000000e+02 2.669465555177488181e-01
8.250000000000000000e+02 2.739897735548447733e-01
8.270000000000000000e+02 2.804138757920096037e-01
8.290000000000000000e+02 2.868017512480657283e-01
8.310000000000000000e+02 2.931967113084196219e-01
8.330000000000000000e+02 2.998250488779152234e-01
8.350000000000000000e+02 3.066207085115544295e-01
8.370000000000000000e+02 3.134045626178103561e-01
8.390000000000000000e+02 3.202868541498675725e-01
8.410000000000000000e+02 3.272385875003712696e-01
8.430000000000000000e+02 3.340543094680736291e-01
8.450000000000000000e+02 3.406828669192025205e-01
8.470000000000000000e+02 3.477872939440002087e-01
8.490000000000000000e+02 3.547961165233476377e-01
8.510000000000000000e+02 3.616745985781824602e-01
8.530000000000000000e+02 3.683515544959249377e-01
8.550000000000000000e+02 3.748096466289725925e-01
8.570000000000000000e+02 3.828790442697619922e-01
8.590000000000000000e+02 3.908755300598314997e-01
8.610000000000000000e+02 3.987462640956701554e-01
8.630000000000000000e+02 4.066703823505668502e-01
8.650000000000000000e+02 4.146154035574709518e-01
8.670000000000000000e+02 4.233363846428085941e-01
8.690000000000000000e+02 4.321262861373516562e-01
8.710000000000000000e+02 4.409528629605778960e-01
8.730000000000000000e+02 4.497283228000524824e-01
8.750000000000000000e+02 4.584457107241998730e-01
8.770000000000000000e+02 4.671253504770933040e-01
8.790000000000000000e+02 4.760171005894615615e-01
8.810000000000000000e+02 4.851969147009766448e-01
8.830000000000000000e+02 4.942904879667553986e-01
8.850000000000000000e+02 5.037469681698072410e-01
8.870000000000000000e+02 5.134262857311892025e-01
8.890000000000000000e+02 5.230496732986603670e-01
8.910000000000000000e+02 5.325042697432263994e-01
8.930000000000000000e+02 5.418008777879668170e-01
8.950000000000000000e+02 5.508641158895950518e-01
8.970000000000000000e+02 5.594295489332046234e-01
8.990000000000000000e+02 5.677281428501912419e-01
9.010000000000000000e+02 5.758403203332226328e-01
9.030000000000000000e+02 5.834551276295134592e-01
9.050000000000000000e+02 5.907156706771846677e-01
9.070000000000000000e+02 5.971741944824278114e-01
9.090000000000000000e+02 6.033647229800681577e-01
9.110000000000000000e+02 6.092427665376696222e-01
9.130000000000000000e+02 6.150697514609355654e-01
9.150000000000000000e+02 6.208254853581007815e-01
9.170000000000000000e+02 6.259673849232376686e-01
9.190000000000000000e+02 6.300653867457357560e-01
9.210000000000000000e+02 6.330955751522513442e-01
9.230000000000000000e+02 6.361114803934130313e-01
9.250000000000000000e+02 6.388040629771221113e-01
9.270000000000000000e+02 6.405680310843402392e-01
9.290000000000000000e+02 6.420701966365545132e-01
9.310000000000000000e+02 6.432951790463926622e-01
9.330000000000000000e+02 6.440813307909822871e-01
9.350000000000000000e+02 6.443924078544247536e-01
9.370000000000000000e+02 6.438227109919507640e-01
9.390000000000000000e+02 6.429708996118990161e-01
9.410000000000000000e+02 6.418386717860035118e-01
1.729000000000000000e+03 4.510822472454060761e-01
1.731000000000000000e+03 4.558360263003357060e-01
1.733000000000000000e+03 4.606382270480563479e-01
1.735000000000000000e+03 4.654107407549702979e-01
1.737000000000000000e+03 4.699664916599980979e-01
1.739000000000000000e+03 4.743655822713380155e-01
1.741000000000000000e+03 4.786245297210323102e-01
1.743000000000000000e+03 4.826575930539415693e-01
1.745000000000000000e+03 4.865503611279473062e-01
1.747000000000000000e+03 4.904604597174108682e-01
1.749000000000000000e+03 4.943486984391473604e-01
1.751000000000000000e+03 4.982287236915186046e-01
1.753000000000000000e+03 5.023163644515449278e-01
1.755000000000000000e+03 5.066443463428120797e-01
1.757000000000000000e+03 5.108770308514022362e-01
1.759000000000000000e+03 5.153181601430681935e-01
1.761000000000000000e+03 5.199348979475332255e-01
1.763000000000000000e+03 5.245495484744981951e-01
1.765000000000000000e+03 5.291305455927356460e-01
1.767000000000000000e+03 5.331003572369172883e-01
1.769000000000000000e+03 5.368895495055486800e-01
1.771000000000000000e+03 5.404751679963952782e-01
1.773000000000000000e+03 5.438516043703058855e-01
1.775000000000000000e+03 5.470498578488738328e-01
1.777000000000000000e+03 5.497406549297069178e-01
1.779000000000000000e+03 5.522765143421731748e-01
1.781000000000000000e+03 5.546636285656525445e-01
1.783000000000000000e+03 5.570379131347569235e-01
1.785000000000000000e+03 5.594242332229404369e-01
1.787000000000000000e+03 5.617102576117583013e-01
1.789000000000000000e+03 5.640685566669694229e-01
1.791000000000000000e+03 5.665013265257489161e-01
1.793000000000000000e+03 5.688434628275166327e-01
1.795000000000000000e+03 5.710041870194184632e-01
1.797000000000000000e+03 5.734484421942220855e-01
1.799000000000000000e+03 5.757041941611519276e-01
1.801000000000000000e+03 5.777564884413562973e-01
1.803000000000000000e+03 5.796557988995094668e-01
1.805000000000000000e+03 5.812699799716034565e-01
1.807000000000000000e+03 5.829098260699309142e-01
1.809000000000000000e+03 5.842518689372010465e-01
1.811000000000000000e+03 5.852851185736779316e-01
1.813000000000000000e+03 5.905671170243228518e-01
1.815000000000000000e+03 5.956342141608446106e-01
1.817000000000000000e+03 6.008068308312121131e-01
1.819000000000000000e+03 6.058981899267494864e-01
1.821000000000000000e+03 6.108689605762609443e-01
1.823000000000000000e+03 6.156254472737547889e-01
1.825000000000000000e+03 6.200817926472788066e-01
1.827000000000000000e+03 6.243033264098786228e-01
1.829000000000000000e+03 6.279864263380541267e-01
1.831000000000000000e+03 6.311088904448771686e-01
1.833000000000000000e+03 6.336281800012680820e-01
1.835000000000000000e+03 6.356619610032229195e-01
1.837000000000000000e+03 6.370647328781708918e-01
1.839000000000000000e+03 6.380306132706514699e-01
1.841000000000000000e+03 6.386047711711624331e-01
1.843000000000000000e+03 6.388047520267668977e-01
1.845000000000000000e+03 6.387680201731875673e-01
1.847000000000000000e+03 6.388817653125082874e-01
1.849000000000000000e+03 6.388754762245496543e-01
1.851000000000000000e+03 6.387875140838897847e-01
1.853000000000000000e+03 6.342852792725995892e-01
1.855000000000000000e+03 6.298727255127047897e-01
1.857000000000000000e+03 6.257932635584925185e-01
1.859000000000000000e+03 6.215854658243349373e-01
1.861000000000000000e+03 6.172149482846690516e-01
1.863000000000000000e+03 6.124085114672320751e-01
1.865000000000000000e+03 6.071969686337916894e-01
1.867000000000000000e+03 6.020228244801656414e-01
1.869000000000000000e+03 5.966285725405477969e-01
1.871000000000000000e+03 5.910377443621673832e-01
1.873000000000000000e+03 5.855572637550061632e-01
1.875000000000000000e+03 5.801600557963368932e-01
1.877000000000000000e+03 5.750091335333136211e-01
1.879000000000000000e+03 5.700128757098741339e-01
1.881000000000000000e+03 5.652355282805655579e-01
1.883000000000000000e+03 5.605992917776643214e-01
1.885000000000000000e+03 5.560828215963171672e-01
1.887000000000000000e+03 5.514982530321952403e-01
1.889000000000000000e+03 5.468784791820123781e-01
1.891000000000000000e+03 5.421757329169197837e-01
1.893000000000000000e+03 5.372220039070729758e-01
1.895000000000000000e+03 5.319075276993663337e-01
1.897000000000000000e+03 5.260534235621805443e-01
1.899000000000000000e+03 5.198725053979471600e-01
1.901000000000000000e+03 5.134196268424543463e-01
1.903000000000000000e+03 5.070170469457226936e-01
1.905000000000000000e+03 5.007080852536623938e-01
1.907000000000000000e+03 4.941742367151013005e-01
1.909000000000000000e+03 4.879029469462712876e-01
1.911000000000000000e+03 4.819862212325348172e-01
1.913000000000000000e+03 4.761988369357891826e-01
1.915000000000000000e+03 4.705832342535933854e-01
1.917000000000000000e+03 4.649119122594776998e-01
1.919000000000000000e+03 4.593374128892620534e-01
1.921000000000000000e+03 4.538160966362155269e-01
1.923000000000000000e+03 4.485691927339431340e-01
1.925000000000000000e+03 4.435500489980145344e-01
1.927000000000000000e+03 4.386593566345577955e-01
1.929000000000000000e+03 4.338972646992925175e-01
1.931000000000000000e+03 4.291814078868805837e-01
1.933000000000000000e+03 4.243793191042768975e-01
1.935000000000000000e+03 4.194701356761733613e-01
1.937000000000000000e+03 4.144656089757765005e-01
1.939000000000000000e+03 4.094151490483387001e-01
1.941000000000000000e+03 4.043079330980005048e-01
1.943000000000000000e+03 3.992868328391776522e-01
1.945000000000000000e+03 3.944121464511357034e-01
1.947000000000000000e+03 3.897562168587180853e-01
1.949000000000000000e+03 3.853076170177491822e-01
1.951000000000000000e+03 3.810607169450605514e-01
1.953000000000000000e+03 3.770677153650894287e-01
1.955000000000000000e+03 3.732844832184806783e-01
1.957000000000000000e+03 3.697655834536844877e-01
1.959000000000000000e+03 3.664601630004750699e-01
1.961000000000000000e+03 3.632892122333469809e-01
1.963000000000000000e+03 3.600939464033277027e-01
1.965000000000000000e+03 3.568028898512439762e-01
1.967000000000000000e+03 3.533794566274787163e-01
1.969000000000000000e+03 3.497904499833699443e-01
1.971000000000000000e+03 3.460447217405946962e-01
1.973000000000000000e+03 3.421766345164466983e-01
1.975000000000000000e+03 3.382660839980860534e-01
1.977000000000000000e+03 3.342874210891922937e-01
1.979000000000000000e+03 3.303741956532748603e-01
1.981000000000000000e+03 3.266085637223941074e-01
1.983000000000000000e+03 3.233177807772415480e-01
1.985000000000000000e+03 3.205352618456259739e-01
1.987000000000000000e+03 3.181108262803467590e-01
1.989000000000000000e+03 3.158836622875028088e-01
1.991000000000000000e+03 3.138538879004666438e-01
1.993000000000000000e+03 3.119205000348672652e-01
1.995000000000000000e+03 3.100586491867603489e-01
1.997000000000000000e+03 3.081535349538668811e-01
1.999000000000000000e+03 3.062424559562313409e-01
2.001000000000000000e+03 3.043015261625720003e-01
2.003000000000000000e+03 3.023595310261291691e-01
2.005000000000000000e+03 3.003770453946215113e-01
2.007000000000000000e+03 2.982934585169534913e-01
2.009000000000000000e+03 2.961891414332175620e-01
2.011000000000000000e+03 2.940937759747279112e-01
2.013000000000000000e+03 2.920180105196610865e-01
2.015000000000000000e+03 2.899496761060647576e-01
2.017000000000000000e+03 2.880150940272102056e-01
2.019000000000000000e+03 2.861644489094279376e-01
2.021000000000000000e+03 2.844499504692750702e-01
2.023000000000000000e+03 2.824744864996255878e-01
2.025000000000000000e+03 2.802594532721160436e-01
2.027000000000000000e+03 2.779692883823230987e-01
2.029000000000000000e+03 2.757361824505212278e-01
2.031000000000000000e+03 2.735554106897169491e-01
2.033000000000000000e+03 2.714707843174459789e-01
2.035000000000000000e+03 2.694907186071544558e-01
2.037000000000000000e+03 2.676614985012865655e-01
2.039000000000000000e+03 2.658550078780151926e-01
2.041000000000000000e+03 2.640534367523549308e-01
2.043000000000000000e+03 2.621993539241739279e-01
2.045000000000000000e+03 2.603044154107635455e-01
2.047000000000000000e+03 2.585874237284516153e-01
2.049000000000000000e+03 2.568314497129547957e-01
2.051000000000000000e+03 2.550023752210235362e-01
2.053000000000000000e+03 2.530655292571451498e-01
2.055000000000000000e+03 2.510926987012609413e-01
2.057000000000000000e+03 2.491873238073634422e-01
2.059000000000000000e+03 2.473056510625847026e-01
2.061000000000000000e+03 2.454769005076888055e-01
2.063000000000000000e+03 2.437325806537732065e-01
2.065000000000000000e+03 2.420402534267382944e-01
2.067000000000000000e+03 2.404272164204280249e-01
2.069000000000000000e+03 2.388684553538449329e-01
2.071000000000000000e+03 2.373213156846062932e-01
2.073000000000000000e+03 2.358389930653394806e-01
2.075000000000000000e+03 2.343807275372387089e-01
2.077000000000000000e+03 2.327786364167188649e-01
2.079000000000000000e+03 2.311518088320464737e-01
2.081000000000000000e+03 2.294641873853585090e-01
2.083000000000000000e+03 2.276454362709213752e-01
2.085000000000000000e+03 2.257016747599260853e-01
2.087000000000000000e+03 2.234407508409289866e-01
2.089000000000000000e+03 2.210882030981050905e-01
2.091000000000000000e+03 2.186910408517037663e-01
2.093000000000000000e+03 2.163956787415291239e-01
2.095000000000000000e+03 2.142090650412615815e-01
2.097000000000000000e+03 2.119760866167384183e-01
2.099000000000000000e+03 2.098812608369292343e-01
2.101000000000000000e+03 2.078909111659341113e-01
2.103000000000000000e+03 2.059961245008590791e-01
2.105000000000000000e+03 2.041889499644480022e-01
2.107000000000000000e+03 2.024657540300532355e-01
2.109000000000000000e+03 2.007843313929021378e-01
2.111000000000000000e+03 1.991354747616813636e-01
2.113000000000000000e+03 1.974586310144110790e-01
2.115000000000000000e+03 1.957444589702172499e-01
2.117000000000000000e+03 1.940498793570880620e-01
2.119000000000000000e+03 1.923174815877594090e-01
2.121000000000000000e+03 1.905390642354528874e-01
2.123000000000000000e+03 1.887689198261322532e-01
2.125000000000000000e+03 1.870007457899809378e-01
2.127000000000000000e+03 1.853560218758202871e-01
2.129000000000000000e+03 1.837778461619666015e-01
2.131000000000000000e+03 1.822531641880538456e-01
2.133000000000000000e+03 1.807977556617690607e-01
2.135000000000000000e+03 1.794115012696714251e-01
2.137000000000000000e+03 1.781396624806622919e-01
2.139000000000000000e+03 1.769600341965645585e-01
2.141000000000000000e+03 1.758980760018079292e-01
2.143000000000000000e+03 1.749376076524135071e-01
2.145000000000000000e+03 1.740827805393430627e-01
2.147000000000000000e+03 1.731159995852699918e-01
2.149000000000000000e+03 1.722361140350094633e-01
2.151000000000000000e+03 1.714196784466703594e-01
2.153000000000000000e+03 1.706664988768720193e-01
2.155000000000000000e+03 1.699653667201627694e-01
2.157000000000000000e+03 1.691161802656617197e-01
2.159000000000000000e+03 1.683019906064189830e-01
2.161000000000000000e+03 1.675215525587564203e-01
2.163000000000000000e+03 1.667832687131028391e-01
2.165000000000000000e+03 1.661289341096904848e-01
2.167000000000000000e+03 1.653582689946384021e-01
2.169000000000000000e+03 1.647002356144877944e-01
2.171000000000000000e+03 1.642048313097092260e-01
2.173000000000000000e+03 1.638232254707842617e-01
2.175000000000000000e+03 1.635927048005209050e-01
2.177000000000000000e+03 1.634429646082174725e-01
2.179000000000000000e+03 1.634152818826373199e-01
2.181000000000000000e+03 1.635065495942978064e-01
2.183000000000000000e+03 1.637695006070416237e-01
2.185000000000000000e+03 1.641671515683122973e-01
2.187000000000000000e+03 1.648416667428319327e-01
2.189000000000000000e+03 1.656384535062467578e-01
2.191000000000000000e+03 1.665702981384283854e-01
2.193000000000000000e+03 1.675734301469262999e-01
2.195000000000000000e+03 1.686333325267048433e-01
2.197000000000000000e+03 1.698556232256680509e-01
2.199000000000000000e+03 1.710839845059081987e-01
2.201000000000000000e+03 1.723294303265438532e-01
2.203000000000000000e+03 1.735603082173246547e-01
2.205000000000000000e+03 1.747868677886397493e-01
2.207000000000000000e+03 1.760541356404790592e-01
2.209000000000000000e+03 1.773278735474738688e-01
2.211000000000000000e+03 1.786117356202826800e-01
2.213000000000000000e+03 1.801016995528365583e-01
2.215000000000000000e+03 1.817820627741834338e-01
2.217000000000000000e+03 1.835566223728004598e-01
2.219000000000000000e+03 1.852349919466257100e-01
2.221000000000000000e+03 1.867885566580401169e-01
2.223000000000000000e+03 1.881880129090979237e-01
2.225000000000000000e+03 1.896064894270177992e-01
2.227000000000000000e+03 1.910806294552995499e-01
2.229000000000000000e+03 1.926253939304902740e-01
2.231000000000000000e+03 1.941813012100485347e-01
2.233000000000000000e+03 1.956410096497499529e-01
2.235000000000000000e+03 1.970498169024950397e-01
2.237000000000000000e+03 1.985025643907403214e-01
2.239000000000000000e+03 2.001169345957511947e-01
2.241000000000000000e+03 2.018868282012603876e-01
2.243000000000000000e+03 2.036765334774637837e-01
2.245000000000000000e+03 2.053037202784851190e-01
2.247000000000000000e+03 2.066470591486034292e-01
2.249000000000000000e+03 2.077149011990933603e-01
2.251000000000000000e+03 2.086180606119605596e-01
2.253000000000000000e+03 2.093864681715935927e-01
2.255000000000000000e+03 2.100794553292781031e-01
2.257000000000000000e+03 2.107150618855623825e-01
2.259000000000000000e+03 2.113932863785279170e-01
2.261000000000000000e+03 2.119833295028505371e-01
2.263000000000000000e+03 2.127467009414079069e-01
2.265000000000000000e+03 2.135818285384429582e-01
2.267000000000000000e+03 2.144209068166378629e-01
2.269000000000000000e+03 2.152669871990467443e-01
2.271000000000000000e+03 2.161650451332851608e-01
2.273000000000000000e+03 2.171274839455111239e-01
2.275000000000000000e+03 2.180647463967456123e-01
2.277000000000000000e+03 2.188039966347980481e-01
2.279000000000000000e+03 2.192006920103130307e-01
2.281000000000000000e+03 2.192033628597704897e-01
2.283000000000000000e+03 2.189434087242339844e-01
2.285000000000000000e+03 2.185907827201006848e-01
2.287000000000000000e+03 2.182515454498909213e-01
2.289000000000000000e+03 2.179787584522494548e-01
2.291000000000000000e+03 2.176756702845791536e-01
2.293000000000000000e+03 2.172068073102495500e-01
2.295000000000000000e+03 2.165305761286014652e-01
2.297000000000000000e+03 2.156138761275168403e-01
2.299000000000000000e+03 2.147357370079343020e-01
2.301000000000000000e+03 2.140658502844090261e-01
2.303000000000000000e+03 2.133954715254657020e-01
2.305000000000000000e+03 2.126586859326805301e-01
2.307000000000000000e+03 2.118054662979197145e-01
2.309000000000000000e+03 2.108185852674056560e-01
2.311000000000000000e+03 2.096762960197811054e-01
2.313000000000000000e+03 2.083973233368805744e-01
2.315000000000000000e+03 2.069710098543583454e-01
2.317000000000000000e+03 2.054432466672603264e-01
2.319000000000000000e+03 2.038031516347292016e-01
2.321000000000000000e+03 2.021078438288997081e-01
2.323000000000000000e+03 2.003812824738031850e-01
2.325000000000000000e+03 1.986108047208257066e-01
2.327000000000000000e+03 1.969318432161575316e-01
2.329000000000000000e+03 1.952593955910355283e-01
2.331000000000000000e+03 1.936266336107023145e-01
2.333000000000000000e+03 1.920073697954413905e-01
2.335000000000000000e+03 1.904421010646899504e-01
2.337000000000000000e+03 1.891193318106952348e-01
2.339000000000000000e+03 1.878240930335655090e-01
2.341000000000000000e+03 1.865411798623382300e-01
2.343000000000000000e+03 1.852205517467779283e-01
2.345000000000000000e+03 1.838671106684605649e-01
2.347000000000000000e+03 1.825318702735646004e-01
2.349000000000000000e+03 1.811514905546893484e-01
2.351000000000000000e+03 1.797031675273038087e-01
2.353000000000000000e+03 1.782412335073414456e-01
2.355000000000000000e+03 1.767637049346191536e-01
2.357000000000000000e+03 1.753085025168057975e-01
2.359000000000000000e+03 1.738584995050350690e-01
2.361000000000000000e+03 1.724243294496564105e-01
2.363000000000000000e+03 1.710053509213612100e-01
2.365000000000000000e+03 1.696483073113667639e-01
2.367000000000000000e+03 1.683613660038306981e-01
2.369000000000000000e+03 1.671246688579804962e-01
2.371000000000000000e+03 1.659444969394966163e-01
2.373000000000000000e+03 1.648247621118184569e-01
2.375000000000000000e+03 1.637464048979005715e-01
2.377000000000000000e+03 1.626378939634691434e-01
2.379000000000000000e+03 1.615342453416259150e-01
2.381000000000000000e+03 1.604334540646215612e-01
2.383000000000000000e+03 1.593185288917881581e-01
2.385000000000000000e+03 1.581474191311574018e-01
2.387000000000000000e+03 1.568857958110920492e-01
2.389000000000000000e+03 1.555403520387550476e-01
2.391000000000000000e+03 1.540922046002261847e-01
2.393000000000000000e+03 1.525240817657618486e-01
2.395000000000000000e+03 1.508535804723241947e-01
2.397000000000000000e+03 1.491278305029979379e-01
2.399000000000000000e+03 1.473964313401867898e-01
2.401000000000000000e+03 1.456968099401768357e-01
2.403000000000000000e+03 1.440705811781499979e-01
2.405000000000000000e+03 1.425322001466630129e-01
2.407000000000000000e+03 1.410383169756269928e-01
2.409000000000000000e+03 1.396397816781926871e-01
2.411000000000000000e+03 1.383209676587614512e-01
2.413000000000000000e+03 1.370898911958528532e-01
2.415000000000000000e+03 1.359101503568031222e-01
2.417000000000000000e+03 1.348259492777317547e-01
2.419000000000000000e+03 1.337693246694796334e-01
2.421000000000000000e+03 1.327125583453573066e-01
2.423000000000000000e+03 1.316307288167872236e-01
2.425000000000000000e+03 1.305276918137612818e-01
2.427000000000000000e+03 1.293196420207075592e-01
2.429000000000000000e+03 1.280785605355503343e-01
2.431000000000000000e+03 1.268296844169941595e-01
2.433000000000000000e+03 1.255638152131395846e-01
2.435000000000000000e+03 1.242932788575782238e-01
2.437000000000000000e+03 1.230273241038790794e-01
2.439000000000000000e+03 1.217780272536807123e-01
2.441000000000000000e+03 1.205545505350497787e-01
2.443000000000000000e+03 1.193831028849651893e-01
2.445000000000000000e+03 1.182605299362688156e-01
2.447000000000000000e+03 1.172026521477382982e-01
2.449000000000000000e+03 1.162039829878102754e-01
2.451000000000000000e+03 1.152595625299219495e-01
2.453000000000000000e+03 1.143409077301448945e-01
2.455000000000000000e+03 1.134621799332052178e-01
2.457000000000000000e+03 1.126407789896871209e-01
2.459000000000000000e+03 1.118373788512059819e-01
2.461000000000000000e+03 1.110276032461239432e-01
2.463000000000000000e+03 1.102036519350892696e-01
2.465000000000000000e+03 1.093462715700859456e-01
2.467000000000000000e+03 1.084964782174891035e-01
2.469000000000000000e+03 1.076154790221070523e-01
2.471000000000000000e+03 1.067013250691243864e-01
2.473000000000000000e+03 1.057733251677759195e-01
2.475000000000000000e+03 1.048562812364276231e-01
2.477000000000000000e+03 1.038790210258752206e-01
2.479000000000000000e+03 1.029291484168643744e-01
2.481000000000000000e+03 1.020204849131557123e-01
2.483000000000000000e+03 1.011573116327908195e-01
2.485000000000000000e+03 1.003640559082811107e-01
2.487000000000000000e+03 9.955185200565884462e-02
2.489000000000000000e+03 9.879976639788107251e-02
2.491000000000000000e+03 9.808084399146128896e-02
2.493000000000000000e+03 9.741609497616168789e-02
2.495000000000000000e+03 9.678535706876492672e-02
2.497000000000000000e+03 9.604128465874342546e-02
2.499000000000000000e+03 9.528675665900014635e-02
2.501000000000000000e+03 9.452682676376027160e-02
2.503000000000000000e+03 9.370906415883491214e-02
2.505000000000000000e+03 9.284021674104604716e-02
2.507000000000000000e+03 9.187262845965209201e-02
2.509000000000000000e+03 9.086816599365531155e-02
2.511000000000000000e+03 8.983936003163331407e-02
2.513000000000000000e+03 8.883217729811802854e-02
2.515000000000000000e+03 8.785393225951679264e-02
2.517000000000000000e+03 8.693985896527565982e-02
2.519000000000000000e+03 8.607597743975843596e-02
2.521000000000000000e+03 8.526626185258062707e-02
2.523000000000000000e+03 8.449741374945232697e-02
2.525000000000000000e+03 8.375546358080934728e-02
2.527000000000000000e+03 8.312813799882802501e-02
2.529000000000000000e+03 8.251214026275868751e-02
2.531000000000000000e+03 8.191333649537399508e-02
2.533000000000000000e+03 8.130054920716751898e-02
2.535000000000000000e+03 8.066210540011511942e-02
2.537000000000000000e+03 8.012199228358368730e-02
2.539000000000000000e+03 7.953777559120082941e-02
2.541000000000000000e+03 7.890593868289047519e-02
2.543000000000000000e+03 7.824529159660374711e-02
2.545000000000000000e+03 7.756391229161617440e-02
2.547000000000000000e+03 7.692602368279394254e-02
2.549000000000000000e+03 7.628975772922653997e-02
2.551000000000000000e+03 7.568603077281253755e-02
2.553000000000000000e+03 7.509945653434088597e-02
2.555000000000000000e+03 7.454561040075084744e-02
2.557000000000000000e+03 7.406698817133666735e-02
2.559000000000000000e+03 7.362253365762082280e-02
2.561000000000000000e+03 7.320525684127503208e-02
2.563000000000000000e+03 7.281432485009958766e-02
2.565000000000000000e+03 7.244858016534412581e-02
2.567000000000000000e+03 7.208093474175329696e-02
2.569000000000000000e+03 7.173475605084872475e-02
2.571000000000000000e+03 7.140444318540904722e-02
2.573000000000000000e+03 7.107523049223807288e-02
2.575000000000000000e+03 7.074291228978477064e-02
2.577000000000000000e+03 7.034583490107598758e-02
2.579000000000000000e+03 6.994379510333446903e-02
2.581000000000000000e+03 6.953339942436007060e-02
2.583000000000000000e+03 6.914152587225570745e-02
2.585000000000000000e+03 6.876310895342793716e-02
2.587000000000000000e+03 6.839770751149280847e-02
2.589000000000000000e+03 6.805513456356281077e-02
2.591000000000000000e+03 6.771586124533181261e-02
2.593000000000000000e+03 6.738308379585952745e-02
2.595000000000000000e+03 6.705595510509469726e-02
2.597000000000000000e+03 6.672845993799039754e-02
2.599000000000000000e+03 6.642543383511646804e-02
2.601000000000000000e+03 6.613193472902634262e-02
2.603000000000000000e+03 6.586718777275915593e-02
2.605000000000000000e+03 6.562498238399622208e-02
2.607000000000000000e+03 6.542551926021326902e-02
2.609000000000000000e+03 6.524342772284080771e-02
2.611000000000000000e+03 6.506978279797520637e-02
2.613000000000000000e+03 6.489982943542375871e-02
2.615000000000000000e+03 6.472330926261105066e-02
2.617000000000000000e+03 6.450688049733183105e-02
2.619000000000000000e+03 6.426604042418726515e-02
2.621000000000000000e+03 6.399350182225171935e-02
2.623000000000000000e+03 6.367424577189637058e-02
2.625000000000000000e+03 6.332203630233418368e-02
2.627000000000000000e+03 6.298036156338644720e-02
2.629000000000000000e+03 6.262558125741750359e-02
2.631000000000000000e+03 6.226398669480234099e-02
