7.090000000000000000e+02 4.899642049068709225e-03
7.110000000000000000e+02 5.188700287701402715e-03
7.130000000000000000e+02 5.476415870943590787e-03
7.150000000000000000e+02 5.757092733295805266e-03
7.170000000000000000e+02 6.024428554565143014e-03
7.190000000000000000e+02 6.270326353611591075e-03
7.210000000000000000e+02 6.495323902333962653e-03
7.230000000000000000e+02 6.693599080438247806e-03
7.250000000000000000e+02 6.877845850298152687e-03
7.270000000000000000e+02 7.050585218166148180e-03
7.290000000000000000e+02 7.221089701278213431e-03
7.310000000000000000e+02 7.394574201153850633e-03
7.330000000000000000e+02 7.574352728494222753e-03
7.350000000000000000e+02 7.763290216985001095e-03
7.370000000000000000e+02 7.960282476980195740e-03
7.390000000000000000e+02 8.165268159855312846e-03
7.410000000000000000e+02 8.377620770744862583e-03
7.430000000000000000e+02 8.607227071144814279e-03
7.450000000000000000e+02 8.856038308905344117e-03
7.470000000000000000e+02 9.121222210854646253e-03
7.490000000000000000e+02 9.405073356771690221e-03
7.510000000000000000e+02 9.702691966457569622e-03
7.530000000000000000e+02 1.000649272515552468e-02
7.550000000000000000e+02 1.031141024653344646e-02
7.570000000000000000e+02 1.061879533382917642e-02
7.590000000000000000e+02 1.093393787719208754e-02
7.610000000000000000e+02 1.125601495368462775e-02
7.630000000000000000e+02 1.158370916226246147e-02
7.650000000000000000e+02 1.191899171557317047e-02
7.670000000000000000e+02 1.226156724786473320e-02
7.690000000000000000e+02 1.261099620611050992e-02
7.710000000000000000e+02 1.296873179447490150e-02
7.730000000000000000e+02 1.334383341293492869e-02
7.750000000000000000e+02 1.374062200919760890e-02
7.770000000000000000e+02 1.416619714227559598e-02
7.790000000000000000e+02 1.462504841744210506e-02
7.810000000000000000e+02 1.502041223610178777e-02
7.830000000000000000e+02 1.547211200418449964e-02
7.850000000000000000e+02 1.592644195156326867e-02
7.870000000000000000e+02 1.638980727415433741e-02
7.890000000000000000e+02 1.686059278969218728e-02
7.910000000000000000e+02 1.734179434144423812e-02
7.930000000000000000e+02 1.782906614294142711e-02
7.950000000000000000e+02 1.832381993373193713e-02
7.970000000000000000e+02 1.881316786275582381e-02
7.990000000000000000e+02 1.930410546248001458e-02
8.010000000000000000e+02 1.979989364281762101e-02
8.030000000000000000e+02 2.029995169740100858e-02
8.050000000000000000e+02 2.080663259441441204e-02
8.070000000000000000e+02 2.127059405449253926e-02
8.090000000000000000e+02 2.174967235333045285e-02
8.110000000000000000e+02 2.224637720852106620e-02
8.130000000000000000e+02 2.275569790664160735e-02
8.150000000000000000e+02 2.327793875553506656e-02
8.170000000000000000e+02 2.371688781829648165e-02
8.190000000000000000e+02 2.415965252857831674e-02
8.210000000000000000e+02 2.470518915055744738e-02
8.230000000000000000e+02 2.521299436969355254e-02
8.250000000000000000e+02 2.573338453856672398e-02
8.270000000000000000e+02 2.619557313809236024e-02
8.290000000000000000e+02 2.666262849865106213e-02
8.310000000000000000e+02 2.713615990808911083e-02
8.330000000000000000e+02 2.763509377908321060e-02
8.350000000000000000e+02 2.815702585223444840e-02
8.370000000000000000e+02 2.869318028549340191e-02
8.390000000000000000e+02 2.925354436641747213e-02
8.410000000000000000e+02 2.984487059781667367e-02
8.430000000000000000e+02 3.046157126395424367e-02
8.450000000000000000e+02 3.110991267338179128e-02
8.470000000000000000e+02 3.190188472571266892e-02
8.490000000000000000e+02 3.276401420421589522e-02
8.510000000000000000e+02 3.370506942115624599e-02
8.530000000000000000e+02 3.473015839061022181e-02
8.550000000000000000e+02 3.585307153456958329e-02
8.570000000000000000e+02 3.726555086882868406e-02
8.590000000000000000e+02 3.881600261254389977e-02
8.610000000000000000e+02 4.051391288965336401e-02
8.630000000000000000e+02 4.238640937026247335e-02
8.650000000000000000e+02 4.442914488197769601e-02
8.670000000000000000e+02 4.678517627472321416e-02
8.690000000000000000e+02 4.933161317378245703e-02
8.710000000000000000e+02 5.207439642607205460e-02
8.730000000000000000e+02 5.503344947507311791e-02
8.750000000000000000e+02 5.821514291676006120e-02
8.770000000000000000e+02 6.165670466228032748e-02
8.790000000000000000e+02 6.543812451482283743e-02
8.810000000000000000e+02 6.961776940069042130e-02
8.830000000000000000e+02 7.415145577555264100e-02
8.850000000000000000e+02 7.918957726775695261e-02
8.870000000000000000e+02 8.471532061955175386e-02
8.890000000000000000e+02 9.078922473548500793e-02
8.910000000000000000e+02 9.742419876601746132e-02
8.930000000000000000e+02 1.046702290703162841e-01
8.950000000000000000e+02 1.125192607155514751e-01
8.970000000000000000e+02 1.212543087697310340e-01
8.990000000000000000e+02 1.306070889996470974e-01
9.010000000000000000e+02 1.405605412465952830e-01
9.030000000000000000e+02 1.509574435364377243e-01
9.050000000000000000e+02 1.617974701016376693e-01
9.070000000000000000e+02 1.729565720923980643e-01
9.090000000000000000e+02 1.845134413075665836e-01
9.110000000000000000e+02 1.964286145958536178e-01
9.130000000000000000e+02 2.088067877201078559e-01
9.150000000000000000e+02 2.215832630626228816e-01
9.170000000000000000e+02 2.344762815052159888e-01
9.190000000000000000e+02 2.471573557998329729e-01
9.210000000000000000e+02 2.595274138954389853e-01
9.230000000000000000e+02 2.718573591312730131e-01
9.250000000000000000e+02 2.839798430228740456e-01
9.270000000000000000e+02 2.955233536800438987e-01
9.290000000000000000e+02 3.065047950577359792e-01
9.310000000000000000e+02 3.167540838261544978e-01
9.330000000000000000e+02 3.260288107894474541e-01
9.350000000000000000e+02 3.342469504991993356e-01
9.370000000000000000e+02 3.408637413052614806e-01
9.390000000000000000e+02 3.464522810426064470e-01
9.410000000000000000e+02 3.510332569411985237e-01
1.729000000000000000e+03 3.106010541818019499e-01
1.731000000000000000e+03 3.049183760732263049e-01
1.733000000000000000e+03 2.993737765346751734e-01
1.735000000000000000e+03 2.939186209253996651e-01
1.737000000000000000e+03 2.885466026209625445e-01
1.739000000000000000e+03 2.831701699383094017e-01
1.741000000000000000e+03 2.777858989514603860e-01
1.743000000000000000e+03 2.722816788056821591e-01
1.745000000000000000e+03 2.666230576761248194e-01
1.747000000000000000e+03 2.609502467854721286e-01
1.749000000000000000e+03 2.551533932794308179e-01
1.751000000000000000e+03 2.492575316794838902e-01
1.753000000000000000e+03 2.434065522721739483e-01
1.755000000000000000e+03 2.376219566168435438e-01
1.757000000000000000e+03 2.320130471248615656e-01
1.759000000000000000e+03 2.265313627848403732e-01
1.761000000000000000e+03 2.212459968331675630e-01
1.763000000000000000e+03 2.161525291125962478e-01
1.765000000000000000e+03 2.112759645571590517e-01
1.767000000000000000e+03 2.065861882450480969e-01
1.769000000000000000e+03 2.021167747364412959e-01
1.771000000000000000e+03 1.978577436844455584e-01
1.773000000000000000e+03 1.938068159959160375e-01
1.775000000000000000e+03 1.899475432610083225e-01
1.777000000000000000e+03 1.861945695710658655e-01
1.779000000000000000e+03 1.825763678474542628e-01
1.781000000000000000e+03 1.790318861366315129e-01
1.783000000000000000e+03 1.755720578508953300e-01
1.785000000000000000e+03 1.721681496365068120e-01
1.787000000000000000e+03 1.687782812536045562e-01
1.789000000000000000e+03 1.654205004195166140e-01
1.791000000000000000e+03 1.621022862192007252e-01
1.793000000000000000e+03 1.587550169962645141e-01
1.795000000000000000e+03 1.553839499232153032e-01
1.797000000000000000e+03 1.520247044836847694e-01
1.799000000000000000e+03 1.487159678848742062e-01
1.801000000000000000e+03 1.455035037338299475e-01
1.803000000000000000e+03 1.424336591015756270e-01
1.805000000000000000e+03 1.394899245837525059e-01
1.807000000000000000e+03 1.366774277095411938e-01
1.809000000000000000e+03 1.339833720606117828e-01
1.811000000000000000e+03 1.313965730893221773e-01
1.813000000000000000e+03 1.296466048131373616e-01
1.815000000000000000e+03 1.279849254429190619e-01
1.817000000000000000e+03 1.264149247218260830e-01
1.819000000000000000e+03 1.249067063450617077e-01
1.821000000000000000e+03 1.234541041306104203e-01
1.823000000000000000e+03 1.220086386525628674e-01
1.825000000000000000e+03 1.205514869697756203e-01
1.827000000000000000e+03 1.190344128758589470e-01
1.829000000000000000e+03 1.174506098790086411e-01
1.831000000000000000e+03 1.158065712412174320e-01
1.833000000000000000e+03 1.140998614161250618e-01
1.835000000000000000e+03 1.123521100246512583e-01
1.837000000000000000e+03 1.105567461285659747e-01
1.839000000000000000e+03 1.087732462817581208e-01
1.841000000000000000e+03 1.070080262881839689e-01
1.843000000000000000e+03 1.052898428926239138e-01
1.845000000000000000e+03 1.036391538302106619e-01
1.847000000000000000e+03 1.020650373521248544e-01
1.849000000000000000e+03 1.005722555212816144e-01
1.851000000000000000e+03 9.916214507913630183e-02
1.853000000000000000e+03 9.710689229995624061e-02
1.855000000000000000e+03 9.514466672223426125e-02
1.857000000000000000e+03 9.325006773739116794e-02
1.859000000000000000e+03 9.140385016103654003e-02
1.861000000000000000e+03 8.958810835664723915e-02
1.863000000000000000e+03 8.776955929086591168e-02
1.865000000000000000e+03 8.594528400978401761e-02
1.867000000000000000e+03 8.410513312893005966e-02
1.869000000000000000e+03 8.228475816704219903e-02
1.871000000000000000e+03 8.047920726701100758e-02
1.873000000000000000e+03 7.874138296602808951e-02
1.875000000000000000e+03 7.706930261842746821e-02
1.877000000000000000e+03 7.546577283640626410e-02
1.879000000000000000e+03 7.394362233495978265e-02
1.881000000000000000e+03 7.251975771283795946e-02
1.883000000000000000e+03 7.117293546792057002e-02
1.885000000000000000e+03 6.989693005991121089e-02
1.887000000000000000e+03 6.868968791398577523e-02
1.889000000000000000e+03 6.753442510617585492e-02
1.891000000000000000e+03 6.642227625925764545e-02
1.893000000000000000e+03 6.531728091149721638e-02
1.895000000000000000e+03 6.419974795656854805e-02
1.897000000000000000e+03 6.307322824459220267e-02
1.899000000000000000e+03 6.192393456928452916e-02
1.901000000000000000e+03 6.075114353718391591e-02
1.903000000000000000e+03 5.957998133211750424e-02
1.905000000000000000e+03 5.840963897557160250e-02
1.907000000000000000e+03 5.726548478560026384e-02
1.909000000000000000e+03 5.613563422755650512e-02
1.911000000000000000e+03 5.503783856597394691e-02
1.913000000000000000e+03 5.395627357967931748e-02
1.915000000000000000e+03 5.290894782385162365e-02
1.917000000000000000e+03 5.191322764459343347e-02
1.919000000000000000e+03 5.095913058569212506e-02
1.921000000000000000e+03 5.003426571429787223e-02
1.923000000000000000e+03 4.916863906856921984e-02
1.925000000000000000e+03 4.835932244442308486e-02
1.927000000000000000e+03 4.759200528101617533e-02
1.929000000000000000e+03 4.686532067703385457e-02
1.931000000000000000e+03 4.616772188025342755e-02
1.933000000000000000e+03 4.547946284657138766e-02
1.935000000000000000e+03 4.479759246274873929e-02
1.937000000000000000e+03 4.411813758355414422e-02
1.939000000000000000e+03 4.343357496570657977e-02
1.941000000000000000e+03 4.273807502427089816e-02
1.943000000000000000e+03 4.204378908237273171e-02
1.945000000000000000e+03 4.134954981949353486e-02
1.947000000000000000e+03 4.065435990818275225e-02
1.949000000000000000e+03 3.997853094075729669e-02
1.951000000000000000e+03 3.932506101434384005e-02
1.953000000000000000e+03 3.870969114970153335e-02
1.955000000000000000e+03 3.813439369612416086e-02
1.957000000000000000e+03 3.759241708691912071e-02
1.959000000000000000e+03 3.708728697471117691e-02
1.961000000000000000e+03 3.661723992306267772e-02
1.963000000000000000e+03 3.616806734823781871e-02
1.965000000000000000e+03 3.573324111996619562e-02
1.967000000000000000e+03 3.531069492197212722e-02
1.969000000000000000e+03 3.489505124329726066e-02
1.971000000000000000e+03 3.448180942206948568e-02
1.973000000000000000e+03 3.406882349008208410e-02
1.975000000000000000e+03 3.365734796636855181e-02
1.977000000000000000e+03 3.324198611225266664e-02
1.979000000000000000e+03 3.283069275937839510e-02
1.981000000000000000e+03 3.242573877252805797e-02
1.983000000000000000e+03 3.206574309453174426e-02
1.985000000000000000e+03 3.175519293179655117e-02
1.987000000000000000e+03 3.148191962592499643e-02
1.989000000000000000e+03 3.122794500921432723e-02
1.991000000000000000e+03 3.099484822988420735e-02
1.993000000000000000e+03 3.077280760304880111e-02
1.995000000000000000e+03 3.056052819874417043e-02
1.997000000000000000e+03 3.036157988271784985e-02
1.999000000000000000e+03 3.017502414883531728e-02
2.001000000000000000e+03 3.000353102054318169e-02
2.003000000000000000e+03 2.984729279857638307e-02
2.005000000000000000e+03 2.970370735187841810e-02
2.007000000000000000e+03 2.957734982792675424e-02
2.009000000000000000e+03 2.946570967781089734e-02
2.011000000000000000e+03 2.936733593339262149e-02
2.013000000000000000e+03 2.928399652359173211e-02
2.015000000000000000e+03 2.920578812155292039e-02
2.017000000000000000e+03 2.913617974575585454e-02
2.019000000000000000e+03 2.906436560560279186e-02
2.021000000000000000e+03 2.898606000617719863e-02
2.023000000000000000e+03 2.885636658010757444e-02
2.025000000000000000e+03 2.867921191505555523e-02
2.027000000000000000e+03 2.847387083217852582e-02
2.029000000000000000e+03 2.826403411946444566e-02
2.031000000000000000e+03 2.805430033834872133e-02
2.033000000000000000e+03 2.785343786755318379e-02
2.035000000000000000e+03 2.766894144757063925e-02
2.037000000000000000e+03 2.749985232681144420e-02
2.039000000000000000e+03 2.734472667157427858e-02
2.041000000000000000e+03 2.719760162316033417e-02
2.043000000000000000e+03 2.706272580262285635e-02
2.045000000000000000e+03 2.694128341294082379e-02
2.047000000000000000e+03 2.684192219445754451e-02
2.049000000000000000e+03 2.675341453373646095e-02
2.051000000000000000e+03 2.667071525688970504e-02
2.053000000000000000e+03 2.658550681977474642e-02
2.055000000000000000e+03 2.649721662526065974e-02
2.057000000000000000e+03 2.641054491688124561e-02
2.059000000000000000e+03 2.631856412774968498e-02
2.061000000000000000e+03 2.622211018111367947e-02
2.063000000000000000e+03 2.612297529470637356e-02
2.065000000000000000e+03 2.601466662743979336e-02
2.067000000000000000e+03 2.591532766765638346e-02
2.069000000000000000e+03 2.581069811197463787e-02
2.071000000000000000e+03 2.570489622614286623e-02
2.073000000000000000e+03 2.561066102108371101e-02
2.075000000000000000e+03 2.552530305489702708e-02
2.077000000000000000e+03 2.544923327019754308e-02
2.079000000000000000e+03 2.538531671769577586e-02
2.081000000000000000e+03 2.533805431727693264e-02
2.083000000000000000e+03 2.529384890981857537e-02
2.085000000000000000e+03 2.525379255512649398e-02
2.087000000000000000e+03 2.520904927686156566e-02
2.089000000000000000e+03 2.517078746485735055e-02
2.091000000000000000e+03 2.513680823856878632e-02
2.093000000000000000e+03 2.511878863646320112e-02
2.095000000000000000e+03 2.511412605222137703e-02
2.097000000000000000e+03 2.509081796664404049e-02
2.099000000000000000e+03 2.507595049202991297e-02
2.101000000000000000e+03 2.506935903714847466e-02
2.103000000000000000e+03 2.506542035482061184e-02
2.105000000000000000e+03 2.507015978686210136e-02
2.107000000000000000e+03 2.505011353396870491e-02
2.109000000000000000e+03 2.503839431692935977e-02
2.111000000000000000e+03 2.503533105356200647e-02
2.113000000000000000e+03 2.503517952354103807e-02
2.115000000000000000e+03 2.504255003426448731e-02
2.117000000000000000e+03 2.504940402836385721e-02
2.119000000000000000e+03 2.506674134567845810e-02
2.121000000000000000e+03 2.509533041903359851e-02
2.123000000000000000e+03 2.514494056180792761e-02
2.125000000000000000e+03 2.521453507522582529e-02
2.127000000000000000e+03 2.532497447735387874e-02
2.129000000000000000e+03 2.545733037139474159e-02
2.131000000000000000e+03 2.560546024486322694e-02
2.133000000000000000e+03 2.576360104352687017e-02
2.135000000000000000e+03 2.592425449977145413e-02
2.137000000000000000e+03 2.614655102769251199e-02
2.139000000000000000e+03 2.636985201939217802e-02
2.141000000000000000e+03 2.659022414998326103e-02
2.143000000000000000e+03 2.680463884203790337e-02
2.145000000000000000e+03 2.701396475380328510e-02
2.147000000000000000e+03 2.724741651092651984e-02
2.149000000000000000e+03 2.747403045584932355e-02
2.151000000000000000e+03 2.769479540297421077e-02
2.153000000000000000e+03 2.791941299220728964e-02
2.155000000000000000e+03 2.814320369513633596e-02
2.157000000000000000e+03 2.836163001475310377e-02
2.159000000000000000e+03 2.858319047087310230e-02
2.161000000000000000e+03 2.881099772562261199e-02
2.163000000000000000e+03 2.904557401821207530e-02
2.165000000000000000e+03 2.929355257051187086e-02
2.167000000000000000e+03 2.951953668616092569e-02
2.169000000000000000e+03 2.975561186765316238e-02
2.171000000000000000e+03 3.000498200523511391e-02
2.173000000000000000e+03 3.025297443740622427e-02
2.175000000000000000e+03 3.050290943655038778e-02
2.177000000000000000e+03 3.069035435963472433e-02
2.179000000000000000e+03 3.086250043742796989e-02
2.181000000000000000e+03 3.101671026106905815e-02
2.183000000000000000e+03 3.116684486457634365e-02
2.185000000000000000e+03 3.130685297624751645e-02
2.187000000000000000e+03 3.141580140184857539e-02
2.189000000000000000e+03 3.152007448988763949e-02
2.191000000000000000e+03 3.162733094639948866e-02
2.193000000000000000e+03 3.172496744266391222e-02
2.195000000000000000e+03 3.182530561343273334e-02
2.197000000000000000e+03 3.193668354027481837e-02
2.199000000000000000e+03 3.205184861370071608e-02
2.201000000000000000e+03 3.217483861945213963e-02
2.203000000000000000e+03 3.230244274355101308e-02
2.205000000000000000e+03 3.243028952944140147e-02
2.207000000000000000e+03 3.255026077065774348e-02
2.209000000000000000e+03 3.266716964573693205e-02
2.211000000000000000e+03 3.277484311810826417e-02
2.213000000000000000e+03 3.290902165938464768e-02
2.215000000000000000e+03 3.305669178373188410e-02
2.217000000000000000e+03 3.320196492610769795e-02
2.219000000000000000e+03 3.329817752550479765e-02
2.221000000000000000e+03 3.334677776378694447e-02
2.223000000000000000e+03 3.334541902832618976e-02
2.225000000000000000e+03 3.333114251008224838e-02
2.227000000000000000e+03 3.333375341133601455e-02
2.229000000000000000e+03 3.334150310287289920e-02
2.231000000000000000e+03 3.334849543237451697e-02
2.233000000000000000e+03 3.334825295226999387e-02
2.235000000000000000e+03 3.334852274170824887e-02
2.237000000000000000e+03 3.337405281766656767e-02
2.239000000000000000e+03 3.343688432019738949e-02
2.241000000000000000e+03 3.353422234608587765e-02
2.243000000000000000e+03 3.364643947945249874e-02
2.245000000000000000e+03 3.374334738224876035e-02
2.247000000000000000e+03 3.380547843668044172e-02
2.249000000000000000e+03 3.381197141433832376e-02
2.251000000000000000e+03 3.377352653517692177e-02
2.253000000000000000e+03 3.368069513480179134e-02
2.255000000000000000e+03 3.354566302881068635e-02
2.257000000000000000e+03 3.337047893872175514e-02
2.259000000000000000e+03 3.318694463005088247e-02
2.261000000000000000e+03 3.298080210804710255e-02
2.263000000000000000e+03 3.279759813729813539e-02
2.265000000000000000e+03 3.262332437948483460e-02
2.267000000000000000e+03 3.243911598278588493e-02
2.269000000000000000e+03 3.226072846833273611e-02
2.271000000000000000e+03 3.209799083119313501e-02
2.273000000000000000e+03 3.195893963524162884e-02
2.275000000000000000e+03 3.183223669387585247e-02
2.277000000000000000e+03 3.169110253111975112e-02
2.279000000000000000e+03 3.151365121038864764e-02
2.281000000000000000e+03 3.128885579312223886e-02
2.283000000000000000e+03 3.103029689916248293e-02
2.285000000000000000e+03 3.075838132998440222e-02
2.287000000000000000e+03 3.049263924321262212e-02
2.289000000000000000e+03 3.023354774528757422e-02
2.291000000000000000e+03 2.996392545670116883e-02
2.293000000000000000e+03 2.966167733746886623e-02
2.295000000000000000e+03 2.932268166431323264e-02
2.297000000000000000e+03 2.896629142664573081e-02
2.299000000000000000e+03 2.862490167414109485e-02
2.301000000000000000e+03 2.832695393590896338e-02
2.303000000000000000e+03 2.804114542002190610e-02
2.305000000000000000e+03 2.776034422406927632e-02
2.307000000000000000e+03 2.749480616476382075e-02
2.309000000000000000e+03 2.723782398054805376e-02
2.311000000000000000e+03 2.698781937291667293e-02
2.313000000000000000e+03 2.674201958912408514e-02
2.315000000000000000e+03 2.650059467328378868e-02
2.317000000000000000e+03 2.626757707494508862e-02
2.319000000000000000e+03 2.603433461280862948e-02
2.321000000000000000e+03 2.580530525115452140e-02
2.323000000000000000e+03 2.557251032680576269e-02
2.325000000000000000e+03 2.533088128895887026e-02
2.327000000000000000e+03 2.509010567567443450e-02
2.329000000000000000e+03 2.484092896704040085e-02
2.331000000000000000e+03 2.458371938431898676e-02
2.333000000000000000e+03 2.432089331961231546e-02
2.335000000000000000e+03 2.405938541347741461e-02
2.337000000000000000e+03 2.381818087761605404e-02
2.339000000000000000e+03 2.358418639680026282e-02
2.341000000000000000e+03 2.336058771195253375e-02
2.343000000000000000e+03 2.314317339763352632e-02
2.345000000000000000e+03 2.293328755082155515e-02
2.347000000000000000e+03 2.273303408708471363e-02
2.349000000000000000e+03 2.253784026548225072e-02
2.351000000000000000e+03 2.234645786381926624e-02
2.353000000000000000e+03 2.216425558147737396e-02
2.355000000000000000e+03 2.198556075268472826e-02
2.357000000000000000e+03 2.181153305769250456e-02
2.359000000000000000e+03 2.163991912624434535e-02
2.361000000000000000e+03 2.146575824329586407e-02
2.363000000000000000e+03 2.128925738110312368e-02
2.365000000000000000e+03 2.110788533661028116e-02
2.367000000000000000e+03 2.092726095148927240e-02
2.369000000000000000e+03 2.073594851838016576e-02
2.371000000000000000e+03 2.054373021083968215e-02
2.373000000000000000e+03 2.035521551068046608e-02
2.375000000000000000e+03 2.017080468466648027e-02
2.377000000000000000e+03 1.999009310073201692e-02
2.379000000000000000e+03 1.982447529620831941e-02
2.381000000000000000e+03 1.965802841967827924e-02
2.383000000000000000e+03 1.950241759286742635e-02
2.385000000000000000e+03 1.935475995949979475e-02
2.387000000000000000e+03 1.921052493858451532e-02
2.389000000000000000e+03 1.907424640618652842e-02
2.391000000000000000e+03 1.894215757142880124e-02
2.393000000000000000e+03 1.881140656888787011e-02
2.395000000000000000e+03 1.867927943325039392e-02
2.397000000000000000e+03 1.854074997093210775e-02
2.399000000000000000e+03 1.840043151151300044e-02
2.401000000000000000e+03 1.825417493308341757e-02
2.403000000000000000e+03 1.810630483798419607e-02
2.405000000000000000e+03 1.795787662717210353e-02
2.407000000000000000e+03 1.779790241674212778e-02
2.409000000000000000e+03 1.763988615648816663e-02
2.411000000000000000e+03 1.748089730132213609e-02
2.413000000000000000e+03 1.731807448459174101e-02
2.415000000000000000e+03 1.715696292711882398e-02
2.417000000000000000e+03 1.700278193352721540e-02
2.419000000000000000e+03 1.684458743868470776e-02
2.421000000000000000e+03 1.670210753929445013e-02
2.423000000000000000e+03 1.656617610103194860e-02
2.425000000000000000e+03 1.643817553992873298e-02
2.427000000000000000e+03 1.631520682198568661e-02
2.429000000000000000e+03 1.619881552378595047e-02
2.431000000000000000e+03 1.609070518671622957e-02
2.433000000000000000e+03 1.598587312767186727e-02
2.435000000000000000e+03 1.588270078219874287e-02
2.437000000000000000e+03 1.578332986074956062e-02
2.439000000000000000e+03 1.567996259147722699e-02
2.441000000000000000e+03 1.557655786413048200e-02
2.443000000000000000e+03 1.546517425475911825e-02
2.445000000000000000e+03 1.534620701694064220e-02
2.447000000000000000e+03 1.521966632260048427e-02
2.449000000000000000e+03 1.508476437964164849e-02
2.451000000000000000e+03 1.494518537485959100e-02
2.453000000000000000e+03 1.480188573619757759e-02
2.455000000000000000e+03 1.465909774575527118e-02
2.457000000000000000e+03 1.452238310838338022e-02
2.459000000000000000e+03 1.438798531310371553e-02
2.461000000000000000e+03 1.425610926480105380e-02
2.463000000000000000e+03 1.412373546924490346e-02
2.465000000000000000e+03 1.399226733882207203e-02
2.467000000000000000e+03 1.386778572706588025e-02
2.469000000000000000e+03 1.374537764433330159e-02
2.471000000000000000e+03 1.362002049304373089e-02
2.473000000000000000e+03 1.349468728480556629e-02
2.475000000000000000e+03 1.337184778297899335e-02
2.477000000000000000e+03 1.324168822296646793e-02
2.479000000000000000e+03 1.310657641071455611e-02
2.481000000000000000e+03 1.297353323335780420e-02
2.483000000000000000e+03 1.283822686248493189e-02
2.485000000000000000e+03 1.270166201847404766e-02
2.487000000000000000e+03 1.255992531236705539e-02
2.489000000000000000e+03 1.242084123250223986e-02
2.491000000000000000e+03 1.228395981972026270e-02
2.493000000000000000e+03 1.215471904889320852e-02
2.495000000000000000e+03 1.203279800428889122e-02
2.497000000000000000e+03 1.190451970698693136e-02
2.499000000000000000e+03 1.178481373152489436e-02
2.501000000000000000e+03 1.167091785885182587e-02
2.503000000000000000e+03 1.156144532690812562e-02
2.505000000000000000e+03 1.145723726258326275e-02
2.507000000000000000e+03 1.134988835639424466e-02
2.509000000000000000e+03 1.124484796495583278e-02
2.511000000000000000e+03 1.114117316930412355e-02
2.513000000000000000e+03 1.103936113292078476e-02
2.515000000000000000e+03 1.093773544320427414e-02
2.517000000000000000e+03 1.083707709141869778e-02
2.519000000000000000e+03 1.074105165448561994e-02
2.521000000000000000e+03 1.063819683964621274e-02
2.523000000000000000e+03 1.053664144826485169e-02
2.525000000000000000e+03 1.043536731733607503e-02
2.527000000000000000e+03 1.034061322480630228e-02
2.529000000000000000e+03 1.024523090763625535e-02
2.531000000000000000e+03 1.015212873340820207e-02
2.533000000000000000e+03 1.005885844302930633e-02
2.535000000000000000e+03 9.965240962598074376e-03
2.537000000000000000e+03 9.884484571945066633e-03
2.539000000000000000e+03 9.803686426924777472e-03
2.541000000000000000e+03 9.726200327292947034e-03
2.543000000000000000e+03 9.654328549676660307e-03
2.545000000000000000e+03 9.586324033265420166e-03
2.547000000000000000e+03 9.526349871394543256e-03
2.549000000000000000e+03 9.467977881537897183e-03
2.551000000000000000e+03 9.415601424823238225e-03
2.553000000000000000e+03 9.363600102777678430e-03
2.555000000000000000e+03 9.312320331045679384e-03
2.557000000000000000e+03 9.265377711781633621e-03
2.559000000000000000e+03 9.215955202021990783e-03
2.561000000000000000e+03 9.163321330225859124e-03
2.563000000000000000e+03 9.105711855018131656e-03
2.565000000000000000e+03 9.043827880959098148e-03
2.567000000000000000e+03 8.978545252685616457e-03
2.569000000000000000e+03 8.913404999763160919e-03
2.571000000000000000e+03 8.847353987991263963e-03
2.573000000000000000e+03 8.783396348244451243e-03
2.575000000000000000e+03 8.720712969980963861e-03
2.577000000000000000e+03 8.654009854261054957e-03
2.579000000000000000e+03 8.590990051076465711e-03
2.581000000000000000e+03 8.530533545245634966e-03
2.583000000000000000e+03 8.471036366779890678e-03
2.585000000000000000e+03 8.413946927481256999e-03
2.587000000000000000e+03 8.359193872964713543e-03
2.589000000000000000e+03 8.305808827261765628e-03
2.591000000000000000e+03 8.249341933189527701e-03
2.593000000000000000e+03 8.190121436954991146e-03
2.595000000000000000e+03 8.126201496317887393e-03
2.597000000000000000e+03 8.055727583437626710e-03
2.599000000000000000e+03 7.980389786573414967e-03
2.601000000000000000e+03 7.899713476947557017e-03
2.603000000000000000e+03 7.818630082267916462e-03
2.605000000000000000e+03 7.736342534939834835e-03
2.607000000000000000e+03 7.657416987125232472e-03
2.609000000000000000e+03 7.581040060136797279e-03
2.611000000000000000e+03 7.507905766391312005e-03
2.613000000000000000e+03 7.438221155555955338e-03
2.615000000000000000e+03 7.373572769979027698e-03
2.617000000000000000e+03 7.314220971314774021e-03
2.619000000000000000e+03 7.260028100480798996e-03
2.621000000000000000e+03 7.210678509579794906e-03
2.623000000000000000e+03 7.163260750683160018e-03
2.625000000000000000e+03 7.118435909669226444e-03
2.627000000000000000e+03 7.076837533207152794e-03
2.629000000000000000e+03 7.036147230981604911e-03
2.631000000000000000e+03 6.995907857641222791e-03
