        Frequency / MHz                System Tot. Efficiency [AC3]/abs,dB
----------------------------------------------------------------------
                     690                      -6.6751774
                     780                      -17.548852
                     870                      -19.266252
                     960                      -24.778505
                    1700                      -1.5997601
                    1800                       -1.959166
                    1900                     -0.77262755
                    2000                      -1.0211584
                    2100                      -1.4105851
                    2200                      -1.4489666
                    2300                      -1.4054511
                    2400                      -1.5499823
                    2500                      -1.4642827
                    2600                      -2.0368159
                    2700                       -2.961975

