Frequency    run_6

                    0.69                      0.57579028
                    0.78                      0.38503129
                    0.87                      0.23603353
                    0.96                      0.22872087
                     1.7                      0.02962764
                     1.8                     0.056123434
                     1.9                     0.050528865
                       2                     0.043075121
                     2.1                     0.050369889
                     2.2                     0.070114744
                     2.3                     0.094082424
                     2.4                      0.10911455
                     2.5                      0.10780545
                     2.6                     0.093561983
                     2.7                     0.072561703
