Frequency    run_3

                    0.69                      0.54308583
                    0.78                      0.34026572
                    0.87                      0.21332874
                    0.96                      0.22086709
                     1.7                     0.033199812
                     1.8                     0.062125409
                     1.9                     0.058241633
                       2                     0.050530569
                     2.1                       0.0562213
                     2.2                     0.071580076
                     2.3                     0.088426535
                     2.4                     0.097523671
                     2.5                     0.095014073
                     2.6                     0.083826983
                     2.7                     0.067601938
