Frequency    run_5

                    0.69                      0.56158614
                    0.78                      0.37165428
                    0.87                      0.22912049
                    0.96                      0.22644892
                     1.7                     0.030711214
                     1.8                     0.057997868
                     1.9                     0.052896488
                       2                     0.045235934
                     2.1                     0.051804106
                     2.2                     0.069831129
                     2.3                     0.091317622
                     2.4                      0.10468871
                     2.5                      0.10358693
                     2.6                     0.090846465
                     2.7                     0.071572092
