        Frequency / GHz                System Tot. Efficiency [AC1]/abs,dB
----------------------------------------------------------------------
                    0.69                      -10.954755
                    0.78                      -14.303681
                    0.87                      -18.768288
                    0.96                      -20.867972
                     1.7                       -13.91981
                     1.8                       -17.80435
                     1.9                      -9.8224235
                       2                      -13.151036
                     2.1                       -15.31234
                     2.2                      -17.211809
                     2.3                      -19.251646
                     2.4                      -17.224486
                     2.5                      -20.064139
                     2.6                      -21.340372
                     2.7                      -22.237399

