Frequency    S2,1_[1170]

                       0                      -211.75122
                  0.0035                      -211.75122
                   0.007                      -211.75122
                  0.0105                      -211.75122
                   0.014                      -209.42624
                  0.0175                      -199.73421
                   0.021                      -191.81257
                  0.0245                      -185.11101
                   0.028                      -179.30092
                  0.0315                      -174.17036
                   0.035                       -169.5748
                  0.0385                      -165.41143
                   0.042                      -161.60465
                  0.0455                      -158.09731
                   0.049                      -154.84519
                  0.0525                      -151.81333
                   0.056                      -148.97353
                  0.0595                      -146.30261
                   0.063                      -143.78121
                  0.0665                      -141.39286
                    0.07                      -139.12349
                  0.0735                      -136.96089
                   0.077                      -134.89448
                  0.0805                      -132.91508
                   0.084                      -131.01475
                  0.0875                      -129.18661
                   0.091                      -127.42478
                  0.0945                      -125.72416
                   0.098                      -124.08034
                  0.1015                      -122.48945
                   0.105                      -120.94802
                  0.1085                      -119.45289
                   0.112                       -118.0011
                  0.1155                      -116.58983
                   0.119                       -115.2164
                  0.1225                      -113.87824
                   0.126                      -112.57294
                  0.1295                      -111.29823
                   0.133                      -110.05207
                  0.1365                      -108.83265
                    0.14                      -107.63835
                  0.1435                      -106.46782
                   0.147                      -105.31988
                  0.1505                       -104.1935
                   0.154                      -103.08773
                  0.1575                      -102.00168
                   0.161                      -100.93448
                  0.1645                      -99.885176
                   0.168                      -98.852826
                  0.1715                      -97.836435
                   0.175                      -96.834999
                  0.1785                      -95.847543
                   0.182                       -94.87315
                  0.1855                      -93.910996
                   0.189                      -92.960369
                  0.1925                      -92.020677
                   0.196                      -91.091435
                  0.1995                      -90.172247
                   0.203                      -89.262765
                  0.2065                      -88.362661
                    0.21                       -87.47158
                  0.2135                      -86.589127
                   0.217                      -85.714849
                  0.2205                      -84.848236
                   0.224                      -83.988743
                  0.2275                      -83.135809
                   0.231                      -82.288897
                  0.2345                      -81.447513
                   0.238                      -80.611243
                  0.2415                      -79.779754
                   0.245                        -78.9528
                  0.2485                      -78.130212
                   0.252                      -77.311865
                  0.2555                      -76.497657
                   0.259                      -75.687488
                  0.2625                      -74.881219
                   0.266                      -74.078678
                  0.2695                      -73.279644
                   0.273                      -72.483873
                  0.2765                      -71.691104
                    0.28                      -70.901106
                  0.2835                      -70.113685
                   0.287                      -69.328731
                  0.2905                      -68.546222
                   0.294                      -67.766248
                  0.2975                      -66.988988
                   0.301                      -66.214724
                  0.3045                        -65.4438
                   0.308                      -64.676628
                  0.3115                      -63.913645
                   0.315                      -63.155329
                  0.3185                      -62.402177
                   0.322                       -61.65473
                  0.3255                      -60.913573
                   0.329                      -60.179369
                  0.3325                      -59.452865
                   0.336                      -58.734923
                  0.3395                      -58.026512
                   0.343                       -57.32871
                  0.3465                      -56.642679
                    0.35                      -55.969641
                  0.3535                       -55.31082
                   0.357                      -54.667401
                  0.3605                      -54.040458
                   0.364                      -53.430919
                  0.3675                      -52.839501
                   0.371                      -52.266677
                  0.3745                      -51.712656
                   0.378                      -51.177367
                  0.3815                      -50.660463
                   0.385                      -50.161334
                  0.3885                      -49.679145
                   0.392                      -49.212847
                  0.3955                      -48.761226
                   0.399                      -48.322925
                  0.4025                      -47.896477
                   0.406                      -47.480332
                  0.4095                      -47.072879
                   0.413                      -46.672457
                  0.4165                       -46.27739
                    0.42                      -45.885987
                  0.4235                      -45.496576
                   0.427                      -45.107522
                  0.4305                      -44.717239
                   0.434                      -44.324218
                  0.4375                      -43.927041
                   0.441                      -43.524392
                  0.4445                      -43.115075
                   0.448                      -42.698005
                  0.4515                      -42.272226
                   0.455                        -41.8369
                  0.4585                      -41.391322
                   0.462                      -40.934902
                  0.4655                      -40.467184
                   0.469                      -39.987846
                  0.4725                      -39.496718
                   0.476                       -38.99379
                  0.4795                       -38.47925
                   0.483                      -37.953493
                  0.4865                      -37.417183
                    0.49                      -36.871248
                  0.4935                      -36.316958
                   0.497                      -35.755926
                  0.5005                      -35.190122
                   0.504                      -34.621872
                  0.5075                      -34.053781
                   0.511                      -33.488669
                  0.5145                       -32.92944
                   0.518                      -32.378894
                  0.5215                      -31.839543
                   0.525                       -31.31344
                  0.5285                      -30.801994
                   0.532                      -30.305852
                  0.5355                      -29.824901
                   0.539                       -29.35823
                  0.5425                       -28.90432
                   0.546                      -28.461109
                  0.5495                      -28.026183
                   0.553                      -27.596897
                  0.5565                      -27.170512
                    0.56                      -26.744212
                  0.5635                      -26.315087
                   0.567                      -25.880207
                  0.5705                      -25.436531
                   0.574                       -24.98088
                  0.5775                      -24.509978
                   0.581                      -24.020508
                  0.5845                      -23.509134
                   0.588                      -22.972591
                  0.5915                       -22.40779
                   0.595                      -21.811843
                  0.5985                      -21.182205
                   0.602                      -20.516638
                  0.6055                       -19.81329
                   0.609                      -19.070701
                  0.6125                       -18.28814
                   0.616                      -17.466027
                  0.6195                      -16.607044
                   0.623                      -15.718169
                  0.6265                       -14.81433
                    0.63                      -13.923785
                  0.6335                      -13.094807
                   0.637                      -12.399682
                  0.6405                      -11.926687
                   0.644                      -11.751222
                  0.6475                      -11.897029
                   0.651                      -12.320957
                  0.6545                      -12.937996
                   0.658                       -13.66045
                  0.6615                      -14.421488
                   0.665                      -15.178836
                  0.6685                      -15.909607
                   0.672                      -16.603593
                  0.6755                      -17.258003
                   0.679                      -17.874017
                  0.6825                      -18.454645
                   0.686                      -19.003488
                  0.6895                      -19.524074
                   0.693                       -20.01944
                  0.6965                      -20.492022
                     0.7                      -20.943686
                  0.7035                      -21.375879
                   0.707                      -21.789784
                  0.7105                      -22.186402
                   0.714                      -22.566787
                  0.7175                      -22.932096
                   0.721                      -23.283675
                  0.7245                      -23.622917
                   0.728                      -23.951375
                  0.7315                      -24.270523
                   0.735                      -24.581754
                  0.7385                      -24.886183
                   0.742                      -25.184615
                  0.7455                      -25.477512
                   0.749                      -25.765002
                  0.7525                      -26.046872
                   0.756                      -26.322715
                  0.7595                      -26.592048
                   0.763                        -26.8544
                  0.7665                      -27.109404
                    0.77                      -27.356909
                  0.7735                      -27.597012
                   0.777                      -27.830026
                  0.7805                      -28.056451
                   0.784                      -28.276878
                  0.7875                      -28.491923
                   0.791                      -28.702082
                  0.7945                      -28.907682
                   0.798                      -29.108812
                  0.8015                      -29.305344
                   0.805                      -29.496942
                  0.8085                      -29.683126
                   0.812                      -29.863384
                  0.8155                      -30.037282
                   0.819                      -30.204544
                  0.8225                       -30.36514
                   0.826                      -30.519285
                  0.8295                      -30.667486
                   0.833                      -30.810453
                  0.8365                      -30.949014
                    0.84                      -31.084027
                  0.8435                       -31.21627
                   0.847                      -31.346354
                  0.8505                      -31.474655
                   0.854                        -31.6013
                  0.8575                      -31.726217
                   0.861                      -31.849179
                  0.8645                      -31.969904
                   0.868                      -32.088167
                  0.8715                      -32.203924
                   0.875                      -32.317384
                  0.8785                      -32.429052
                   0.882                      -32.539734
                  0.8855                      -32.650525
                   0.889                      -32.762706
                  0.8925                      -32.877653
                   0.896                      -32.996714
                  0.8995                       -33.12114
                   0.903                      -33.252004
                  0.9065                      -33.390177
                    0.91                      -33.536329
                  0.9135                      -33.691057
                   0.917                      -33.854955
                  0.9205                      -34.028782
                   0.924                      -34.213604
                  0.9275                      -34.410999
                   0.931                      -34.623194
                  0.9345                      -34.853195
                   0.938                      -35.104871
                  0.9415                      -35.383114
                   0.945                      -35.693878
                  0.9485                      -36.044309
                   0.952                      -36.442891
                  0.9555                      -36.899812
                   0.959                      -37.427389
                  0.9625                      -38.040788
                   0.966                       -38.75908
                  0.9695                      -39.606931
                   0.973                      -40.616754
                  0.9765                      -41.831291
                    0.98                       -43.30443
                  0.9835                      -45.089241
                   0.987                      -47.158939
                  0.9905                      -49.069417
                   0.994                      -49.467757
                  0.9975                      -47.761463
                   1.001                      -45.330211
                  1.0045                      -43.067524
                   1.008                      -41.141582
                  1.0115                      -39.524817
                   1.015                       -38.16567
                  1.0185                      -37.021466
                   1.022                      -36.061756
                  1.0255                      -35.266471
                   1.029                      -34.623576
                  1.0325                      -34.127268
                   1.036                       -33.77558
                  1.0395                      -33.567799
                   1.043                      -33.501161
                  1.0465                      -33.567232
                    1.05                      -33.749016
                  1.0535                      -34.019863
                   1.057                      -34.345085
                  1.0605                      -34.685923
                   1.064                      -35.005289
                  1.0675                      -35.273316
                   1.071                      -35.471133
                  1.0745                      -35.591898
                   1.078                      -35.639017
                  1.0815                      -35.622675
                   1.085                       -35.55618
                  1.0885                      -35.453108
                   1.092                       -35.32556
                  1.0955                      -35.183405
                   1.099                       -35.03417
                  1.1025                       -34.88326
                   1.106                      -34.734289
                  1.1095                      -34.589467
                   1.113                      -34.449907
                  1.1165                      -34.315978
                    1.12                      -34.187516
                  1.1235                      -34.064043
                   1.127                      -33.944989
                  1.1305                      -33.829772
                   1.134                      -33.717939
                  1.1375                      -33.609208
                   1.141                      -33.503447
                  1.1445                      -33.400682
                   1.148                      -33.301024
                  1.1515                      -33.204582
                   1.155                       -33.11142
                  1.1585                      -33.021477
                   1.162                      -32.934563
                  1.1655                      -32.850322
                   1.169                      -32.768282
                  1.1725                      -32.687898
                   1.176                      -32.608612
                  1.1795                      -32.529918
                   1.183                       -32.45143
                  1.1865                      -32.372907
                    1.19                      -32.294291
                  1.1935                      -32.215661
                   1.197                      -32.137196
                  1.2005                      -32.059136
                   1.204                      -31.981675
                  1.2075                      -31.904932
                   1.211                      -31.828887
                  1.2145                      -31.753373
                   1.218                      -31.678095
                  1.2215                      -31.602657
                   1.225                      -31.526617
                  1.2285                      -31.449581
                   1.232                      -31.371248
                  1.2355                      -31.291463
                   1.239                      -31.210251
                  1.2425                      -31.127798
                   1.246                      -31.044425
                  1.2495                      -30.960507
                   1.253                      -30.876401
                  1.2565                      -30.792385
                    1.26                      -30.708586
                  1.2635                      -30.624942
                   1.267                      -30.541227
                  1.2705                      -30.457056
                   1.274                      -30.371985
                  1.2775                       -30.28556
                   1.281                      -30.197409
                  1.2845                      -30.107328
                   1.288                      -30.015315
                  1.2915                       -29.92157
                   1.295                      -29.826495
                  1.2985                       -29.73059
                   1.302                      -29.634402
                  1.3055                        -29.5384
                   1.309                      -29.442894
                  1.3125                      -29.347997
                   1.316                      -29.253582
                  1.3195                        -29.1593
                   1.323                      -29.064654
                  1.3265                      -28.969067
                    1.33                      -28.872013
                  1.3335                       -28.77309
                   1.337                      -28.672114
                  1.3405                      -28.569173
                   1.344                      -28.464611
                  1.3475                      -28.358977
                   1.351                      -28.252944
                  1.3545                      -28.147181
                   1.358                      -28.042249
                  1.3615                       -27.93849
                   1.365                      -27.835958
                  1.3685                      -27.734424
                   1.372                      -27.633386
                  1.3755                      -27.532155
                   1.379                       -27.42998
                  1.3825                      -27.326161
                   1.386                      -27.220199
                  1.3895                      -27.111885
                   1.393                       -27.00134
                  1.3965                      -26.889037
                     1.4                      -26.775702
                  1.4035                      -26.662203
                   1.407                      -26.549406
                  1.4105                      -26.438011
                   1.414                      -26.328447
                  1.4175                      -26.220769
                   1.421                       -26.11464
                  1.4245                      -26.009385
                   1.428                      -25.904079
                  1.4315                      -25.797694
                   1.435                      -25.689291
                  1.4385                      -25.578178
                   1.442                      -25.464083
                  1.4455                      -25.347209
                   1.449                      -25.228234
                  1.4525                      -25.108259
                   1.456                      -24.988607
                  1.4595                      -24.870656
                   1.463                      -24.755624
                  1.4665                      -24.644377
                    1.47                      -24.537331
                  1.4735                       -24.43439
                   1.477                      -24.334998
                  1.4805                      -24.238278
                   1.484                      -24.143246
                  1.4875                      -24.049116
                   1.491                      -23.955613
                  1.4945                       -23.86328
                   1.498                      -23.773741
                  1.5015                      -23.689825
                   1.505                      -23.615582
                  1.5085                      -23.556196
                   1.512                      -23.517801
                  1.5155                      -23.507296
                   1.519                      -23.532175
                  1.5225                       -23.60042
                   1.526                      -23.720422
                  1.5295                      -23.900959
                   1.533                      -24.151169
                  1.5365                      -24.480273
                    1.54                        -24.8973
                  1.5435                      -25.410185
                   1.547                      -26.024499
                  1.5505                       -26.74157
                   1.554                      -27.555433
                  1.5575                      -28.449227
                   1.561                       -29.39057
                  1.5645                      -30.326867
                   1.568                      -31.185395
                  1.5715                      -31.883254
                   1.575                       -32.35246
                  1.5785                      -32.568969
                   1.582                      -32.562079
                  1.5855                      -32.395434
                   1.589                      -32.137476
                  1.5925                      -31.842462
                   1.596                      -31.545365
                  1.5995                      -31.264691
                   1.603                      -31.007148
                  1.6065                      -30.771754
                    1.61                      -30.553131
                  1.6135                       -30.34392
                   1.617                       -30.13679
                  1.6205                      -29.926107
                   1.624                      -29.708907
                  1.6275                      -29.485318
                   1.631                      -29.258178
                  1.6345                       -29.03206
                   1.638                      -28.812177
                  1.6415                      -28.603151
                   1.645                      -28.408224
                  1.6485                      -28.228745
                   1.652                      -28.063953
                  1.6555                      -27.911151
                   1.659                       -27.76608
                  1.6625                      -27.623469
                   1.666                      -27.477826
                  1.6695                      -27.324187
                   1.673                      -27.158877
                  1.6765                      -26.979991
                    1.68                      -26.787487
                  1.6835                      -26.582986
                   1.687                      -26.369197
                  1.6905                      -26.149229
                   1.694                      -25.926011
                  1.6975                      -25.701765
                   1.701                      -25.477839
                  1.7045                      -25.254775
                   1.708                      -25.032453
                  1.7115                      -24.810558
                   1.715                      -24.588936
                  1.7185                      -24.367937
                   1.722                      -24.148728
                  1.7255                      -23.933249
                   1.729                      -23.724173
                  1.7325                      -23.524656
                   1.736                      -23.337947
                  1.7395                      -23.167141
                   1.743                      -23.014868
                  1.7465                      -22.883117
                    1.75                      -22.773161
                  1.7535                      -22.685497
                   1.757                      -22.619923
                  1.7605                       -22.57561
                   1.764                      -22.551209
                  1.7675                      -22.545003
                   1.771                      -22.555066
                  1.7745                      -22.579418
                   1.778                      -22.616173
                  1.7815                      -22.663684
                   1.785                      -22.720607
                  1.7885                      -22.785932
                   1.792                      -22.858979
                  1.7955                      -22.939288
                   1.799                      -23.026535
                  1.8025                      -23.120373
                   1.806                        -23.2203
                  1.8095                      -23.325591
                   1.813                      -23.435199
                  1.8165                      -23.547748
                    1.82                      -23.661637
                  1.8235                      -23.775108
                   1.827                      -23.886444
                  1.8305                      -23.994134
                   1.834                      -24.097026
                  1.8375                      -24.194487
                   1.841                      -24.286409
                  1.8445                      -24.373169
                   1.848                       -24.45554
                  1.8515                      -24.534469
                   1.855                      -24.610905
                  1.8585                      -24.685575
                   1.862                      -24.758837
                  1.8655                      -24.830608
                   1.869                      -24.900343
                  1.8725                      -24.967111
                   1.876                      -25.029789
                  1.8795                      -25.087227
                   1.883                      -25.138501
                  1.8865                      -25.183084
                    1.89                      -25.220965
                  1.8935                      -25.252695
                   1.897                       -25.27929
                  1.9005                      -25.302078
                   1.904                      -25.322486
                  1.9075                      -25.341805
                   1.911                      -25.360994
                  1.9145                      -25.380534
                   1.918                       -25.40036
                  1.9215                      -25.419919
                   1.925                      -25.438266
                  1.9285                      -25.454267
                   1.932                      -25.466832
                  1.9355                       -25.47513
                   1.939                      -25.478777
                  1.9425                      -25.477927
                   1.946                      -25.473261
                  1.9495                      -25.465898
                   1.953                      -25.457193
                  1.9565                       -25.44852
                    1.96                      -25.441047
                  1.9635                      -25.435549
                   1.967                       -25.43229
                  1.9705                      -25.430987
                   1.974                      -25.430877
                  1.9775                      -25.430868
                   1.981                      -25.429729
                  1.9845                      -25.426333
                   1.988                      -25.419873
                  1.9915                      -25.410018
                   1.995                      -25.396987
                  1.9985                      -25.381512
                   2.002                       -25.36472
                  2.0055                      -25.347924
                   2.009                      -25.332399
                  2.0125                      -25.319177
                   2.016                      -25.308854
                  2.0195                      -25.301499
                   2.023                      -25.296654
                  2.0265                      -25.293407
                    2.03                      -25.290553
                  2.0335                      -25.286818
                   2.037                      -25.281088
                  2.0405                      -25.272605
                   2.044                      -25.261127
                  2.0475                      -25.246964
                   2.051                      -25.230928
                  2.0545                      -25.214175
                   2.058                      -25.198018
                  2.0615                      -25.183668
                   2.065                      -25.172049
                  2.0685                      -25.163619
                   2.072                      -25.158292
                  2.0755                      -25.155467
                   2.079                      -25.154114
                  2.0825                       -25.15296
                   2.086                      -25.150713
                  2.0895                        -25.1463
                   2.093                       -25.13905
                  2.0965                       -25.12884
                     2.1                      -25.116101
                  2.1035                      -25.101745
                   2.107                      -25.086992
                  2.1105                      -25.073159
                   2.114                      -25.061415
                  2.1175                      -25.052581
                   2.121                      -25.046984
                  2.1245                      -25.044398
                   2.128                      -25.044074
                  2.1315                      -25.044887
                   2.135                      -25.045507
                  2.1385                      -25.044654
                   2.142                       -25.04132
                  2.1455                      -25.034954
                   2.149                      -25.025572
                  2.1525                      -25.013749
                   2.156                       -25.00051
                  2.1595                      -24.987142
                   2.163                      -24.974965
                  2.1665                      -24.965093
                    2.17                      -24.958238
                  2.1735                      -24.954584
                   2.177                      -24.953752
                  2.1805                      -24.954865
                   2.184                        -24.9567
                  2.1875                      -24.957903
                   2.191                      -24.957223
                  2.1945                      -24.953753
                   2.198                      -24.947087
                  2.2015                      -24.937402
                   2.205                      -24.925423
                  2.2085                      -24.912284
                   2.212                      -24.899333
                  2.2155                      -24.887868
                   2.219                      -24.878928
                  2.2225                      -24.873094
                   2.226                      -24.870396
                  2.2295                      -24.870303
                   2.233                      -24.871817
                  2.2365                      -24.873643
                    2.24                       -24.87442
                  2.2435                      -24.872972
                   2.247                      -24.868511
                  2.2505                      -24.860797
                   2.254                      -24.850177
                  2.2575                      -24.837521
                   2.261                      -24.824054
                  2.2645                      -24.811148
                   2.268                      -24.800066
                  2.2715                      -24.791731
                   2.275                      -24.786585
                  2.2785                      -24.784499
                   2.282                      -24.784798
                  2.2855                      -24.786376
                   2.289                      -24.787897
                  2.2925                       -24.78803
                   2.296                      -24.785687
                  2.2995                      -24.780234
                   2.303                      -24.771591
                  2.3065                      -24.760271
                    2.31                      -24.747261
                  2.3135                      -24.733855
                   2.317                      -24.721418
                  2.3205                      -24.711132
                   2.324                      -24.703807
                  2.3275                      -24.699724
                   2.331                      -24.698601
                  2.3345                      -24.699631
                   2.338                      -24.701637
                  2.3415                      -24.703264
                   2.345                      -24.703231
                  2.3485                      -24.700568
                   2.352                      -24.694786
                  2.3555                      -24.685969
                   2.359                      -24.674767
                  2.3625                      -24.662261
                   2.366                      -24.649777
                  2.3695                      -24.638637
                   2.373                       -24.62994
                  2.3765                      -24.624352
                    2.38                      -24.622012
                  2.3835                      -24.622487
                   2.387                      -24.624869
                  2.3905                      -24.627928
                   2.394                      -24.630319
                  2.3975                      -24.630833
                   2.401                      -24.628622
                  2.4045                      -24.623338
                   2.408                      -24.615213
                  2.4115                      -24.605005
                   2.415                      -24.593865
                  2.4185                      -24.583118
                   2.422                       -24.57404
                  2.4255                       -24.56761
                   2.429                      -24.564375
                  2.4325                      -24.564324
                   2.436                      -24.566912
                  2.4395                      -24.571147
                   2.443                       -24.57577
                  2.4465                      -24.579465
                    2.45                      -24.581112
                  2.4535                      -24.579973
                   2.457                      -24.575843
                  2.4605                      -24.569073
                   2.464                      -24.560513
                  2.4675                      -24.551354
                   2.471                      -24.542908
                  2.4745                      -24.536381
                   2.478                      -24.532658
                  2.4815                      -24.532151
                   2.485                      -24.534732
                  2.4885                      -24.539759
                   2.492                      -24.546184
                  2.4955                      -24.552734
                   2.499                      -24.558141
                  2.5025                      -24.561367
                   2.506                      -24.561795
                  2.5095                      -24.559331
                   2.513                      -24.554435
                  2.5165                      -24.548029
                    2.52                      -24.541321
                  2.5235                      -24.535602
                   2.527                      -24.532008
                  2.5305                      -24.531325
                   2.534                      -24.533857
                  2.5375                      -24.539377
                   2.541                      -24.547161
                  2.5445                      -24.556121
                   2.548                      -24.564991
                  2.5515                      -24.572553
                   2.555                       -24.57785
                  2.5585                      -24.580365
                   2.562                      -24.580111
                  2.5655                      -24.577629
                   2.569                      -24.573894
                  2.5725                      -24.570127
                   2.576                      -24.567586
                  2.5795                      -24.567342
                   2.583                      -24.570095
                  2.5865                      -24.576054
                    2.59                      -24.584904
                  2.5935                      -24.595867
                   2.597                      -24.607824
                  2.6005                      -24.619519
                   2.604                      -24.629779
                  2.6075                      -24.637721
                   2.611                      -24.642914
                  2.6145                      -24.645456
                   2.618                      -24.645958
                  2.6215                      -24.645431
                   2.625                      -24.645104
                  2.6285                      -24.646203
                   2.632                      -24.649743
                  2.6355                      -24.656348
                   2.639                      -24.666148
                  2.6425                       -24.67876
                   2.646                       -24.69335
                  2.6495                       -24.70878
                   2.653                      -24.723805
                  2.6565                      -24.737283
                    2.66                      -24.748396
                  2.6635                       -24.75678
                   2.667                      -24.762608
                  2.6705                      -24.766545
                   2.674                      -24.769632
                  2.6775                      -24.773106
                   2.681                       -24.77817
                  2.6845                       -24.78579
                   2.688                      -24.796529
                  2.6915                      -24.810454
                   2.695                      -24.827117
                  2.6985                      -24.845639
                   2.702                      -24.864859
                  2.7055                      -24.883533
                   2.709                      -24.900546
                  2.7125                      -24.915124
                   2.716                      -24.926964
                  2.7195                      -24.936292
                   2.723                      -24.943832
                  2.7265                      -24.950655
                    2.73                       -24.95801
                  2.7335                      -24.967084
                   2.737                      -24.978812
                  2.7405                      -24.993706
                   2.744                      -25.011773
                  2.7475                      -25.032514
                   2.751                      -25.055002
                  2.7545                      -25.078044
                   2.758                      -25.100383
                  2.7615                      -25.120929
                   2.765                      -25.138931
                  2.7685                      -25.154141
                   2.772                       -25.16684
                  2.7755                      -25.177801
                   2.779                      -25.188141
                  2.7825                      -25.199123
                   2.786                      -25.211939
                  2.7895                      -25.227496
                   2.793                      -25.246272
                  2.7965                      -25.268211
                     2.8                      -25.292764
                  2.8035                      -25.318952
                   2.807                      -25.345538
                  2.8105                      -25.371249
                   2.814                      -25.394987
                  2.8175                      -25.416041
                   2.821                        -25.4342
                  2.8245                      -25.449803
                   2.828                      -25.463682
                  2.8315                      -25.477003
                   2.835                      -25.491064
                  2.8385                      -25.507068
                   2.842                      -25.525911
                  2.8455                      -25.548025
                   2.849                      -25.573311
                  2.8525                      -25.601146
                   2.856                      -25.630492
                  2.8595                      -25.660059
                   2.863                      -25.688541
                  2.8665                      -25.714835
                    2.87                      -25.738243
                  2.8735                      -25.758609
                   2.877                      -25.776336
                  2.8805                      -25.792321
                   2.884                      -25.807794
                  2.8875                      -25.824102
                   2.891                      -25.842461
                  2.8945                      -25.863758
                   2.898                      -25.888392
                  2.9015                      -25.916193
                   2.905                      -25.946466
                  2.9085                      -25.978093
                   2.912                      -26.009716
                  2.9155                      -26.039986
                   2.919                      -26.067786
                  2.9225                       -26.09244
                   2.926                      -26.113842
                  2.9295                      -26.132475
                   2.933                      -26.149313
                  2.9365                      -26.165673
                    2.94                      -26.182946
                  2.9435                      -26.202373
                   2.947                      -26.224828
                  2.9505                      -26.250657
                   2.954                      -26.279621
                  2.9575                      -26.310925
                   2.961                      -26.343353
                  2.9645                      -26.375473
                   2.968                      -26.405876
                  2.9715                      -26.433437
                   2.975                      -26.457509
                  2.9785                       -26.47805
                   2.982                      -26.495636
                  2.9855                      -26.511349
                   2.989                       -26.52658
                  2.9925                      -26.542785
                   2.996                      -26.561228
                  2.9995                      -26.582754
                   3.003                      -26.607642
                  3.0065                      -26.635562
                    3.01                      -26.665607
                  3.0135                      -26.696449
                   3.017                      -26.726563
                  3.0205                      -26.754502
                   3.024                      -26.779134
                  3.0275                      -26.799864
                   3.031                      -26.816739
                  3.0345                      -26.830449
                   3.038                       -26.84219
                  3.0415                       -26.85345
                   3.045                      -26.865745
                  3.0485                      -26.880344
                   3.052                      -26.898054
                  3.0555                      -26.919074
                   3.059                      -26.942954
                  3.0625                      -26.968668
                   3.066                      -26.994783
                  3.0695                      -27.019694
                   3.073                      -27.041917
                  3.0765                      -27.060355
                    3.08                      -27.074491
                  3.0835                      -27.084491
                   3.087                      -27.091176
                  3.0905                      -27.095869
                   3.094                      -27.100152
                  3.0975                      -27.105583
                   3.101                      -27.113433
                  3.1045                      -27.124445
                   3.108                      -27.138721
                  3.1115                       -27.15569
                   3.115                      -27.174211
                  3.1185                      -27.192755
                   3.122                      -27.209668
                  3.1255                      -27.223471
                   3.129                      -27.233122
                  3.1325                      -27.238212
                   3.136                      -27.239044
                  3.1395                      -27.236576
                   3.143                      -27.232246
                  3.1465                      -27.227716
                    3.15                      -27.224572
                  3.1535                      -27.224044
                   3.157                      -27.226812
                  3.1605                      -27.232869
                   3.164                      -27.241539
                  3.1675                      -27.251576
                   3.171                      -27.261384
                  3.1745                      -27.269291
                   3.178                      -27.273847
                  3.1815                      -27.274089
                   3.185                      -27.269723
                  3.1885                      -27.261175
                   3.192                      -27.249526
                  3.1955                        -27.2363
                   3.199                      -27.223204
                  3.2025                       -27.21182
                   3.206                      -27.203338
                  3.2095                      -27.198353
                   3.213                      -27.196768
                  3.2165                       -27.19781
                    3.22                      -27.200162
                  3.2235                      -27.202183
                   3.227                      -27.202199
                  3.2305                      -27.198802
                   3.234                        -27.1911
                  3.2375                      -27.178893
                   3.241                      -27.162709
                  3.2445                      -27.143703
                   3.248                      -27.123455
                  3.2515                      -27.103691
                   3.255                      -27.085972
                  3.2585                      -27.071443
                   3.262                      -27.060629
                  3.2655                      -27.053362
                   3.269                        -27.0488
                  3.2725                      -27.045574
                   3.276                      -27.042022
                  3.2795                       -27.03647
                   3.283                      -27.027541
                  3.2865                      -27.014395
                    3.29                      -26.996891
                  3.2935                      -26.975616
                   3.297                      -26.951773
                  3.3005                       -26.92697
                   3.304                      -26.902937
                  3.3075                      -26.881225
                   3.311                      -26.862945
                  3.3145                      -26.848591
                   3.318                      -26.837944
                  3.3215                      -26.830131
                   3.325                       -26.82376
                  3.3285                      -26.817151
                   3.332                      -26.808633
                  3.3355                      -26.796838
                   3.339                      -26.780949
                  3.3425                      -26.760851
                   3.346                      -26.737152
                  3.3495                      -26.711086
                   3.353                       -26.68428
                  3.3565                      -26.658478
                    3.36                      -26.635241
                  3.3635                      -26.615692
                   3.367                      -26.600328
                  3.3705                      -26.588941
                   3.374                      -26.580661
                  3.3775                      -26.574094
                   3.381                       -26.56756
                  3.3845                      -26.559384
                   3.388                      -26.548188
                  3.3915                      -26.533146
                   3.395                      -26.514132
                  3.3985                       -26.49176
                   3.402                      -26.467268
                  3.4055                      -26.442317
                   3.409                      -26.418697
                  3.4125                      -26.398028
                   3.416                      -26.381508
                  3.4195                      -26.369713
                   3.423                      -26.362516
                  3.4265                      -26.359114
                    3.43                       -26.35816
                  3.4335                      -26.357998
                   3.437                      -26.356948
                  3.4405                      -26.353608
                   3.444                      -26.347106
                  3.4475                      -26.337285
                   3.451                      -26.324736
                  3.4545                      -26.310722
                   3.458                      -26.296967
                  3.4615                      -26.285384
                   3.465                      -26.277769
                  3.4685                      -26.275526
                   3.472                      -26.279466
                  3.4755                      -26.289693
                   3.479                      -26.305615
                  3.4825                      -26.326054
                   3.486                       -26.34947
                  3.4895                      -26.374229
                   3.493                      -26.398923
                  3.4965                      -26.422654
                     3.5                      -26.445235
