Frequency    S2,1_[1175]

                       0                      -212.41329
                  0.0035                      -212.41329
                   0.007                      -212.41329
                  0.0105                      -212.41329
                   0.014                       -209.4257
                  0.0175                      -199.73337
                   0.021                      -191.81135
                  0.0245                      -185.10936
                   0.028                      -179.29877
                  0.0315                      -174.16763
                   0.035                      -169.57143
                  0.0385                      -165.40735
                   0.042                      -161.59978
                  0.0455                      -158.09159
                   0.049                      -154.83856
                  0.0525                      -151.80571
                   0.056                      -148.96485
                  0.0595                       -146.2928
                   0.063                      -143.77019
                  0.0665                      -141.38057
                    0.07                      -139.10985
                  0.0735                      -136.94583
                   0.077                      -134.87792
                  0.0805                      -132.89695
                   0.084                      -130.99497
                  0.0875                      -129.16511
                   0.091                      -127.40148
                  0.0945                      -125.69898
                   0.098                       -124.0532
                  0.1015                      -122.46027
                   0.105                      -120.91672
                  0.1085                      -119.41939
                   0.112                      -117.96531
                  0.1155                      -116.55167
                   0.119                      -115.17578
                  0.1225                      -113.83508
                   0.126                      -112.52715
                  0.1295                      -111.24972
                   0.133                      -110.00075
                  0.1365                      -108.77841
                    0.14                      -107.58111
                  0.1435                      -106.40748
                   0.147                      -105.25634
                  0.1505                      -104.12666
                   0.154                      -103.01749
                  0.1575                      -101.92794
                   0.161                      -100.85712
                  0.1645                      -99.804095
                   0.168                      -98.767911
                  0.1715                      -97.747571
                   0.175                       -96.74207
                  0.1785                       -95.75043
                   0.182                       -94.77173
                  0.1855                      -93.805143
                   0.189                      -92.849954
                  0.1925                      -91.905569
                   0.196                      -90.971498
                  0.1995                      -90.047341
                   0.203                      -89.132746
                  0.2065                      -88.227382
                    0.21                      -87.330889
                  0.2135                      -86.442868
                   0.217                      -85.562861
                  0.2205                      -84.690353
                   0.224                      -83.824794
                  0.2275                      -82.965618
                   0.231                      -82.112281
                  0.2345                      -81.264284
                   0.238                      -80.421207
                  0.2415                      -79.582709
                   0.245                      -78.748538
                  0.2485                      -77.918516
                   0.252                      -77.092512
                  0.2555                      -76.270416
                   0.259                       -75.45212
                  0.2625                      -74.637475
                   0.266                      -73.826302
                  0.2695                      -73.018371
                   0.273                      -72.213429
                  0.2765                      -71.411205
                    0.28                      -70.611459
                  0.2835                      -69.813988
                   0.287                      -69.018674
                  0.2905                      -68.225482
                   0.294                      -67.434498
                  0.2975                       -66.64589
                   0.301                      -65.859935
                  0.3045                      -65.076969
                   0.308                      -64.297403
                  0.3115                       -63.52167
                   0.315                      -62.750251
                  0.3185                      -61.983648
                   0.322                       -61.22241
                  0.3255                      -60.467134
                   0.329                      -59.718502
                  0.3325                      -58.977281
                   0.336                      -58.244361
                  0.3395                       -57.52074
                   0.343                      -56.807534
                  0.3465                      -56.105942
                    0.35                      -55.417228
                  0.3535                      -54.742657
                   0.357                      -54.083456
                  0.3605                      -53.440737
                   0.364                       -52.81546
                  0.3675                      -52.208362
                   0.371                      -51.619932
                  0.3745                      -51.050371
                   0.378                      -50.499593
                  0.3815                      -49.967214
                   0.385                      -49.452574
                  0.3885                      -48.954775
                   0.392                      -48.472693
                  0.3955                      -48.005032
                   0.399                      -47.550354
                  0.4025                      -47.107107
                   0.406                      -46.673664
                  0.4095                      -46.248346
                   0.413                       -45.82943
                  0.4165                      -45.415194
                    0.42                      -45.003912
                  0.4235                      -44.593891
                   0.427                      -44.183492
                  0.4305                      -43.771138
                   0.434                      -43.355352
                  0.4375                      -42.934765
                   0.441                      -42.508138
                  0.4445                       -42.07438
                   0.448                      -41.632548
                  0.4515                      -41.181877
                   0.455                      -40.721769
                  0.4585                      -40.251824
                   0.462                      -39.771832
                  0.4655                      -39.281798
                   0.469                      -38.781963
                  0.4725                      -38.272816
                   0.476                      -37.755122
                  0.4795                      -37.229952
                   0.483                      -36.698693
                  0.4865                      -36.163098
                    0.49                      -35.625251
                  0.4935                      -35.087605
                   0.497                      -34.552926
                  0.5005                      -34.024217
                   0.504                      -33.504617
                  0.5075                      -32.997205
                   0.511                      -32.504819
                  0.5145                      -32.029816
                   0.518                      -31.573835
                  0.5215                      -31.137622
                   0.525                      -30.720927
                  0.5285                      -30.322492
                   0.532                       -29.94014
                  0.5355                      -29.570994
                   0.539                      -29.211668
                  0.5425                      -28.858584
                   0.546                      -28.508143
                  0.5495                       -28.15693
                   0.553                      -27.801792
                  0.5565                      -27.439911
                    0.56                      -27.068713
                  0.5635                       -26.68579
                   0.567                      -26.288865
                  0.5705                       -25.87565
                   0.574                      -25.443764
                  0.5775                      -24.990743
                   0.581                      -24.514064
                  0.5845                      -24.011157
                   0.588                      -23.479485
                  0.5915                      -22.916652
                   0.595                       -22.32043
                  0.5985                      -21.688913
                   0.602                      -21.020498
                  0.6055                      -20.313989
                   0.609                      -19.568632
                  0.6125                      -18.784502
                   0.616                      -17.962973
                  0.6195                      -17.107888
                   0.623                      -16.227611
                  0.6265                      -15.338605
                    0.63                      -14.470407
                  0.6335                      -13.671321
                   0.637                      -13.010699
                  0.6405                      -12.569538
                   0.644                      -12.413292
                  0.6475                      -12.558881
                   0.651                      -12.964107
                  0.6545                      -13.550774
                   0.658                       -14.23857
                  0.6615                      -14.965569
                   0.665                      -15.691815
                  0.6685                      -16.395098
                   0.672                      -17.065093
                  0.6755                      -17.698606
                   0.679                      -18.296358
                  0.6825                       -18.86094
                   0.686                      -19.395595
                  0.6895                      -19.903558
                   0.693                      -20.387621
                  0.6965                      -20.850006
                     0.7                      -21.292393
                  0.7035                       -21.71605
                   0.707                      -22.121998
                  0.7105                      -22.511081
                   0.714                      -22.884204
                  0.7175                      -23.242389
                   0.721                      -23.586858
                  0.7245                      -23.918894
                   0.728                      -24.239957
                  0.7315                      -24.551447
                   0.735                      -24.854695
                  0.7385                      -25.150766
                   0.742                      -25.440429
                  0.7455                      -25.724113
                   0.749                      -26.001921
                  0.7525                      -26.273615
                   0.756                      -26.538766
                  0.7595                      -26.796868
                   0.763                      -27.047428
                  0.7665                      -27.290062
                    0.77                      -27.524605
                  0.7735                      -27.751146
                   0.777                      -27.969995
                  0.7805                      -28.181658
                   0.784                      -28.386739
                  0.7875                      -28.585871
                   0.791                      -28.779571
                  0.7945                      -28.968191
                   0.798                      -29.151844
                  0.8015                      -29.330421
                   0.805                      -29.503602
                  0.8085                      -29.670923
                   0.812                      -29.831875
                  0.8155                      -29.986031
                   0.819                      -30.133113
                  0.8225                      -30.273091
                   0.826                      -30.406179
                  0.8295                      -30.532887
                   0.833                       -30.65393
                  0.8365                      -30.770141
                    0.84                      -30.882391
                  0.8435                       -30.99147
                   0.847                      -31.098001
                  0.8505                      -31.202375
                   0.854                      -31.304728
                  0.8575                      -31.404996
                   0.861                      -31.502957
                  0.8645                      -31.598331
                   0.868                      -31.690895
                  0.8715                      -31.780604
                   0.875                      -31.867672
                  0.8785                      -31.952612
                   0.882                       -32.03625
                  0.8855                      -32.119703
                   0.889                      -32.204295
                  0.8925                      -32.291452
                   0.896                      -32.382591
                  0.8995                      -32.479048
                   0.903                      -32.581997
                  0.9065                      -32.692428
                    0.91                      -32.811156
                  0.9135                      -32.938945
                   0.917                      -33.076589
                  0.9205                      -33.225081
                   0.924                      -33.385769
                  0.9275                      -33.560565
                   0.931                      -33.752092
                  0.9345                      -33.963829
                   0.938                      -34.200207
                  0.9415                      -34.466769
                   0.945                      -34.770225
                  0.9485                      -35.118583
                   0.952                      -35.521289
                  0.9555                      -35.989583
                   0.959                      -36.536897
                  0.9625                      -37.179534
                   0.966                      -37.937669
                  0.9695                      -38.836964
                   0.973                      -39.910624
                  0.9765                      -41.201873
                    0.98                       -42.76466
                  0.9835                      -44.651603
                   0.987                      -46.834868
                  0.9905                      -48.868671
                   0.994                      -49.397814
                  0.9975                      -47.827017
                   1.001                      -45.532815
                  1.0045                      -43.405425
                   1.008                      -41.609787
                  1.0115                      -40.115388
                   1.015                      -38.868183
                  1.0185                      -37.823608
                   1.022                      -36.949979
                  1.0255                      -36.226644
                   1.029                      -35.641584
                  1.0325                      -35.189504
                   1.036                       -34.86934
                  1.0395                      -34.681567
                   1.043                      -34.624775
                  1.0465                      -34.691954
                    1.05                      -34.867497
                  1.0535                      -35.126034
                   1.057                      -35.433985
                  1.0605                      -35.753524
                   1.064                      -36.048317
                  1.0675                      -36.289111
                   1.071                      -36.457537
                  1.0745                      -36.547171
                   1.078                      -36.561774
                  1.0815                      -36.511839
                   1.085                      -36.410942
                  1.0885                      -36.272902
                   1.092                      -36.110026
                  1.0955                      -35.932367
                   1.099                      -35.747607
                  1.1025                      -35.561275
                   1.106                      -35.377082
                  1.1095                      -35.197302
                   1.113                      -35.023083
                  1.1165                      -34.854814
                    1.12                      -34.692325
                  1.1235                      -34.535126
                   1.127                      -34.382626
                  1.1305                      -34.234228
                   1.134                      -34.089473
                  1.1375                      -33.948082
                   1.141                       -33.80993
                  1.1445                      -33.675068
                   1.148                      -33.543633
                  1.1515                      -33.415754
                   1.155                      -33.291508
                  1.1585                       -33.17084
                   1.162                      -33.053552
                  1.1655                      -32.939264
                   1.169                      -32.827462
                  1.1725                      -32.717558
                   1.176                      -32.608946
                  1.1795                      -32.501077
                   1.183                      -32.393529
                  1.1865                      -32.286043
                    1.19                      -32.178565
                  1.1935                      -32.071183
                   1.197                      -31.964104
                  1.2005                      -31.857596
                   1.204                       -31.75189
                  1.2075                      -31.647116
                   1.211                      -31.543269
                  1.2145                      -31.440166
                   1.218                      -31.337486
                  1.2215                      -31.234792
                   1.225                       -31.13159
                  1.2285                      -31.027437
                   1.232                      -30.921991
                  1.2355                      -30.815072
                   1.239                      -30.706697
                  1.2425                      -30.597069
                   1.246                      -30.486545
                  1.2495                      -30.375546
                   1.253                      -30.264482
                  1.2565                      -30.153678
                    1.26                       -30.04329
                  1.2635                      -29.933269
                   1.267                      -29.823375
                  1.2705                      -29.713189
                   1.274                      -29.602214
                  1.2775                      -29.489936
                   1.281                      -29.375931
                  1.2845                      -29.259959
                   1.288                      -29.142002
                  1.2915                      -29.022275
                   1.295                      -28.901229
                  1.2985                      -28.779428
                   1.302                        -28.6575
                  1.3055                      -28.535998
                   1.309                      -28.415295
                  1.3125                      -28.295551
                   1.316                      -28.176645
                  1.3195                      -28.058201
                   1.323                      -27.939674
                  1.3265                       -27.82041
                    1.33                      -27.699817
                  1.3335                      -27.577434
                   1.337                      -27.453047
                  1.3405                      -27.326765
                   1.344                      -27.198984
                  1.3475                      -27.070352
                   1.351                      -26.941668
                  1.3545                      -26.813731
                   1.358                      -26.687228
                  1.3615                      -26.562588
                   1.365                      -26.439911
                  1.3685                      -26.318967
                   1.372                      -26.199198
                  1.3755                      -26.079825
                   1.379                      -25.959999
                  1.3825                      -25.838933
                   1.386                      -25.716084
                  1.3895                      -25.591253
                   1.393                      -25.464644
                  1.3965                       -25.33688
                     1.4                      -25.208887
                  1.4035                      -25.081762
                   1.407                      -24.956589
                  1.4105                      -24.834246
                   1.414                      -24.715279
                  1.4175                       -24.59977
                   1.421                      -24.487334
                  1.4245                      -24.377179
                   1.428                       -24.26824
                  1.4315                      -24.159359
                   1.435                      -24.049528
                  1.4385                      -23.938087
                   1.442                      -23.824912
                  1.4455                      -23.710474
                   1.449                      -23.595818
                  1.4525                      -23.482464
                   1.456                      -23.372154
                  1.4595                      -23.266616
                   1.463                      -23.167299
                  1.4665                      -23.075148
                    1.47                      -22.990498
                  1.4735                      -22.913049
                   1.477                      -22.841976
                  1.4805                      -22.776144
                   1.484                      -22.714414
                  1.4875                      -22.656004
                   1.491                      -22.600845
                  1.4945                      -22.549866
                   1.498                      -22.505175
                  1.5015                      -22.470067
                   1.505                      -22.448876
                  1.5085                      -22.446688
                   1.512                      -22.469025
                  1.5155                      -22.521533
                   1.519                      -22.609803
                  1.5225                      -22.739347
                   1.526                      -22.915687
                  1.5295                      -23.144587
                   1.533                        -23.4323
                  1.5365                      -23.785542
                    1.54                      -24.211432
                  1.5435                      -24.716723
                   1.547                      -25.306601
                  1.5505                      -25.982811
                   1.554                      -26.740578
                  1.5575                      -27.564931
                   1.561                      -28.425986
                  1.5645                      -29.274181
                   1.568                      -30.040188
                  1.5715                      -30.644756
                   1.575                      -31.023586
                  1.5785                      -31.156135
                   1.582                      -31.074801
                  1.5855                       -30.84567
                   1.589                       -30.53879
                  1.5925                      -30.209112
                   1.596                      -29.891388
                  1.5995                      -29.603152
                   1.603                      -29.349622
                  1.6065                      -29.128097
                    1.61                      -28.931529
                  1.6135                      -28.751152
                   1.617                      -28.578625
                  1.6205                      -28.407725
                   1.624                      -28.235259
                  1.6275                      -28.061367
                   1.631                      -27.888978
                  1.6345                      -27.722705
                   1.638                      -27.567612
                  1.6415                      -27.427942
                   1.645                      -27.306319
                  1.6485                      -27.203273
                   1.652                      -27.117149
                  1.6555                      -27.044355
                   1.659                      -26.979843
                  1.6625                      -26.917745
                   1.666                      -26.852152
                  1.6695                      -26.777899
                   1.673                      -26.691234
                  1.6765                       -26.59025
                    1.68                        -26.4749
                  1.6835                       -26.34671
                   1.687                      -26.208173
                  1.6905                      -26.062036
                   1.694                      -25.910725
                  1.6975                      -25.755872
                   1.701                      -25.598205
                  1.7045                      -25.437651
                   1.708                      -25.273584
                  1.7115                      -25.105282
                   1.715                      -24.932335
                  1.7185                      -24.754977
                   1.722                      -24.574359
                  1.7255                      -24.392493
                   1.729                       -24.21216
                  1.7325                      -24.036611
                   1.736                      -23.869174
                  1.7395                      -23.712966
                   1.743                      -23.570601
                  1.7465                      -23.444011
                    1.75                      -23.334408
                  1.7535                      -23.242244
                   1.757                      -23.167317
                  1.7605                      -23.108872
                   1.764                       -23.06571
                  1.7675                      -23.036356
                   1.771                      -23.019197
                  1.7745                       -23.01262
                   1.778                      -23.015148
                  1.7815                      -23.025531
                   1.785                      -23.042803
                  1.7885                      -23.066291
                   1.792                      -23.095577
                  1.7955                       -23.13041
                   1.799                      -23.170607
                  1.8025                      -23.215926
                   1.806                      -23.265956
                  1.8095                      -23.320055
                   1.813                      -23.377294
                  1.8165                      -23.436463
                    1.82                      -23.496167
                  1.8235                      -23.554907
                   1.827                      -23.611254
                  1.8305                      -23.663999
                   1.834                      -23.712287
                  1.8375                      -23.755728
                   1.841                      -23.794408
                  1.8445                      -23.828831
                   1.848                      -23.859817
                  1.8515                      -23.888304
                   1.855                      -23.915192
                  1.8585                      -23.941144
                   1.862                      -23.966478
                  1.8655                      -23.991098
                   1.869                      -24.014509
                  1.8725                      -24.035889
                   1.876                      -24.054272
                  1.8795                      -24.068702
                   1.883                      -24.078448
                  1.8865                      -24.083156
                    1.89                      -24.082944
                  1.8935                      -24.078417
                   1.897                      -24.070569
                  1.9005                      -24.060647
                   1.904                      -24.049947
                  1.9075                      -24.039606
                   1.911                      -24.030446
                  1.9145                      -24.022847
                   1.918                      -24.016712
                  1.9215                      -24.011516
                   1.925                       -24.00641
                  1.9285                      -24.000407
                   1.932                      -23.992571
                  1.9355                      -23.982218
                   1.939                      -23.969063
                  1.9425                      -23.953293
                   1.946                      -23.935551
                  1.9495                       -23.91684
                   1.953                      -23.898352
                  1.9565                      -23.881274
                    1.96                      -23.866598
                  1.9635                      -23.854959
                   1.967                      -23.846548
                  1.9705                      -23.841088
                   1.974                      -23.837884
                  1.9775                      -23.835966
                   1.981                      -23.834252
                  1.9845                      -23.831753
                   1.988                      -23.827759
                  1.9915                      -23.821969
                   1.995                      -23.814564
                  1.9985                      -23.806156
                   2.002                      -23.797705
                  2.0055                       -23.79033
                   2.009                      -23.785119
                  2.0125                      -23.782953
                   2.016                      -23.784337
                  2.0195                       -23.78934
                   2.023                      -23.797553
                  2.0265                      -23.808184
                    2.03                      -23.820169
                  2.0335                      -23.832371
                   2.037                      -23.843773
                  2.0405                      -23.853664
                   2.044                      -23.861764
                  2.0475                      -23.868277
                   2.051                      -23.873853
                  2.0545                      -23.879463
                   2.058                      -23.886229
                  2.0615                      -23.895215
                   2.065                      -23.907257
                  2.0685                      -23.922786
                   2.072                       -23.94177
                  2.0755                      -23.963718
                   2.079                      -23.987737
                  2.0825                      -24.012684
                   2.086                      -24.037374
                  2.0895                      -24.060786
                   2.093                      -24.082223
                  2.0965                      -24.101475
                     2.1                      -24.118825
                  2.1035                      -24.135008
                   2.107                      -24.151072
                  2.1105                      -24.168183
                   2.114                      -24.187413
                  2.1175                       -24.20956
                   2.121                      -24.234999
                  2.1245                      -24.263583
                   2.128                      -24.294708
                  2.1315                      -24.327375
                   2.135                      -24.360365
                  2.1385                      -24.392457
                   2.142                      -24.422634
                  2.1455                      -24.450273
                   2.149                      -24.475268
                  2.1525                       -24.49803
                   2.156                      -24.519423
                  2.1595                      -24.540584
                   2.163                      -24.562744
                  2.1665                      -24.586982
                    2.17                      -24.614038
                  2.1735                      -24.644182
                   2.177                      -24.677153
                  2.1805                      -24.712208
                   2.184                      -24.748233
                  2.1875                      -24.783943
                   2.191                      -24.818097
                  2.1945                      -24.849736
                   2.198                      -24.878348
                  2.2015                      -24.903971
                   2.205                      -24.927181
                  2.2085                      -24.948975
                   2.212                      -24.970601
                  2.2155                      -24.993315
                   2.219                      -25.018176
                  2.2225                      -25.045836
                   2.226                      -25.076442
                  2.2295                      -25.109577
                   2.233                       -25.14436
                  2.2365                      -25.179573
                    2.24                      -25.213883
                  2.2435                      -25.246087
                   2.247                      -25.275309
                  2.2505                      -25.301198
                   2.254                      -25.323952
                  2.2575                      -25.344322
                   2.261                      -25.363429
                  2.2645                      -25.382601
                   2.268                      -25.403097
                  2.2715                      -25.425907
                   2.275                      -25.451567
                  2.2785                      -25.480066
                   2.282                      -25.510846
                  2.2855                      -25.542881
                   2.289                      -25.574876
                  2.2925                      -25.605496
                   2.296                      -25.633598
                  2.2995                      -25.658443
                   2.303                      -25.679821
                  2.3065                      -25.698138
                    2.31                      -25.714273
                  2.3135                      -25.729469
                   2.317                       -25.74508
                  2.3205                      -25.762327
                   2.324                       -25.78211
                  2.3275                      -25.804812
                   2.331                      -25.830266
                  2.3345                      -25.857757
                   2.338                      -25.886168
                  2.3415                      -25.914154
                   2.345                      -25.940393
                  2.3485                      -25.963836
                   2.352                       -25.98389
                  2.3555                      -26.000521
                   2.359                      -26.014286
                  2.3625                      -26.026202
                   2.366                      -26.037564
                  2.3695                      -26.049729
                   2.373                      -26.063867
                  2.3765                      -26.080733
                    2.38                      -26.100576
                  2.3835                      -26.123064
                   2.387                      -26.147353
                  2.3905                      -26.172246
                   2.394                      -26.196384
                  2.3975                      -26.218486
                   2.401                      -26.237626
                  2.4045                      -26.253346
                   2.408                      -26.265778
                  2.4115                      -26.275615
                   2.415                      -26.283971
                  2.4185                      -26.292181
                   2.422                       -26.30157
                  2.4255                      -26.313205
                   2.429                      -26.327735
                  2.4325                      -26.345244
                   2.436                       -26.36527
                  2.4395                      -26.386865
                   2.443                      -26.408771
                  2.4465                      -26.429632
                    2.45                      -26.448258
                  2.4535                      -26.463811
                   2.457                      -26.475997
                  2.4605                      -26.485083
                   2.464                      -26.491876
                  2.4675                       -26.49756
                   2.471                      -26.503482
                  2.4745                      -26.510919
                   2.478                      -26.520846
                  2.4815                      -26.533784
                   2.485                      -26.549677
                  2.4885                      -26.567948
                   2.492                      -26.587576
                  2.4955                      -26.607255
                   2.499                      -26.625666
                  2.5025                      -26.641686
                   2.506                      -26.654615
                  2.5095                      -26.664266
                   2.513                      -26.671045
                  2.5165                      -26.675856
                    2.52                      -26.679917
                  2.5235                      -26.684581
                   2.527                      -26.691065
                  2.5305                      -26.700245
                   2.534                      -26.712523
                  2.5375                       -26.72774
                   2.541                      -26.745205
                  2.5445                      -26.763831
                   2.548                      -26.782309
                  2.5515                      -26.799358
                   2.555                      -26.813927
                  2.5585                      -26.825419
                   2.562                      -26.833778
                  2.5655                      -26.839507
                   2.569                      -26.843582
                  2.5725                      -26.847263
                   2.576                      -26.851876
                  2.5795                      -26.858583
                   2.583                      -26.868176
                  2.5865                      -26.880942
                    2.59                       -26.89662
                  2.5935                      -26.914444
                   2.597                      -26.933275
                  2.6005                      -26.951798
                   2.604                      -26.968764
                  2.6075                      -26.983204
                   2.611                       -26.99461
                  2.6145                       -27.00303
                   2.618                      -27.009057
                  2.6215                      -27.013722
                   2.625                      -27.018314
                  2.6285                      -27.024133
                   2.632                       -27.03229
                  2.6355                      -27.043494
                   2.639                      -27.057938
                  2.6425                      -27.075271
                   2.646                      -27.094653
                  2.6495                      -27.114904
                   2.653                      -27.134711
                  2.6565                      -27.152847
                    2.66                      -27.168412
                  2.6635                      -27.180982
                   2.667                      -27.190692
                  2.6705                      -27.198211
                   2.674                       -27.20462
                  2.6775                      -27.211226
                   2.681                      -27.219318
                  2.6845                      -27.229953
                   2.688                      -27.243767
                  2.6915                      -27.260876
                   2.695                      -27.280841
                  2.6985                      -27.302758
                   2.702                      -27.325405
                  2.7055                      -27.347463
                   2.709                      -27.367728
                  2.7125                      -27.385356
                   2.716                      -27.399991
                  2.7195                      -27.411845
                   2.723                      -27.421666
                  2.7265                      -27.430578
                    2.73                      -27.439916
                  2.7335                      -27.450952
                   2.737                      -27.464708
                  2.7405                      -27.481753
                   2.744                      -27.502124
                  2.7475                      -27.525312
                   2.751                      -27.550344
                  2.7545                      -27.575952
                   2.758                      -27.600797
                  2.7615                      -27.623705
                   2.765                      -27.643863
                  2.7685                      -27.660988
                   2.772                      -27.675368
                  2.7755                      -27.687817
                   2.779                      -27.699525
                  2.7825                      -27.711841
                   2.786                      -27.726046
                  2.7895                       -27.74312
                   2.793                      -27.763585
                  2.7965                       -27.78739
                     2.8                      -27.813959
                  2.8035                      -27.842247
                   2.807                      -27.870931
                  2.8105                      -27.898654
                   2.814                      -27.924242
                  2.8175                      -27.946935
                   2.821                      -27.966508
                  2.8245                      -27.983328
                   2.828                      -27.998285
                  2.8315                      -28.012628
                   2.835                      -28.027747
                  2.8385                      -28.044927
                   2.842                      -28.065124
                  2.8455                      -28.088794
                   2.849                      -28.115822
                  2.8525                      -28.145533
                   2.856                      -28.176812
                  2.8595                      -28.208277
                   2.863                      -28.238539
                  2.8665                       -28.26643
                    2.87                      -28.291223
                  2.8735                      -28.312766
                   2.877                      -28.331512
                  2.8805                      -28.348434
                   2.884                      -28.364851
                  2.8875                      -28.382202
                   2.891                      -28.401773
                  2.8945                      -28.424494
                   2.898                      -28.450766
                  2.9015                       -28.48038
                   2.905                      -28.512572
                  2.9085                      -28.546134
                   2.912                      -28.579615
                  2.9155                       -28.61159
                   2.919                      -28.640894
                  2.9225                       -28.66684
                   2.926                      -28.689355
                  2.9295                      -28.708984
                   2.933                      -28.726792
                  2.9365                      -28.744189
                    2.94                       -28.76265
                  2.9435                      -28.783476
                   2.947                      -28.807557
                  2.9505                      -28.835218
                   2.954                      -28.866161
                  2.9575                      -28.899507
                   2.961                      -28.933943
                  2.9645                      -28.967944
                   2.968                      -29.000043
                  2.9715                      -29.029083
                   2.975                      -29.054432
                  2.9785                      -29.076099
                   2.982                      -29.094741
                  2.9855                      -29.111538
                   2.989                      -29.127975
                  2.9925                      -29.145578
                   2.996                       -29.16565
                  2.9995                      -29.189031
                   3.003                      -29.215952
                  3.0065                      -29.246009
                    3.01                      -29.278195
                  3.0135                      -29.311084
                   3.017                      -29.343073
                  3.0205                      -29.372666
                   3.024                      -29.398726
                  3.0275                      -29.420696
                   3.031                      -29.438696
                  3.0345                      -29.453511
                   3.038                      -29.466434
                  3.0415                       -29.47904
                   3.045                      -29.492901
                  3.0485                      -29.509298
                   3.052                       -29.52901
                  3.0555                      -29.552166
                   3.059                      -29.578223
                  3.0625                      -29.606051
                   3.066                      -29.634126
                  3.0695                      -29.660774
                   3.073                      -29.684491
                  3.0765                      -29.704195
                    3.08                      -29.719433
                  3.0835                      -29.730458
                   3.087                      -29.738197
                  3.0905                      -29.744067
                   3.094                      -29.749724
                  3.0975                      -29.756757
                   3.101                       -29.76643
                  3.1045                      -29.779427
                   3.108                      -29.795763
                  3.1115                      -29.814763
                   3.115                      -29.835183
                  3.1185                      -29.855411
                   3.122                      -29.873747
                  3.1255                      -29.888718
                   3.129                      -29.899321
                  3.1325                      -29.905233
                   3.136                      -29.906858
                  3.1395                      -29.905261
                   3.143                      -29.901968
                  3.1465                      -29.898694
                    3.15                      -29.897035
                  3.1535                      -29.898181
                   3.157                      -29.902736
                  3.1605                      -29.910589
                   3.164                      -29.920954
                  3.1675                      -29.932488
                   3.171                      -29.943532
                  3.1745                      -29.952392
                   3.178                      -29.957648
                  3.1815                      -29.958406
                   3.185                      -29.954473
                  3.1885                      -29.946386
                   3.192                      -29.935331
                  3.1955                      -29.922901
                   3.199                      -29.910835
                  3.2025                      -29.900699
                   3.206                      -29.893616
                  3.2095                      -29.890085
                   3.213                      -29.889894
                  3.2165                      -29.892162
                    3.22                      -29.895489
                  3.2235                      -29.898192
                   3.227                      -29.898607
                  3.2305                      -29.895377
                   3.234                      -29.887707
                  3.2375                      -29.875509
                   3.241                      -29.859428
                  3.2445                      -29.840706
                   3.248                       -29.82098
                  3.2515                      -29.801978
                   3.255                      -29.785215
                  3.2585                      -29.771745
                   3.262                      -29.761981
                  3.2655                      -29.755637
                   3.269                      -29.751769
                  3.2725                      -29.748945
                   3.276                      -29.745489
                  3.2795                      -29.739764
                   3.283                      -29.730473
                  3.2865                      -29.716891
                    3.29                      -29.698998
                  3.2935                      -29.677489
                   3.297                      -29.653644
                  3.3005                      -29.629097
                   3.304                      -29.605549
                  3.3075                       -29.58448
                   3.311                      -29.566886
                  3.3145                      -29.553139
                   3.318                      -29.542903
                  3.3215                      -29.535219
                   3.325                      -29.528657
                  3.3285                      -29.521552
                   3.332                        -29.5123
                  3.3355                      -29.499639
                   3.339                      -29.482877
                  3.3425                      -29.462025
                   3.346                      -29.437785
                  3.3495                      -29.411445
                   3.353                      -29.384624
                  3.3565                      -29.359012
                    3.36                      -29.336065
                  3.3635                      -29.316778
                   3.367                       -29.30152
                  3.3705                      -29.289975
                   3.374                      -29.281211
                  3.3775                      -29.273823
                   3.381                       -29.26618
                  3.3845                      -29.256702
                   3.388                      -29.244139
                  3.3915                      -29.227798
                   3.395                      -29.207667
                  3.3985                       -29.18444
                   3.402                      -29.159375
                  3.4055                      -29.134096
                   3.409                      -29.110303
                  3.4125                       -29.08949
                   3.416                      -29.072717
                  3.4195                      -29.060433
                   3.423                      -29.052422
                  3.4265                      -29.047844
                    3.43                       -29.04538
                  3.4335                      -29.043452
                   3.437                      -29.040504
                  3.4405                      -29.035275
                   3.444                      -29.027028
                  3.4475                      -29.015706
                   3.451                       -29.00195
                  3.4545                      -28.987012
                   3.458                      -28.972542
                  3.4615                      -28.960335
                   3.465                      -28.952042
                  3.4685                      -28.948924
                   3.472                      -28.951682
                  3.4755                      -28.960352
                   3.479                      -28.974344
                  3.4825                      -28.992542
                   3.486                      -29.013519
                  3.4895                      -29.035785
                   3.493                      -29.058085
                  3.4965                      -29.079645
                     3.5                      -29.100359
