Frequency    S2,2_[34]

                     0.5                   -0.0012988497
                  0.5025                   -0.0013666127
                   0.505                   -0.0014385584
                  0.5075                   -0.0015149334
                    0.51                   -0.0015959606
                  0.5125                   -0.0016818926
                   0.515                   -0.0017729766
                  0.5175                   -0.0018694501
                    0.52                   -0.0019715566
                  0.5225                    -0.002079548
                   0.525                   -0.0021936809
                  0.5275                   -0.0023142018
                    0.53                   -0.0024413886
                  0.5325                    -0.002575492
                   0.535                   -0.0027168498
                  0.5375                   -0.0028657417
                    0.54                   -0.0030225166
                  0.5425                   -0.0031875235
                   0.545                   -0.0033611835
                  0.5475                   -0.0035439146
                    0.55                   -0.0037362144
                  0.5525                   -0.0039385898
                   0.555                   -0.0041516413
                  0.5575                   -0.0043760079
                    0.56                   -0.0046124097
                  0.5625                   -0.0048616202
                   0.565                   -0.0051245457
                  0.5675                   -0.0054020777
                    0.57                   -0.0056953181
                  0.5725                    -0.006005345
                   0.575                   -0.0063334563
                  0.5775                   -0.0066809467
                    0.58                   -0.0070492863
                  0.5825                   -0.0074400308
                   0.585                   -0.0078548832
                  0.5875                   -0.0082955884
                    0.59                   -0.0087641385
                  0.5925                   -0.0092625732
                   0.595                   -0.0097930463
                  0.5975                     -0.01035791
                     0.6                    -0.010959656
                  0.6025                    -0.011600895
                   0.605                    -0.012284385
                  0.6075                    -0.013013051
                    0.61                    -0.013790051
                  0.6125                    -0.014618704
                   0.615                    -0.015502453
                  0.6175                    -0.016445015
                    0.62                    -0.017450396
                  0.6225                    -0.018522709
                   0.625                    -0.019666431
                  0.6275                    -0.020886314
                    0.63                     -0.02218748
                  0.6325                    -0.023575395
                   0.635                    -0.025055788
                  0.6375                    -0.026635029
                    0.64                    -0.028319921
                  0.6425                    -0.030117673
                   0.645                    -0.032036121
                  0.6475                    -0.034083827
                    0.65                    -0.036269991
                  0.6525                    -0.038604651
                   0.655                    -0.041098554
                  0.6575                    -0.043763468
                    0.66                    -0.046612207
                  0.6625                    -0.049658416
                   0.665                     -0.05291732
                  0.6675                     -0.05640494
                    0.67                    -0.060138979
                  0.6725                    -0.064138644
                   0.675                    -0.068424511
                  0.6775                    -0.073018872
                    0.68                    -0.077946096
                  0.6825                    -0.083232295
                   0.685                      -0.0889053
                  0.6875                    -0.094995789
                    0.69                     -0.10153631
                  0.6925                     -0.10856197
                   0.695                     -0.11611046
                  0.6975                     -0.12422246
                     0.7                     -0.13294118
                  0.7025                     -0.14231314
                   0.705                     -0.15238755
                  0.7075                     -0.16321787
                    0.71                     -0.17486075
                  0.7125                     -0.18737621
                   0.715                     -0.20082831
                  0.7175                     -0.21528559
                    0.72                     -0.23082072
                  0.7225                      -0.2475102
                   0.725                     -0.26543658
                  0.7275                     -0.28468584
                    0.73                     -0.30535055
                  0.7325                     -0.32752777
                   0.735                     -0.35132067
                  0.7375                     -0.37683842
                    0.74                     -0.40419684
                  0.7425                     -0.43351827
                   0.745                     -0.46493207
                  0.7475                     -0.49857663
                    0.75                     -0.53459712
                  0.7525                     -0.57314855
                   0.755                     -0.61439548
                  0.7575                     -0.65851343
                    0.76                     -0.70569012
                  0.7625                     -0.75612476
                   0.765                     -0.81003094
                  0.7675                     -0.86763851
                    0.77                      -0.9291952
                  0.7725                     -0.99496901
                   0.775                      -1.0652471
                  0.7775                      -1.1403429
                    0.78                      -1.2206002
                  0.7825                      -1.3063898
                   0.785                      -1.3981206
                  0.7875                      -1.4962398
                    0.79                      -1.6012415
                  0.7925                      -1.7136673
                   0.795                      -1.8341176
                  0.7975                      -1.9632567
                     0.8                      -2.1018219
                  0.8025                      -2.2506321
                   0.805                      -2.4105905
                  0.8075                      -2.5827099
                    0.81                      -2.7681121
                  0.8125                      -2.9680441
                   0.815                      -3.1838865
                  0.8175                      -3.4171824
                    0.82                      -3.6696297
                  0.8225                       -3.943108
                   0.825                       -4.239667
                  0.8275                      -4.5615613
                    0.83                      -4.9112153
                  0.8325                      -5.2911915
                   0.835                      -5.7041468
                  0.8375                      -6.1527052
                    0.84                       -6.639277
                  0.8425                      -7.1656623
                   0.845                      -7.7325016
                  0.8475                      -8.3382937
                    0.85                      -8.9778633
                  0.8525                      -9.6399764
                   0.855                      -10.304165
                  0.8575                      -10.937005
                    0.86                      -11.489977
                  0.8625                      -11.902639
                   0.865                      -12.115737
                  0.8675                      -12.092797
                    0.87                      -11.837244
                  0.8725                      -11.390779
                   0.875                      -10.814412
                  0.8775                      -10.167651
                    0.88                      -9.4970184
                  0.8825                      -8.8339517
                   0.885                      -8.1974644
                  0.8875                      -7.5977837
                    0.89                      -7.0394645
                  0.8925                      -6.5236166
                   0.895                      -6.0493567
                  0.8975                      -5.6146771
                     0.9                      -5.2170373
                  0.9025                      -4.8536801
                   0.905                      -4.5218272
                  0.9075                      -4.2187787
                    0.91                      -3.9419781
                  0.9125                      -3.6890577
                   0.915                       -3.457825
                  0.9175                      -3.2462765
                    0.92                      -3.0525832
                  0.9225                      -2.8750878
                   0.925                      -2.7122902
                  0.9275                      -2.5628366
                    0.93                      -2.4254936
                  0.9325                      -2.2991615
                   0.935                      -2.1828453
                  0.9375                      -2.0756417
                    0.94                      -1.9767429
                  0.9425                      -1.8854173
                   0.945                      -1.8010109
                  0.9475                      -1.7229253
                    0.95                      -1.6506254
                  0.9525                      -1.5836305
                   0.955                      -1.5215021
                  0.9575                      -1.4638448
                    0.96                      -1.4103037
                  0.9625                      -1.3605539
                   0.965                      -1.3143036
                  0.9675                      -1.2712891
                    0.97                       -1.231267
                  0.9725                      -1.1940206
                   0.975                      -1.1593521
                  0.9775                      -1.1270785
                    0.98                      -1.0970368
                  0.9825                      -1.0690761
                   0.985                      -1.0430592
                  0.9875                      -1.0188599
                    0.99                     -0.99636237
                  0.9925                     -0.97545952
                   0.995                     -0.95605401
                  0.9975                     -0.93805426
                       1                     -0.92137685
                  1.0025                     -0.90594236
                   1.005                     -0.89167882
                  1.0075                     -0.87851689
                    1.01                     -0.86639163
                  1.0125                     -0.85524286
                   1.015                     -0.84501325
                  1.0175                     -0.83564836
                    1.02                     -0.82709529
                  1.0225                     -0.81930571
                   1.025                     -0.81223053
                  1.0275                     -0.80582638
                    1.03                     -0.80004774
                  1.0325                     -0.79485322
                   1.035                     -0.79020301
                  1.0375                     -0.78605672
                    1.04                     -0.78237779
                  1.0425                     -0.77912981
                   1.045                     -0.77627772
                  1.0475                     -0.77378879
                    1.05                     -0.77163065
                  1.0525                     -0.76977274
                   1.055                     -0.76818596
                  1.0575                     -0.76684312
                    1.06                     -0.76571779
                  1.0625                     -0.76478507
                   1.065                     -0.76402246
                  1.0675                     -0.76340762
                    1.07                     -0.76292174
                  1.0725                     -0.76254532
                   1.075                     -0.76226264
                  1.0775                     -0.76205744
                    1.08                     -0.76191691
                  1.0825                     -0.76182793
                   1.085                     -0.76178022
                  1.0875                     -0.76176377
                    1.09                     -0.76177149
                  1.0925                     -0.76179519
                   1.095                     -0.76182986
                  1.0975                     -0.76187061
                     1.1                     -0.76191352
                  1.1025                     -0.76195604
                   1.105                     -0.76199564
                  1.1075                     -0.76203078
                    1.11                      -0.7620609
                  1.1125                     -0.76208594
                   1.115                     -0.76210533
                  1.1175                     -0.76212006
                    1.12                      -0.7621304
                  1.1225                     -0.76213776
                   1.125                     -0.76214287
                  1.1275                      -0.7621467
                    1.13                     -0.76215153
                  1.1325                     -0.76215801
                   1.135                      -0.7621681
                  1.1375                     -0.76218253
                    1.14                     -0.76220402
                  1.1425                     -0.76223313
                   1.145                     -0.76227204
                  1.1475                     -0.76232196
                    1.15                     -0.76238498
                  1.1525                      -0.7624634
                   1.155                     -0.76255829
                  1.1575                     -0.76267253
                    1.16                     -0.76280756
                  1.1625                     -0.76296697
                   1.165                     -0.76315189
                  1.1675                     -0.76336589
                    1.17                     -0.76361216
                  1.1725                     -0.76389301
                   1.175                     -0.76421202
                  1.1775                     -0.76457286
                    1.18                     -0.76497946
                  1.1825                     -0.76543495
                   1.185                     -0.76594359
                  1.1875                     -0.76650903
                    1.19                     -0.76713605
                  1.1925                     -0.76782859
                   1.195                     -0.76859031
                  1.1975                     -0.76942601
                     1.2                      -0.7703396
                  1.2025                      -0.7713347
                   1.205                     -0.77241573
                  1.2075                     -0.77358618
                    1.21                     -0.77485019
                  1.2125                     -0.77621038
                   1.215                     -0.77767021
                  1.2175                     -0.77923271
                    1.22                     -0.78090066
                  1.2225                     -0.78267556
                   1.225                     -0.78456113
                  1.2275                     -0.78655741
                    1.23                     -0.78866719
                  1.2325                     -0.79089127
                   1.235                     -0.79323046
                  1.2375                     -0.79568625
                    1.24                     -0.79825851
                  1.2425                     -0.80094819
                   1.245                     -0.80375553
                  1.2475                     -0.80667959
                    1.25                     -0.80972173
                  1.2525                     -0.81288147
                   1.255                     -0.81615846
                  1.2575                     -0.81955302
                    1.26                     -0.82306554
                  1.2625                     -0.82669595
                   1.265                     -0.83044432
                  1.2675                     -0.83431099
                    1.27                     -0.83829695
                  1.2725                     -0.84240329
                   1.275                     -0.84663037
                  1.2775                     -0.85098008
                    1.28                     -0.85545405
                  1.2825                     -0.86005369
                   1.285                     -0.86478188
                  1.2875                     -0.86963985
                    1.29                     -0.87463112
                  1.2925                     -0.87975823
                   1.295                     -0.88502379
                  1.2975                      -0.8904322
                     1.3                     -0.89598598
                  1.3025                     -0.90168867
                   1.305                     -0.90754395
                  1.3075                     -0.91355533
                    1.31                     -0.91972657
                  1.3125                     -0.92606213
                   1.315                      -0.9325639
                  1.3175                     -0.93923722
                    1.32                     -0.94608543
                  1.3225                     -0.95311131
                   1.325                     -0.96031767
                  1.3275                     -0.96770773
                    1.33                     -0.97528575
                  1.3325                     -0.98305323
                   1.335                     -0.99101318
                  1.3375                     -0.99916804
                    1.34                      -1.0075201
                  1.3425                      -1.0160707
                   1.345                       -1.024823
                  1.3475                      -1.0337773
                    1.35                      -1.0429371
                  1.3525                      -1.0523022
                   1.355                      -1.0618757
                  1.3575                      -1.0716594
                    1.36                      -1.0816538
                  1.3625                      -1.0918623
                   1.365                       -1.102286
                  1.3675                      -1.1129266
                    1.37                      -1.1237875
                  1.3725                      -1.1348707
                   1.375                      -1.1461793
                  1.3775                      -1.1577173
                    1.38                       -1.169487
                  1.3825                      -1.1814933
                   1.385                      -1.1937402
                  1.3875                       -1.206231
                    1.39                      -1.2189733
                  1.3925                      -1.2319707
                   1.395                      -1.2452295
                  1.3975                      -1.2587551
                     1.4                      -1.2725548
                  1.4025                      -1.2866346
                   1.405                      -1.3010019
                  1.4075                      -1.3156611
                    1.41                      -1.3306233
                  1.4125                      -1.3458937
                   1.415                      -1.3614779
                  1.4175                      -1.3773866
                    1.42                      -1.3936252
                  1.4225                      -1.4102011
                   1.425                      -1.4271202
                  1.4275                      -1.4443895
                    1.43                      -1.4620167
                  1.4325                      -1.4800073
                   1.435                       -1.498366
                  1.4375                      -1.5171012
                    1.44                      -1.5362163
                  1.4425                      -1.5557167
                   1.445                      -1.5756065
                  1.4475                      -1.5958902
                    1.45                      -1.6165732
                  1.4525                      -1.6376578
                   1.455                       -1.659148
                  1.4575                      -1.6810486
                    1.46                      -1.7033614
                  1.4625                        -1.72609
                   1.465                      -1.7492382
                  1.4675                      -1.7728083
                    1.47                      -1.7968044
                  1.4725                      -1.8212294
                   1.475                      -1.8460863
                  1.4775                      -1.8713812
                    1.48                      -1.8971169
                  1.4825                      -1.9232958
                   1.485                      -1.9499263
                  1.4875                      -1.9770085
                    1.49                      -2.0045512
                  1.4925                      -2.0325597
                   1.495                      -2.0610365
                  1.4975                      -2.0899913
                     1.5                      -2.1194264
                  1.5025                      -2.1493503
                   1.505                      -2.1797667
                  1.5075                      -2.2106801
                    1.51                      -2.2420974
                  1.5125                      -2.2740243
                   1.515                      -2.3064622
                  1.5175                      -2.3394159
                    1.52                      -2.3728899
                  1.5225                      -2.4068827
                   1.525                      -2.4413966
                  1.5275                       -2.476426
                    1.53                      -2.5119767
                  1.5325                      -2.5480411
                   1.535                      -2.5846114
                  1.5375                      -2.6216838
                    1.54                      -2.6592501
                  1.5425                         -2.6973
                   1.545                      -2.7358194
                  1.5475                      -2.7747908
                    1.55                      -2.8142064
                  1.5525                      -2.8540448
                   1.555                      -2.8942817
                  1.5575                      -2.9349047
                    1.56                      -2.9758878
                  1.5625                      -3.0172043
                   1.565                       -3.058829
                  1.5675                      -3.1007358
                    1.57                      -3.1428976
                  1.5725                      -3.1852861
                   1.575                      -3.2278638
                  1.5775                      -3.2706097
                    1.58                      -3.3134849
                  1.5825                      -3.3564577
                   1.585                       -3.399494
                  1.5875                      -3.4425604
                    1.59                      -3.4856223
                  1.5925                      -3.5286399
                   1.595                      -3.5715778
                  1.5975                      -3.6144011
                     1.6                      -3.6570686
                  1.6025                      -3.6995358
                   1.605                      -3.7417661
                  1.6075                       -3.783712
                    1.61                      -3.8253311
                  1.6125                      -3.8665757
                   1.615                      -3.9073967
                  1.6175                      -3.9477451
                    1.62                      -3.9875647
                  1.6225                      -4.0268037
                   1.625                      -4.0654041
                  1.6275                      -4.1033067
                    1.63                       -4.140449
                  1.6325                      -4.1767716
                   1.635                      -4.2122075
                  1.6375                      -4.2466954
                    1.64                      -4.2801674
                  1.6425                      -4.3125588
                   1.645                      -4.3438046
                  1.6475                      -4.3738386
                    1.65                      -4.4026014
                  1.6525                      -4.4300306
                   1.655                      -4.4560656
                  1.6575                      -4.4806543
                    1.66                      -4.5037475
                  1.6625                      -4.5252959
                   1.665                      -4.5452574
                  1.6675                      -4.5635967
                    1.67                      -4.5802841
                  1.6725                       -4.595294
                   1.675                      -4.6086046
                  1.6775                      -4.6202084
                    1.68                      -4.6300939
                  1.6825                      -4.6382625
                   1.685                      -4.6447177
                  1.6875                      -4.6494693
                    1.69                      -4.6525309
                  1.6925                      -4.6539224
                   1.695                      -4.6536685
                  1.6975                      -4.6517911
                     1.7                      -4.6483277
                  1.7025                      -4.6433016
                   1.705                      -4.6367493
                  1.7075                      -4.6287104
                    1.71                      -4.6192166
                  1.7125                      -4.6083093
                   1.715                      -4.5960207
                  1.7175                      -4.5823948
                    1.72                      -4.5674657
                  1.7225                      -4.5512742
                   1.725                      -4.5338592
                  1.7275                      -4.5152562
                    1.73                      -4.4955067
                  1.7325                      -4.4746466
                   1.735                      -4.4527169
                  1.7375                      -4.4297569
                    1.74                       -4.405806
                  1.7425                      -4.3809041
                   1.745                      -4.3550937
                  1.7475                      -4.3284192
                    1.75                      -4.3009236
                  1.7525                      -4.2726508
                   1.755                      -4.2436476
                  1.7575                      -4.2139607
                    1.76                      -4.1836389
                  1.7625                      -4.1527301
                   1.765                      -4.1212836
                  1.7675                      -4.0893506
                    1.77                       -4.056979
                  1.7725                      -4.0242175
                   1.775                      -3.9911171
                  1.7775                      -3.9577242
                    1.78                      -3.9240846
                  1.7825                      -3.8902441
                   1.785                      -3.8562457
                  1.7875                      -3.8221321
                    1.79                      -3.7879381
                  1.7925                      -3.7537017
                   1.795                      -3.7194563
                  1.7975                      -3.6852318
                     1.8                      -3.6510536
                  1.8025                      -3.6169474
                   1.805                      -3.5829339
                  1.8075                      -3.5490335
                    1.81                      -3.5152583
                  1.8125                      -3.4816217
                   1.815                      -3.4481375
                  1.8175                      -3.4148092
                    1.82                      -3.3816454
                  1.8225                      -3.3486508
                   1.825                      -3.3158296
                  1.8275                      -3.2831831
                    1.83                      -3.2507121
                  1.8325                      -3.2184193
                   1.835                      -3.1863068
                  1.8375                      -3.1543716
                    1.84                      -3.1226182
                  1.8425                      -3.0910491
                   1.845                      -3.0596648
                  1.8475                      -3.0284719
                    1.85                      -2.9974723
                  1.8525                      -2.9666742
                   1.855                      -2.9360824
                  1.8575                      -2.9057045
                    1.86                      -2.8755494
                  1.8625                      -2.8456276
                   1.865                      -2.8159482
                  1.8675                      -2.7865228
                    1.87                       -2.757362
                  1.8725                      -2.7284754
                   1.875                      -2.6998772
                  1.8775                      -2.6715751
                    1.88                      -2.6435828
                  1.8825                      -2.6159069
                   1.885                      -2.5885587
                  1.8875                      -2.5615467
                    1.89                      -2.5348772
                  1.8925                      -2.5085554
                   1.895                       -2.482587
                  1.8975                      -2.4569745
                     1.9                       -2.431721
                  1.9025                      -2.4068262
                   1.905                      -2.3822898
                  1.9075                      -2.3581127
                    1.91                      -2.3342897
                  1.9125                      -2.3108179
                   1.915                      -2.2876948
                  1.9175                      -2.2649154
                    1.92                      -2.2424744
                  1.9225                      -2.2203687
                   1.925                      -2.1985927
                  1.9275                      -2.1771445
                    1.93                      -2.1560182
                  1.9325                      -2.1352132
                   1.935                      -2.1147288
                  1.9375                      -2.0945631
                    1.94                      -2.0747193
                  1.9425                      -2.0551997
                   1.945                      -2.0360099
                  1.9475                      -2.0171558
                    1.95                      -1.9986447
                  1.9525                      -1.9804874
                   1.955                      -1.9626957
                  1.9575                      -1.9452815
                    1.96                      -1.9282595
                  1.9625                      -1.9116456
                   1.965                      -1.8954569
                  1.9675                      -1.8797109
                    1.97                      -1.8644244
                  1.9725                      -1.8496175
                   1.975                       -1.835308
                  1.9775                       -1.821514
                    1.98                       -1.808254
                  1.9825                      -1.7955454
                   1.985                      -1.7834033
                  1.9875                      -1.7718433
                    1.99                       -1.760878
                  1.9925                      -1.7505192
                   1.995                       -1.740776
                  1.9975                      -1.7316548
                       2                      -1.7231604
                  2.0025                      -1.7152941
                   2.005                      -1.7080548
                  2.0075                      -1.7014379
                    2.01                      -1.6954352
                  2.0125                      -1.6900356
                   2.015                      -1.6852243
                  2.0175                      -1.6809826
                    2.02                      -1.6772877
                  2.0225                      -1.6741137
                   2.025                      -1.6714302
                  2.0275                       -1.669203
                    2.03                      -1.6673946
                  2.0325                      -1.6659625
                   2.035                      -1.6648624
                  2.0375                      -1.6640455
                    2.04                       -1.663459
                  2.0425                      -1.6630492
                   2.045                      -1.6627595
                  2.0475                      -1.6625301
                    2.05                      -1.6623015
                  2.0525                       -1.662013
                   2.055                      -1.6616042
                  2.0575                      -1.6610153
                    2.06                      -1.6601879
                  2.0625                      -1.6590668
                   2.065                         -1.6576
                  2.0675                      -1.6557393
                    2.07                      -1.6534417
                  2.0725                      -1.6506706
                   2.075                      -1.6473949
                  2.0775                      -1.6435912
                    2.08                      -1.6392429
                  2.0825                      -1.6343414
                   2.085                      -1.6288854
                  2.0875                       -1.622882
                    2.09                      -1.6163447
                  2.0925                      -1.6092953
                   2.095                      -1.6017605
                  2.0975                      -1.5937746
                     2.1                       -1.585375
                  2.1025                      -1.5766052
                   2.105                      -1.5675102
                  2.1075                      -1.5581396
                    2.11                      -1.5485413
                  2.1125                      -1.5387661
                   2.115                      -1.5288639
                  2.1175                      -1.5188824
                    2.12                      -1.5088681
                  2.1225                      -1.4988652
                   2.125                       -1.488914
                  2.1275                      -1.4790522
                    2.13                      -1.4693113
                  2.1325                      -1.4597212
                   2.135                      -1.4503055
                  2.1375                      -1.4410842
                    2.14                      -1.4320714
                  2.1425                      -1.4232787
                   2.145                      -1.4147121
                  2.1475                      -1.4063728
                    2.15                      -1.3982589
                  2.1525                      -1.3903644
                   2.155                      -1.3826798
                  2.1575                      -1.3751929
                    2.16                      -1.3678883
                  2.1625                      -1.3607489
                   2.165                      -1.3537538
                  2.1675                      -1.3468831
                    2.17                      -1.3401137
                  2.1725                      -1.3334235
                   2.175                      -1.3267891
                  2.1775                       -1.320187
                    2.18                      -1.3135953
                  2.1825                      -1.3069927
                   2.185                       -1.300358
                  2.1875                       -1.293673
                    2.19                      -1.2869214
                  2.1925                      -1.2800877
                   2.195                        -1.27316
                  2.1975                       -1.266128
                     2.2                      -1.2589848
                  2.2025                      -1.2517247
                   2.205                       -1.244345
                  2.2075                      -1.2368462
                    2.21                      -1.2292295
                  2.2125                      -1.2215001
                   2.215                       -1.213663
                  2.2175                      -1.2057259
                    2.22                      -1.1976987
                  2.2225                      -1.1895904
                   2.225                      -1.1814116
                  2.2275                      -1.1731744
                    2.23                      -1.1648897
                  2.2325                      -1.1565683
                   2.235                      -1.1482224
                  2.2375                      -1.1398618
                    2.24                      -1.1314965
                  2.2425                      -1.1231352
                   2.245                      -1.1147849
                  2.2475                      -1.1064539
                    2.25                      -1.0981463
                  2.2525                      -1.0898672
                   2.255                      -1.0816198
                  2.2575                      -1.0734046
                    2.26                      -1.0652238
                  2.2625                      -1.0570765
                   2.265                      -1.0489612
                  2.2675                       -1.040877
                    2.27                      -1.0328203
                  2.2725                      -1.0247882
                   2.275                      -1.0167784
                  2.2775                      -1.0087853
                    2.28                      -1.0008069
                  2.2825                     -0.99283892
                   2.285                     -0.98487787
                  2.2875                     -0.97692169
                    2.29                     -0.96896734
                  2.2925                     -0.96101431
                   2.295                      -0.9530601
                  2.2975                     -0.94510421
                     2.3                     -0.93714821
                  2.3025                     -0.92919253
                   2.305                     -0.92123843
                  2.3075                     -0.91328988
                    2.31                     -0.90534987
                  2.3125                     -0.89742063
                   2.315                     -0.88950848
                  2.3175                     -0.88161621
                    2.32                     -0.87375076
                  2.3225                     -0.86591652
                   2.325                     -0.85811806
                  2.3275                     -0.85036191
                    2.33                     -0.84265273
                  2.3325                     -0.83499536
                   2.335                     -0.82739427
                  2.3375                     -0.81985311
                    2.34                     -0.81237652
                  2.3425                     -0.80496725
                   2.345                     -0.79762715
                  2.3475                     -0.79035906
                    2.35                     -0.78316406
                  2.3525                      -0.7760415
                   2.355                     -0.76899281
                  2.3575                     -0.76201606
                    2.36                     -0.75511153
                  2.3625                      -0.7482763
                   2.365                     -0.74150838
                  2.3675                     -0.73480617
                    2.37                     -0.72816517
                  2.3725                     -0.72158364
                   2.375                     -0.71505795
                  2.3775                     -0.70858427
                    2.38                     -0.70216031
                  2.3825                     -0.69578244
                   2.385                      -0.6894474
                  2.3875                     -0.68315356
                    2.39                     -0.67689724
                  2.3925                     -0.67067635
                   2.395                     -0.66449024
                  2.3975                      -0.6583367
                     2.4                     -0.65221562
                  2.4025                     -0.64612641
                   2.405                     -0.64006903
                  2.4075                     -0.63404419
                    2.41                     -0.62805202
                  2.4125                     -0.62209496
                   2.415                     -0.61617397
                  2.4175                     -0.61029064
                    2.42                      -0.6044478
                  2.4225                      -0.5986476
                   2.425                     -0.59289125
                  2.4275                     -0.58718222
                    2.43                     -0.58152248
                  2.4325                     -0.57591362
                   2.435                     -0.57035896
                  2.4375                     -0.56485909
                    2.44                     -0.55941662
                  2.4425                     -0.55403297
                   2.445                     -0.54870753
                  2.4475                      -0.5434426
                    2.45                     -0.53823749
                  2.4525                     -0.53309283
                   2.455                     -0.52800792
                  2.4575                     -0.52298157
                    2.46                     -0.51801382
                  2.4625                     -0.51310209
                   2.465                     -0.50824464
                  2.4675                     -0.50344046
                    2.47                     -0.49868706
                  2.4725                     -0.49398161
                   2.475                      -0.4893228
                  2.4775                     -0.48470729
                    2.48                     -0.48013392
                  2.4825                     -0.47559912
                   2.485                     -0.47110092
                  2.4875                     -0.46663783
                    2.49                     -0.46220719
                  2.4925                     -0.45780823
                   2.495                     -0.45343903
                  2.4975                     -0.44909863
                     2.5                     -0.44478607
                  2.5025                     -0.44050096
                   2.505                     -0.43624266
                  2.5075                     -0.43201195
                    2.51                     -0.42780877
                  2.5125                      -0.4236336
                   2.515                     -0.41948822
                  2.5175                     -0.41537252
                    2.52                     -0.41128867
                  2.5225                     -0.40723767
                   2.525                     -0.40322103
                  2.5275                     -0.39924067
                    2.53                     -0.39529778
                  2.5325                      -0.3913944
                   2.535                     -0.38753209
                  2.5375                     -0.38371146
                    2.54                     -0.37993458
                  2.5425                     -0.37620231
                   2.545                      -0.3725152
                  2.5475                     -0.36887459
                    2.55                     -0.36528057
                  2.5525                     -0.36173338
                   2.555                     -0.35823296
                  2.5575                     -0.35477874
                    2.56                     -0.35137073
                  2.5625                     -0.34800781
                   2.565                      -0.3446888
                  2.5675                     -0.34141291
                    2.57                     -0.33817836
                  2.5725                     -0.33498432
                   2.575                     -0.33182843
                  2.5775                     -0.32870901
                    2.58                     -0.32562479
                  2.5825                     -0.32257369
                   2.585                      -0.3195539
                  2.5875                      -0.3165641
                    2.59                     -0.31360275
                  2.5925                     -0.31066773
                   2.595                     -0.30775837
                  2.5975                     -0.30487321
                     2.6                     -0.30201172
                  2.6025                     -0.29917287
                   2.605                      -0.2963561
                  2.6075                      -0.2935616
                    2.61                     -0.29078863
                  2.6125                     -0.28803788
                   2.615                     -0.28530948
                  2.6175                     -0.28260386
                    2.62                     -0.27992205
                  2.6225                      -0.2772647
                   2.625                     -0.27463263
                  2.6275                     -0.27202757
                    2.63                     -0.26944984
                  2.6325                     -0.26690077
                   2.635                     -0.26438186
                  2.6375                     -0.26189381
                    2.64                     -0.25943806
                  2.6425                     -0.25701538
                   2.645                     -0.25462643
                  2.6475                     -0.25227241
                    2.65                     -0.24995312
                  2.6525                      -0.2476695
                   2.655                     -0.24542149
                  2.6575                     -0.24320888
                    2.66                     -0.24103178
                  2.6625                      -0.2388896
                   2.665                     -0.23678165
                  2.6675                     -0.23470715
                    2.67                     -0.23266512
                  2.6725                      -0.2306542
                   2.675                     -0.22867353
                  2.6775                     -0.22672128
                    2.68                     -0.22479636
                  2.6825                     -0.22289721
                   2.685                     -0.22102186
                  2.6875                     -0.21916917
                    2.69                     -0.21733733
                  2.6925                     -0.21552522
                   2.695                     -0.21373122
                  2.6975                     -0.21195395
                     2.7                     -0.21019256
                  2.7025                     -0.20844609
                   2.705                     -0.20671335
                  2.7075                     -0.20499403
                    2.71                     -0.20328761
                  2.7125                     -0.20159371
                   2.715                     -0.19991252
                  2.7175                     -0.19824391
                    2.72                     -0.19658863
                  2.7225                     -0.19494675
                   2.725                     -0.19331891
                  2.7275                     -0.19170609
                    2.73                     -0.19010893
                  2.7325                     -0.18852867
                   2.735                     -0.18696621
                  2.7375                     -0.18542229
                    2.74                     -0.18389851
                  2.7425                      -0.1823954
                   2.745                     -0.18091395
                  2.7475                     -0.17945526
                    2.75                     -0.17801992
                  2.7525                      -0.1766085
                   2.755                     -0.17522177
                  2.7575                     -0.17385979
                    2.76                      -0.1725228
                  2.7625                     -0.17121077
                   2.765                     -0.16992338
                  2.7675                     -0.16866041
                    2.77                     -0.16742103
                  2.7725                     -0.16620478
                   2.775                     -0.16501063
                  2.7775                     -0.16383731
                    2.78                     -0.16268384
                  2.7825                      -0.1615489
                   2.785                     -0.16043099
                  2.7875                     -0.15932879
                    2.79                     -0.15824088
                  2.7925                     -0.15716559
                   2.795                     -0.15610186
                  2.7975                     -0.15504791
                     2.8                     -0.15400269
                  2.8025                     -0.15296504
                   2.805                     -0.15193377
                  2.8075                     -0.15090817
                    2.81                     -0.14988739
                  2.8125                     -0.14887113
                   2.815                     -0.14785881
                  2.8175                     -0.14685029
                    2.82                     -0.14584579
                  2.8225                     -0.14484547
                   2.825                     -0.14384974
                  2.8275                     -0.14285932
                    2.83                     -0.14187498
                  2.8325                     -0.14089744
                   2.835                     -0.13992791
                  2.8375                     -0.13896728
                    2.84                     -0.13801695
                  2.8425                     -0.13707797
                   2.845                     -0.13615147
                  2.8475                     -0.13523877
                    2.85                     -0.13434086
                  2.8525                     -0.13345876
                   2.855                     -0.13259333
                  2.8575                      -0.1317453
                    2.86                     -0.13091538
                  2.8625                     -0.13010396
                   2.865                     -0.12931116
                  2.8675                      -0.1285372
                    2.87                     -0.12778179
                  2.8725                     -0.12704449
                   2.875                     -0.12632488
                  2.8775                      -0.1256221
                    2.88                     -0.12493523
                  2.8825                     -0.12426326
                   2.885                     -0.12360482
                  2.8875                     -0.12295864
                    2.89                     -0.12232319
                  2.8925                     -0.12169703
                   2.895                     -0.12107859
                  2.8975                     -0.12046627
                     2.9                     -0.11985874
                  2.9025                     -0.11925441
                   2.905                     -0.11865205
                  2.9075                     -0.11805038
                    2.91                     -0.11744839
                  2.9125                     -0.11684513
                   2.915                     -0.11624009
                  2.9175                     -0.11563261
                    2.92                     -0.11502265
                  2.9225                     -0.11441009
                   2.925                     -0.11379517
                  2.9275                     -0.11317832
                    2.93                     -0.11256013
                  2.9325                     -0.11194161
                   2.935                      -0.1113237
                  2.9375                     -0.11070751
                    2.94                     -0.11009448
                  2.9425                     -0.10948602
                   2.945                     -0.10888344
                  2.9475                     -0.10828841
                    2.95                     -0.10770232
                  2.9525                     -0.10712654
                   2.955                     -0.10656265
                  2.9575                      -0.1060117
                    2.96                     -0.10547491
                  2.9625                     -0.10495321
                   2.965                     -0.10444724
                  2.9675                     -0.10395768
                    2.97                     -0.10348467
                  2.9725                     -0.10302839
                   2.975                     -0.10258852
                  2.9775                     -0.10216464
                    2.98                     -0.10175616
                  2.9825                     -0.10136206
                   2.985                     -0.10098116
                  2.9875                     -0.10061217
                    2.99                     -0.10025357
                  2.9925                    -0.099903732
                   2.995                    -0.099560892
                  2.9975                    -0.099223181
                       3                    -0.098888821
