Frequency    S2,2_[32]

                     0.5                    -0.001229394
                  0.5025                   -0.0012924802
                   0.505                   -0.0013593991
                  0.5075                   -0.0014303712
                    0.51                   -0.0015055933
                  0.5125                   -0.0015852893
                   0.515                   -0.0016696768
                  0.5175                   -0.0017589627
                    0.52                   -0.0018533588
                  0.5225                   -0.0019530829
                   0.525                   -0.0020583563
                  0.5275                    -0.002169389
                    0.53                   -0.0022864192
                  0.5325                   -0.0024096578
                   0.535                   -0.0025393955
                  0.5375                   -0.0026758669
                    0.54                   -0.0028193691
                  0.5425                   -0.0029701972
                   0.545                   -0.0031287111
                  0.5475                   -0.0032952653
                    0.55                   -0.0034702854
                  0.5525                   -0.0036542023
                   0.555                   -0.0038475308
                  0.5575                   -0.0040508168
                    0.56                   -0.0042646776
                  0.5625                    -0.004489775
                   0.565                   -0.0047268878
                  0.5675                   -0.0049767758
                    0.57                   -0.0052403861
                  0.5725                   -0.0055186365
                   0.575                   -0.0058126392
                  0.5775                   -0.0061234948
                    0.58                   -0.0064524548
                  0.5825                   -0.0068008391
                   0.585                   -0.0071700903
                  0.5875                   -0.0075616771
                    0.59                   -0.0079772796
                  0.5925                   -0.0084186064
                   0.595                   -0.0088874531
                  0.5975                   -0.0093857788
                     0.6                   -0.0099156486
                  0.6025                    -0.010479214
                   0.605                    -0.011078739
                  0.6075                    -0.011716613
                    0.61                    -0.012395406
                  0.6125                    -0.013117808
                   0.615                    -0.013886586
                  0.6175                    -0.014704718
                    0.62                    -0.015575406
                  0.6225                    -0.016501908
                   0.625                    -0.017487759
                  0.6275                    -0.018536694
                    0.63                    -0.019652722
                  0.6325                    -0.020840103
                   0.635                    -0.022103269
                  0.6375                    -0.023447144
                    0.64                    -0.024876962
                  0.6425                    -0.026398234
                   0.645                    -0.028016929
                  0.6475                    -0.029739551
                    0.65                    -0.031573056
                  0.6525                    -0.033525005
                   0.655                    -0.035603445
                  0.6575                    -0.037817161
                    0.66                    -0.040175681
                  0.6625                     -0.04268907
                   0.665                    -0.045368553
                  0.6675                    -0.048225823
                    0.67                    -0.051273767
                  0.6725                    -0.054526291
                   0.675                    -0.057998169
                  0.6775                    -0.061705309
                    0.68                    -0.065665014
                  0.6825                    -0.069895657
                   0.685                    -0.074416626
                  0.6875                    -0.079249219
                    0.69                    -0.084415752
                  0.6925                    -0.089940111
                   0.695                    -0.095847681
                  0.6975                     -0.10216562
                     0.7                      -0.1089224
                  0.7025                     -0.11614838
                   0.705                     -0.12387523
                  0.7075                     -0.13213704
                    0.71                     -0.14096943
                  0.7125                     -0.15040958
                   0.715                      -0.1604966
                  0.7175                     -0.17127183
                    0.72                     -0.18277837
                  0.7225                     -0.19506074
                   0.725                     -0.20816646
                  0.7275                     -0.22214386
                    0.73                     -0.23704432
                  0.7325                     -0.25292055
                   0.735                     -0.26982752
                  0.7375                     -0.28782229
                    0.74                     -0.30696424
                  0.7425                     -0.32731463
                   0.745                     -0.34893693
                  0.7475                     -0.37189782
                    0.75                     -0.39626539
                  0.7525                     -0.42211095
                   0.755                     -0.44950858
                  0.7575                     -0.47853564
                    0.76                     -0.50927328
                  0.7625                     -0.54180556
                   0.765                     -0.57622082
                  0.7675                      -0.6126126
                    0.77                     -0.65107995
                  0.7725                     -0.69172856
                   0.775                     -0.73466912
                  0.7775                     -0.78002116
                    0.78                     -0.82791517
                  0.7825                     -0.87848878
                   0.785                     -0.93189334
                  0.7875                     -0.98829245
                    0.79                      -1.0478659
                  0.7925                      -1.1108087
                   0.795                      -1.1773363
                  0.7975                      -1.2476855
                     0.8                      -1.3221184
                  0.8025                      -1.4009246
                   0.805                      -1.4844213
                  0.8075                      -1.5729646
                    0.81                       -1.666947
                  0.8125                      -1.7668044
                   0.815                      -1.8730177
                  0.8175                      -1.9861276
                    0.82                      -2.1067288
                  0.8225                      -2.2354853
                   0.825                      -2.3731262
                  0.8275                      -2.5204712
                    0.83                      -2.6784251
                  0.8325                       -2.847984
                   0.835                      -3.0302538
                  0.8375                      -3.2264511
                    0.84                      -3.4379226
                  0.8425                      -3.6661304
                   0.845                      -3.9126735
                  0.8475                      -4.1792802
                    0.85                      -4.4678041
                  0.8525                       -4.780183
                   0.855                      -5.1184234
                  0.8575                       -5.484497
                    0.86                      -5.8802529
                  0.8625                      -6.3071926
                   0.865                      -6.7661524
                  0.8675                      -7.2568441
                    0.87                       -7.777118
                  0.8725                      -8.3218758
                   0.875                      -8.8815614
                  0.8775                      -9.4403603
                    0.88                      -9.9742737
                  0.8825                      -10.450154
                   0.885                      -10.827627
                  0.8875                      -11.065458
                    0.89                      -11.132579
                  0.8925                      -11.019009
                   0.895                      -10.739972
                  0.8975                      -10.329875
                     0.9                      -9.8308339
                  0.9025                      -9.2823717
                   0.905                      -8.7159967
                  0.9075                       -8.154096
                    0.91                      -7.6111707
                  0.9125                      -7.0958084
                   0.915                      -6.6124409
                  0.9175                      -6.1627769
                    0.92                      -5.7467879
                  0.9225                      -5.3634063
                   0.925                      -5.0109669
                  0.9275                      -4.6875036
                    0.93                       -4.390902
                  0.9325                      -4.1190721
                   0.935                      -3.8699764
                  0.9375                      -3.6416683
                    0.94                      -3.4323405
                  0.9425                       -3.240313
                   0.945                      -3.0640516
                  0.9475                       -2.902137
                    0.95                      -2.7532871
                  0.9525                      -2.6163399
                   0.955                      -2.4902368
                  0.9575                      -2.3740193
                    0.96                      -2.2668267
                  0.9625                      -2.1678749
                   0.965                      -2.0764605
                  0.9675                      -1.9919481
                    0.97                       -1.913758
                  0.9725                      -1.8413735
                   0.975                      -1.7743259
                  0.9775                      -1.7121866
                    0.98                      -1.6545732
                  0.9825                      -1.6011359
                   0.985                      -1.5515586
                  0.9875                      -1.5055527
                    0.99                      -1.4628558
                  0.9925                      -1.4232278
                   0.995                      -1.3864514
                  0.9975                      -1.3523254
                       1                      -1.3206671
                  1.0025                      -1.2913062
                   1.005                      -1.2640888
                  1.0075                      -1.2388695
                    1.01                      -1.2155139
                  1.0125                      -1.1938989
                   1.015                      -1.1739091
                  1.0175                      -1.1554365
                    1.02                      -1.1383784
                  1.0225                      -1.1226414
                   1.025                      -1.1081341
                  1.0275                      -1.0947748
                    1.03                      -1.0824812
                  1.0325                       -1.071179
                   1.035                      -1.0607976
                  1.0375                      -1.0512673
                    1.04                       -1.042525
                  1.0425                      -1.0345094
                   1.045                      -1.0271625
                  1.0475                      -1.0204302
                    1.05                      -1.0142598
                  1.0525                      -1.0086023
                   1.055                      -1.0034117
                  1.0575                     -0.99864466
                    1.06                     -0.99426001
                  1.0625                     -0.99021908
                   1.065                     -0.98648708
                  1.0675                     -0.98302973
                    1.07                     -0.97981791
                  1.0725                     -0.97682208
                   1.075                     -0.97401787
                  1.0775                     -0.97138042
                    1.08                        -0.96889
                  1.0825                      -0.9665265
                   1.085                     -0.96427361
                  1.0875                     -0.96211592
                    1.09                     -0.96004146
                  1.0925                     -0.95803759
                   1.095                     -0.95609533
                  1.0975                     -0.95420646
                     1.1                     -0.95236378
                  1.1025                     -0.95056217
                   1.105                     -0.94879652
                  1.1075                     -0.94706319
                    1.11                     -0.94535977
                  1.1125                     -0.94368445
                   1.115                     -0.94203512
                  1.1175                     -0.94041152
                    1.12                     -0.93881273
                  1.1225                     -0.93723897
                   1.125                     -0.93569002
                  1.1275                     -0.93416592
                    1.13                     -0.93266825
                  1.1325                     -0.93119667
                   1.135                     -0.92975269
                  1.1375                     -0.92833606
                    1.14                     -0.92694912
                  1.1425                     -0.92559159
                   1.145                     -0.92426526
                  1.1475                     -0.92297077
                    1.15                     -0.92170962
                  1.1525                     -0.92048375
                   1.155                     -0.91929385
                  1.1575                     -0.91814224
                    1.16                     -0.91702992
                  1.1625                     -0.91596067
                   1.165                     -0.91493496
                  1.1675                     -0.91395609
                    1.17                     -0.91302739
                  1.1725                      -0.9121508
                   1.175                     -0.91133008
                  1.1775                     -0.91056843
                    1.18                     -0.90987027
                  1.1825                     -0.90923847
                   1.185                     -0.90867755
                  1.1875                     -0.90819097
                    1.19                       -0.907784
                  1.1925                      -0.9074605
                   1.195                     -0.90722444
                  1.1975                     -0.90708066
                     1.2                     -0.90703308
                  1.2025                      -0.9070858
                   1.205                     -0.90724308
                  1.2075                      -0.9075088
                    1.21                     -0.90788696
                  1.2125                     -0.90838051
                   1.215                     -0.90899256
                  1.2175                     -0.90972645
                    1.22                     -0.91058479
                  1.2225                     -0.91156886
                   1.225                     -0.91268247
                  1.2275                     -0.91392542
                    1.23                     -0.91530021
                  1.2325                     -0.91680744
                   1.235                     -0.91844742
                  1.2375                     -0.92022144
                    1.24                     -0.92212899
                  1.2425                     -0.92417047
                   1.245                      -0.9263459
                  1.2475                     -0.92865349
                    1.25                     -0.93109439
                  1.2525                     -0.93366755
                   1.255                     -0.93637197
                  1.2575                      -0.9392077
                    1.26                     -0.94217419
                  1.2625                     -0.94527121
                   1.265                     -0.94849807
                  1.2675                     -0.95185473
                    1.27                     -0.95534168
                  1.2725                     -0.95895947
                   1.275                     -0.96270813
                  1.2775                     -0.96658901
                    1.28                     -0.97060337
                  1.2825                     -0.97475241
                   1.285                     -0.97903853
                  1.2875                     -0.98346261
                    1.29                     -0.98802803
                  1.2925                     -0.99273703
                   1.295                     -0.99759198
                  1.2975                       -1.002597
                     1.3                      -1.0077546
                  1.3025                       -1.013068
                   1.305                      -1.0185408
                  1.3075                      -1.0241764
                    1.31                      -1.0299783
                  1.3125                      -1.0359508
                   1.315                      -1.0420958
                  1.3175                      -1.0484184
                    1.32                      -1.0549219
                  1.3225                      -1.0616087
                   1.325                      -1.0684815
                  1.3275                      -1.0755435
                    1.33                      -1.0827984
                  1.3325                      -1.0902476
                   1.335                       -1.097894
                  1.3375                      -1.1057395
                    1.34                      -1.1137862
                  1.3425                       -1.122035
                   1.345                      -1.1304886
                  1.3475                      -1.1391472
                    1.35                      -1.1480137
                  1.3525                      -1.1570876
                   1.355                      -1.1663713
                  1.3575                      -1.1758661
                    1.36                      -1.1855724
                  1.3625                      -1.1954927
                   1.365                      -1.2056279
                  1.3675                      -1.2159789
                    1.37                      -1.2265488
                  1.3725                      -1.2373391
                   1.375                      -1.2483523
                  1.3775                       -1.259592
                    1.38                      -1.2710599
                  1.3825                      -1.2827607
                   1.385                      -1.2946976
                  1.3875                      -1.3068739
                    1.39                      -1.3192965
                  1.3925                      -1.3319686
                   1.395                      -1.3448965
                  1.3975                      -1.3580849
                     1.4                       -1.371541
                  1.4025                      -1.3852705
                   1.405                      -1.3992807
                  1.4075                      -1.4135758
                    1.41                      -1.4281664
                  1.4125                      -1.4430581
                   1.415                      -1.4582562
                  1.4175                      -1.4737711
                    1.42                      -1.4896086
                  1.4225                      -1.5057758
                   1.425                      -1.5222786
                  1.4275                      -1.5391245
                    1.43                      -1.5563208
                  1.4325                      -1.5738734
                   1.435                       -1.591787
                  1.4375                      -1.6100704
                    1.44                       -1.628727
                  1.4425                      -1.6477625
                   1.445                      -1.6671813
                  1.4475                      -1.6869884
                    1.45                       -1.707189
                  1.4525                      -1.7277865
                   1.455                      -1.7487847
                  1.4575                      -1.7701891
                    1.46                      -1.7920019
                  1.4625                      -1.8142273
                   1.465                      -1.8368696
                  1.4675                      -1.8599318
                    1.47                      -1.8834187
                  1.4725                      -1.9073338
                   1.475                      -1.9316812
                  1.4775                      -1.9564677
                    1.48                      -1.9816973
                  1.4825                      -2.0073737
                   1.485                      -2.0335063
                  1.4875                      -2.0600968
                    1.49                      -2.0871556
                  1.4925                      -2.1146896
                   1.495                      -2.1427036
                  1.4975                      -2.1712092
                     1.5                      -2.2002114
                  1.5025                      -2.2297212
                   1.505                      -2.2597455
                  1.5075                       -2.290292
                    1.51                      -2.3213712
                  1.5125                      -2.3529926
                   1.515                      -2.3851623
                  1.5175                      -2.4178896
                    1.52                      -2.4511842
                  1.5225                      -2.4850503
                   1.525                       -2.519496
                  1.5275                      -2.5545224
                    1.53                       -2.590142
                  1.5325                      -2.6263546
                   1.535                      -2.6631604
                  1.5375                      -2.7005638
                    1.54                      -2.7385657
                  1.5425                      -2.7771645
                   1.545                      -2.8163564
                  1.5475                       -2.856134
                    1.55                         -2.8965
                  1.5525                      -2.9374438
                   1.555                      -2.9789531
                  1.5575                       -3.021027
                    1.56                      -3.0636517
                  1.5625                      -3.1068133
                   1.565                      -3.1504991
                  1.5675                      -3.1946965
                    1.57                      -3.2393918
                  1.5725                      -3.2845703
                   1.575                      -3.3302085
                  1.5775                      -3.3762998
                    1.58                      -3.4228199
                  1.5825                      -3.4697515
                   1.585                       -3.517076
                  1.5875                      -3.5647744
                    1.59                       -3.612828
                  1.5925                      -3.6612124
                   1.595                      -3.7099079
                  1.5975                      -3.7588957
                     1.6                      -3.8081504
                  1.6025                      -3.8576438
                   1.605                      -3.9073553
                  1.6075                      -3.9572535
                    1.61                      -4.0073123
                  1.6125                      -4.0574993
                   1.615                      -4.1077812
                  1.6175                       -4.158124
                    1.62                      -4.2084854
                  1.6225                      -4.2588276
                   1.625                      -4.3091047
                  1.6275                      -4.3592682
                    1.63                      -4.4092653
                  1.6325                      -4.4590451
                   1.635                      -4.5085452
                  1.6375                      -4.5577085
                    1.64                       -4.606467
                  1.6425                      -4.6547548
                   1.645                      -4.7025011
                  1.6475                      -4.7496303
                    1.65                      -4.7960729
                  1.6525                      -4.8417498
                   1.655                      -4.8865802
                  1.6575                      -4.9304897
                    1.66                      -4.9734029
                  1.6625                      -5.0152391
                   1.665                       -5.055922
                  1.6675                      -5.0953778
                    1.67                      -5.1335391
                  1.6725                      -5.1703358
                   1.675                      -5.2056986
                  1.6775                      -5.2395761
                    1.68                      -5.2719055
                  1.6825                      -5.3026384
                   1.685                      -5.3317262
                  1.6875                      -5.3591284
                    1.69                       -5.384807
                  1.6925                       -5.408731
                   1.695                      -5.4308741
                  1.6975                      -5.4512102
                     1.7                      -5.4697313
                  1.7025                      -5.4864105
                   1.705                      -5.5012404
                  1.7075                      -5.5142204
                    1.71                      -5.5253396
                  1.7125                      -5.5346015
                   1.715                      -5.5419983
                  1.7175                      -5.5475437
                    1.72                      -5.5512348
                  1.7225                      -5.5530817
                   1.725                      -5.5530961
                  1.7275                      -5.5512821
                    1.73                      -5.5476599
                  1.7325                      -5.5422369
                   1.735                      -5.5350356
                  1.7375                      -5.5260762
                    1.74                      -5.5153778
                  1.7425                      -5.5029661
                   1.745                      -5.4888698
                  1.7475                      -5.4731246
                    1.75                       -5.455764
                  1.7525                      -5.4368285
                   1.755                      -5.4163599
                  1.7575                      -5.3944075
                    1.76                      -5.3710219
                  1.7625                      -5.3462594
                   1.765                       -5.320177
                  1.7675                       -5.292838
                    1.77                      -5.2643039
                  1.7725                      -5.2346421
                   1.775                      -5.2039227
                  1.7775                      -5.1722133
                    1.78                      -5.1395819
                  1.7825                      -5.1061016
                   1.785                      -5.0718388
                  1.7875                      -5.0368648
                    1.79                      -5.0012419
                  1.7925                      -4.9650358
                   1.795                      -4.9283077
                  1.7975                      -4.8911152
                     1.8                      -4.8535108
                  1.8025                      -4.8155466
                   1.805                       -4.777269
                  1.8075                      -4.7387224
                    1.81                      -4.6999414
                  1.8125                      -4.6609623
                   1.815                      -4.6218182
                  1.8175                      -4.5825319
                    1.82                      -4.5431295
                  1.8225                      -4.5036319
                   1.825                       -4.464058
                  1.8275                      -4.4244229
                    1.83                      -4.3847398
                  1.8325                      -4.3450229
                   1.835                      -4.3052859
                  1.8375                      -4.2655353
                    1.84                       -4.225785
                  1.8425                      -4.1860475
                   1.845                      -4.1463321
                  1.8475                      -4.1066543
                    1.85                       -4.067025
                  1.8525                      -4.0274618
                   1.855                      -3.9879787
                  1.8575                      -3.9485927
                    1.86                      -3.9093226
                  1.8625                      -3.8701894
                   1.865                      -3.8312122
                  1.8675                      -3.7924137
                    1.87                      -3.7538153
                  1.8725                      -3.7154373
                   1.875                      -3.6773058
                  1.8775                      -3.6394386
                    1.88                      -3.6018614
                  1.8825                      -3.5645908
                   1.885                       -3.527649
                  1.8875                      -3.4910546
                    1.89                      -3.4548236
                  1.8925                      -3.4189695
                   1.895                       -3.383507
                  1.8975                      -3.3484459
                     1.9                      -3.3137965
                  1.9025                      -3.2795641
                   1.905                      -3.2457541
                  1.9075                      -3.2123724
                    1.91                      -3.1794169
                  1.9125                      -3.1468879
                   1.915                       -3.114786
                  1.9175                      -3.0831075
                    1.92                      -3.0518485
                  1.9225                      -3.0210071
                   1.925                      -2.9905784
                  1.9275                      -2.9605614
                    1.93                      -2.9309496
                  1.9325                      -2.9017437
                   1.935                      -2.8729436
                  1.9375                      -2.8445476
                    1.94                      -2.8165604
                  1.9425                      -2.7889861
                   1.945                      -2.7618323
                  1.9475                      -2.7351077
                    1.95                      -2.7088224
                  1.9525                      -2.6829917
                   1.955                      -2.6576321
                  1.9575                      -2.6327602
                    1.96                      -2.6083969
                  1.9625                      -2.5845646
                   1.965                      -2.5612878
                  1.9675                      -2.5385914
                    1.97                      -2.5164999
                  1.9725                      -2.4950422
                   1.975                      -2.4742443
                  1.9775                      -2.4541332
                    1.98                       -2.434736
                  1.9825                       -2.416079
                   1.985                      -2.3981856
                  1.9875                      -2.3810798
                    1.99                      -2.3647818
                  1.9925                      -2.3493111
                   1.995                      -2.3346833
                  1.9975                       -2.320911
                       2                      -2.3080044
                  2.0025                      -2.2959694
                   2.005                      -2.2848087
                  2.0075                      -2.2745204
                    2.01                      -2.2650978
                  2.0125                      -2.2565307
                   2.015                      -2.2488038
                  2.0175                      -2.2418965
                    2.02                      -2.2357832
                  2.0225                      -2.2304337
                   2.025                      -2.2258122
                  2.0275                      -2.2218776
                    2.03                      -2.2185839
                  2.0325                      -2.2158788
                   2.035                      -2.2137068
                  2.0375                      -2.2120067
                    2.04                       -2.210711
                  2.0425                      -2.2097507
                   2.045                      -2.2090522
                  2.0475                      -2.2085374
                    2.05                       -2.208127
                  2.0525                      -2.2077399
                   2.055                       -2.207294
                  2.0575                      -2.2067073
                    2.06                      -2.2058983
                  2.0625                      -2.2047887
                   2.065                      -2.2033037
                  2.0675                      -2.2013719
                    2.07                      -2.1989284
                  2.0725                      -2.1959156
                   2.075                      -2.1922826
                  2.0775                      -2.1879883
                    2.08                      -2.1829998
                  2.0825                       -2.177295
                   2.085                      -2.1708617
                  2.0875                      -2.1636985
                    2.09                      -2.1558133
                  2.0925                      -2.1472258
                   2.095                      -2.1379628
                  2.0975                      -2.1280621
                     2.1                      -2.1175669
                  2.1025                      -2.1065294
                   2.105                      -2.0950052
                  2.1075                      -2.0830571
                    2.11                      -2.0707467
                  2.1125                      -2.0581412
                   2.115                      -2.0453066
                  2.1175                      -2.0323082
                    2.12                      -2.0192096
                  2.1225                      -2.0060726
                   2.125                      -1.9929542
                  2.1275                      -1.9799086
                    2.13                      -1.9669822
                  2.1325                      -1.9542195
                   2.135                      -1.9416567
                  2.1375                      -1.9293254
                    2.14                      -1.9172494
                  2.1425                       -1.905449
                   2.145                      -1.8939367
                  2.1475                      -1.8827189
                    2.15                      -1.8717973
                  2.1525                      -1.8611676
                   2.155                       -1.850821
                  2.1575                      -1.8407443
                    2.16                      -1.8309198
                  2.1625                      -1.8213272
                   2.165                      -1.8119407
                  2.1675                      -1.8027352
                    2.17                      -1.7936813
                  2.1725                      -1.7847499
                   2.175                      -1.7759102
                  2.1775                      -1.7671308
                    2.18                      -1.7583821
                  2.1825                      -1.7496347
                   2.185                      -1.7408592
                  2.1875                      -1.7320299
                    2.19                      -1.7231234
                  2.1925                      -1.7141171
                   2.195                      -1.7049931
                  2.1975                      -1.6957356
                     2.2                       -1.686333
                  2.2025                      -1.6767758
                   2.205                       -1.667058
                  2.2075                      -1.6571782
                    2.21                      -1.6471363
                  2.2125                      -1.6369372
                   2.215                      -1.6265861
                  2.2175                       -1.616092
                    2.22                      -1.6054668
                  2.2225                      -1.5947217
                   2.225                      -1.5838702
                  2.2275                       -1.572928
                    2.23                      -1.5619093
                  2.2325                      -1.5508289
                   2.235                      -1.5397029
                  2.2375                      -1.5285449
                    2.24                      -1.5173688
                  2.2425                      -1.5061866
                   2.245                      -1.4950088
                  2.2475                      -1.4838468
                    2.25                      -1.4727073
                  2.2525                      -1.4615976
                   2.255                      -1.4505231
                  2.2575                       -1.439485
                    2.26                      -1.4284873
                  2.2625                      -1.4175293
                   2.265                      -1.4066095
                  2.2675                      -1.3957277
                    2.27                       -1.384879
                  2.2725                      -1.3740601
                   2.275                      -1.3632683
                  2.2775                      -1.3524962
                    2.28                      -1.3417411
                  2.2825                      -1.3309976
                   2.285                      -1.3202607
                  2.2875                      -1.3095276
                    2.29                       -1.298794
                  2.2925                      -1.2880591
                   2.295                      -1.2773194
                  2.2975                      -1.2665737
                     2.3                      -1.2558241
                  2.3025                      -1.2450709
                   2.305                      -1.2343154
                  2.3075                      -1.2235629
                    2.31                      -1.2128172
                  2.3125                      -1.2020812
                   2.315                      -1.1913633
                  2.3175                      -1.1806672
                    2.32                      -1.1700023
                  2.3225                      -1.1593746
                   2.325                      -1.1487903
                  2.3275                      -1.1382586
                    2.33                      -1.1277858
                  2.3325                      -1.1173788
                   2.335                       -1.107044
                  2.3375                      -1.0967866
                    2.34                      -1.0866132
                  2.3425                       -1.076528
                   2.345                      -1.0665339
                  2.3475                      -1.0566351
                    2.35                      -1.0468335
                  2.3525                      -1.0371286
                   2.355                      -1.0275229
                  2.3575                      -1.0180139
                    2.36                      -1.0086027
                  2.3625                     -0.99928534
                   2.365                     -0.99005963
                  2.3675                     -0.98092366
                    2.37                     -0.97187154
                  2.3725                     -0.96290114
                   2.375                     -0.95400773
                  2.3775                     -0.94518623
                    2.38                     -0.93643365
                  2.3825                     -0.92774511
                   2.385                     -0.91911627
                  2.3875                     -0.91054486
                    2.39                      -0.9020259
                  2.3925                     -0.89355648
                   2.395                     -0.88513566
                  2.3975                     -0.87676032
                     2.4                     -0.86843024
                  2.4025                     -0.86014445
                   2.405                     -0.85190282
                  2.4075                      -0.8437062
                    2.41                      -0.8355546
                  2.4125                     -0.82745122
                   2.415                     -0.81939727
                  2.4175                     -0.81139484
                    2.42                     -0.80344764
                  2.4225                     -0.79555854
                   2.425                     -0.78772914
                  2.4275                     -0.77996414
                    2.43                     -0.77226616
                  2.4325                     -0.76463737
                   2.435                     -0.75708235
                  2.4375                     -0.74960191
                    2.44                     -0.74219964
                  2.4425                     -0.73487757
                   2.445                     -0.72763494
                  2.4475                     -0.72047499
                    2.45                     -0.71339687
                  2.4525                     -0.70640156
                   2.455                     -0.69948823
                  2.4575                     -0.69265538
                    2.46                     -0.68590319
                  2.4625                     -0.67922827
                   2.465                     -0.67262839
                  2.4675                     -0.66610227
                    2.47                     -0.65964662
                  2.4725                      -0.6532577
                   2.475                     -0.64693381
                  2.4775                     -0.64067047
                    2.48                     -0.63446617
                  2.4825                     -0.62831605
                   2.485                     -0.62221752
                  2.4875                     -0.61616852
                    2.49                     -0.61016543
                  2.4925                     -0.60420719
                   2.495                     -0.59829114
                  2.4975                     -0.59241593
                     2.5                     -0.58658019
                  2.5025                     -0.58078331
                   2.505                     -0.57502432
                  2.5075                     -0.56930419
                    2.51                     -0.56362275
                  2.5125                     -0.55798057
                   2.515                      -0.5523799
                  2.5175                     -0.54682053
                    2.52                     -0.54130529
                  2.5225                     -0.53583543
                   2.525                     -0.53041293
                  2.5275                     -0.52504026
                    2.53                     -0.51971899
                  2.5325                      -0.5144518
                   2.535                     -0.50924074
                  2.5375                     -0.50408662
                    2.54                     -0.49899218
                  2.5425                     -0.49395856
                   2.545                     -0.48898651
                  2.5475                     -0.48407782
                    2.55                      -0.4792326
                  2.5525                     -0.47445125
                   2.555                     -0.46973365
                  2.5575                     -0.46507912
                    2.56                     -0.46048765
                  2.5625                     -0.45595782
                   2.565                     -0.45148806
                  2.5675                     -0.44707736
                    2.57                     -0.44272337
                  2.5725                     -0.43842501
                   2.575                     -0.43417913
                  2.5775                     -0.42998354
                    2.58                     -0.42583653
                  2.5825                     -0.42173536
                   2.585                     -0.41767759
                  2.5875                     -0.41366147
                    2.59                     -0.40968493
                  2.5925                     -0.40574511
                   2.595                     -0.40184111
                  2.5975                     -0.39797095
                     2.6                     -0.39413387
                  2.6025                     -0.39032846
                   2.605                     -0.38655392
                  2.6075                     -0.38281043
                    2.61                     -0.37909698
                  2.6125                     -0.37541439
                   2.615                     -0.37176279
                  2.6175                     -0.36814267
                    2.62                     -0.36455534
                  2.6225                     -0.36100159
                   2.625                     -0.35748246
                  2.6275                     -0.35400017
                    2.63                     -0.35055509
                  2.6325                     -0.34714893
                   2.635                     -0.34378364
                  2.6375                     -0.34046008
                    2.64                     -0.33718014
                  2.6425                     -0.33394481
                   2.645                     -0.33075491
                  2.6475                     -0.32761202
                    2.65                     -0.32451588
                  2.6525                     -0.32146769
                   2.655                     -0.31846738
                  2.6575                     -0.31551467
                    2.66                     -0.31260969
                  2.6625                      -0.3097517
                   2.665                     -0.30693977
                  2.6675                      -0.3041729
                    2.67                     -0.30144978
                  2.6725                     -0.29876867
                   2.675                     -0.29612841
                  2.6775                     -0.29352662
                    2.68                     -0.29096189
                  2.6825                     -0.28843214
                   2.685                      -0.2859348
                  2.6875                     -0.28346837
                    2.69                     -0.28103047
                  2.6925                     -0.27861962
                   2.695                     -0.27623368
                  2.6975                     -0.27387083
                     2.7                     -0.27152991
                  2.7025                     -0.26920968
                   2.705                     -0.26690851
                  2.7075                       -0.264626
                    2.71                      -0.2623614
                  2.7125                     -0.26011418
                   2.715                     -0.25788456
                  2.7175                     -0.25567233
                    2.72                     -0.25347841
                  2.7225                     -0.25130287
                   2.725                     -0.24914648
                  2.7275                      -0.2470105
                    2.73                     -0.24489571
                  2.7325                     -0.24280368
                   2.735                     -0.24073555
                  2.7375                     -0.23869227
                    2.74                     -0.23667588
                  2.7425                     -0.23468702
                   2.745                     -0.23272698
                  2.7475                     -0.23079716
                    2.75                     -0.22889833
                  2.7525                     -0.22703117
                   2.755                     -0.22519671
                  2.7575                     -0.22339502
                    2.76                     -0.22162637
                  2.7625                     -0.21989076
                   2.765                     -0.21818774
                  2.7675                     -0.21651704
                    2.77                      -0.2148776
                  2.7725                     -0.21326881
                   2.775                     -0.21168935
                  2.7775                     -0.21013757
                    2.78                     -0.20861221
                  2.7825                     -0.20711156
                   2.785                     -0.20563369
                  2.7875                     -0.20417691
                    2.79                     -0.20273934
                  2.7925                     -0.20131884
                   2.795                     -0.19991405
                  2.7975                     -0.19852264
                     2.8                     -0.19714327
                  2.8025                     -0.19577439
                   2.805                     -0.19441448
                  2.8075                      -0.1930626
                    2.81                     -0.19171763
                  2.8125                     -0.19037916
                   2.815                     -0.18904643
                  2.8175                     -0.18771921
                    2.82                     -0.18639778
                  2.8225                     -0.18508231
                   2.825                     -0.18377329
                  2.8275                     -0.18247164
                    2.83                     -0.18117831
                  2.8325                     -0.17989419
                   2.835                     -0.17862083
                  2.8375                     -0.17735934
                    2.84                      -0.1761115
                  2.8425                     -0.17487863
                   2.845                     -0.17366218
                  2.8475                     -0.17246381
                    2.85                     -0.17128479
                  2.8525                     -0.17012641
                   2.855                     -0.16898978
                  2.8575                      -0.1678758
                    2.86                     -0.16678541
                  2.8625                     -0.16571909
                   2.865                     -0.16467699
                  2.8675                     -0.16365941
                    2.87                     -0.16266597
                  2.8725                      -0.1616961
                   2.875                     -0.16074929
                  2.8775                     -0.15982444
                    2.88                     -0.15892038
                  2.8825                      -0.1580358
                   2.885                     -0.15716897
                  2.8875                     -0.15631829
                    2.89                     -0.15548178
                  2.8925                     -0.15465762
                   2.895                      -0.1538438
                  2.8975                     -0.15303827
                     2.9                     -0.15223933
                  2.9025                     -0.15144494
                   2.905                     -0.15065355
                  2.9075                     -0.14986348
                    2.91                     -0.14907347
                  2.9125                     -0.14828226
                   2.915                      -0.1474892
                  2.9175                     -0.14669342
                    2.92                     -0.14589489
                  2.9225                     -0.14509339
                   2.925                     -0.14428922
                  2.9275                     -0.14348293
                    2.93                     -0.14267524
                  2.9325                     -0.14186739
                   2.935                      -0.1410606
                  2.9375                     -0.14025623
                    2.94                     -0.13945611
                  2.9425                     -0.13866203
                   2.945                     -0.13787561
                  2.9475                     -0.13709898
                    2.95                     -0.13633391
                  2.9525                      -0.1355821
                   2.955                     -0.13484558
                  2.9575                     -0.13412567
                    2.96                     -0.13342391
                  2.9625                      -0.1327415
                   2.965                     -0.13207923
                  2.9675                     -0.13143798
                    2.97                     -0.13081793
                  2.9725                     -0.13021932
                   2.975                     -0.12964175
                  2.9775                     -0.12908467
                    2.98                     -0.12854739
                  2.9825                     -0.12802858
                   2.985                     -0.12752678
                  2.9875                     -0.12704035
                    2.99                     -0.12656738
                  2.9925                      -0.1261058
                   2.995                     -0.12565341
                  2.9975                     -0.12520782
                       3                     -0.12476679
