Frequency    S2,2_[55]

                     0.5                   -0.0025945862
                  0.5025                   -0.0027641575
                   0.505                   -0.0029469268
                  0.5075                   -0.0031439813
                    0.51                   -0.0033564255
                  0.5125                   -0.0035854973
                   0.515                   -0.0038325027
                  0.5175                   -0.0040988127
                    0.52                   -0.0043859047
                  0.5225                   -0.0046953766
                   0.525                   -0.0050289499
                  0.5275                   -0.0053884466
                    0.53                   -0.0057758979
                  0.5325                   -0.0061934208
                   0.535                   -0.0066435094
                  0.5375                   -0.0071287062
                    0.54                   -0.0076519347
                  0.5425                   -0.0082163538
                   0.545                   -0.0088255767
                  0.5475                   -0.0094835132
                    0.55                     -0.01019463
                  0.5525                    -0.010963814
                   0.555                    -0.011796658
                  0.5575                    -0.012699387
                    0.56                    -0.013679048
                  0.5625                    -0.014743534
                   0.565                    -0.015901926
                  0.5675                    -0.017164176
                    0.57                    -0.018541956
                  0.5725                    -0.020048083
                   0.575                    -0.021697536
                  0.5775                    -0.023506936
                    0.58                    -0.025495448
                  0.5825                    -0.027684807
                   0.585                    -0.030099918
                  0.5875                    -0.032768937
                    0.59                     -0.03572461
                  0.5925                    -0.039004159
                   0.595                    -0.042650307
                  0.5975                    -0.046712564
                     0.6                    -0.051248147
                  0.6025                    -0.056323182
                   0.605                    -0.062014582
                  0.6075                    -0.068411981
                    0.61                    -0.075620752
                  0.6125                    -0.083764416
                   0.615                    -0.092988352
                  0.6175                     -0.10346519
                    0.62                     -0.11540074
                  0.6225                     -0.12903995
                   0.625                     -0.14467813
                  0.6275                     -0.16267138
                    0.63                     -0.18345252
                  0.6325                     -0.20755022
                   0.635                      -0.2356117
                  0.6375                     -0.26843934
                    0.64                     -0.30702906
                  0.6425                     -0.35262426
                   0.645                     -0.40678846
                  0.6475                     -0.47149997
                    0.65                     -0.54927081
                  0.6525                     -0.64330498
                   0.655                     -0.75769328
                  0.6575                     -0.89766413
                    0.66                      -1.0698586
                  0.6625                      -1.2826049
                   0.665                      -1.5461103
                  0.6675                      -1.8722601
                    0.67                      -2.2736465
                  0.6725                       -2.760776
                   0.675                      -3.3359694
                  0.6775                      -3.9822018
                    0.68                      -4.6471578
                  0.6825                      -5.2315668
                   0.685                      -5.6063371
                  0.6875                      -5.6772514
                    0.69                      -5.4514484
                  0.6925                      -5.0261634
                   0.695                      -4.5167156
                  0.6975                      -4.0058444
                     0.7                      -3.5366131
                  0.7025                      -3.1247666
                   0.705                      -2.7714842
                  0.7075                      -2.4715846
                    0.71                      -2.2178342
                  0.7125                      -2.0029484
                   0.715                      -1.8203779
                  0.7175                       -1.664555
                    0.72                      -1.5308509
                  0.7225                      -1.4154788
                   0.725                      -1.3153569
                  0.7275                      -1.2279712
                    0.73                      -1.1512768
                  0.7325                      -1.0836026
                   0.735                      -1.0235734
                  0.7375                     -0.97005787
                    0.74                     -0.92211739
                  0.7425                     -0.87896744
                   0.745                     -0.83995433
                  0.7475                     -0.80452531
                    0.75                     -0.77221418
                  0.7525                      -0.7426235
                   0.755                      -0.7154152
                  0.7575                     -0.69029862
                    0.76                     -0.66702384
                  0.7625                     -0.64537492
                   0.765                     -0.62516399
                  0.7675                      -0.6062285
                    0.77                     -0.58842622
                  0.7725                     -0.57163377
                   0.775                     -0.55574188
                  0.7775                      -0.5406549
                    0.78                     -0.52628967
                  0.7825                     -0.51257249
                   0.785                     -0.49943845
                  0.7875                     -0.48683085
                    0.79                     -0.47469931
                  0.7925                     -0.46300033
                   0.795                     -0.45169521
                  0.7975                     -0.44074992
                     0.8                     -0.43013578
                  0.8025                     -0.41982683
                   0.805                     -0.40980092
                  0.8075                     -0.40003901
                    0.81                     -0.39052439
                  0.8125                     -0.38124303
                   0.815                     -0.37218275
                  0.8175                     -0.36333351
                    0.82                     -0.35468672
                  0.8225                     -0.34623543
                   0.825                     -0.33797332
                  0.8275                     -0.32989558
                    0.83                     -0.32199854
                  0.8325                     -0.31427856
                   0.835                     -0.30673326
                  0.8375                     -0.29936035
                    0.84                     -0.29215813
                  0.8425                      -0.2851253
                   0.845                     -0.27826068
                  0.8475                     -0.27156331
                    0.85                     -0.26503228
                  0.8525                     -0.25866702
                   0.855                     -0.25246649
                  0.8575                     -0.24643008
                    0.86                     -0.24055707
                  0.8625                     -0.23484659
                   0.865                     -0.22929759
                  0.8675                     -0.22390933
                    0.87                     -0.21868052
                  0.8725                     -0.21361004
                   0.875                     -0.20869651
                  0.8775                     -0.20393857
                    0.88                     -0.19933479
                  0.8825                     -0.19488319
                   0.885                     -0.19058233
                  0.8875                     -0.18643026
                    0.89                     -0.18242503
                  0.8925                     -0.17856439
                   0.895                     -0.17484651
                  0.8975                     -0.17126887
                     0.9                      -0.1678292
                  0.9025                     -0.16452515
                   0.905                     -0.16135422
                  0.9075                     -0.15831391
                    0.91                     -0.15540155
                  0.9125                     -0.15261456
                   0.915                      -0.1499503
                  0.9175                     -0.14740606
                    0.92                     -0.14497926
                  0.9225                     -0.14266703
                   0.925                      -0.1404669
                  0.9275                     -0.13837611
                    0.93                     -0.13639205
                  0.9325                     -0.13451211
                   0.935                     -0.13273397
                  0.9375                     -0.13105503
                    0.94                     -0.12947302
                  0.9425                     -0.12798558
                   0.945                     -0.12659068
                  0.9475                     -0.12528618
                    0.95                     -0.12407002
                  0.9525                     -0.12294071
                   0.955                     -0.12189626
                  0.9575                     -0.12093518
                    0.96                     -0.12005616
                  0.9625                     -0.11925778
                   0.965                     -0.11853876
                  0.9675                     -0.11789836
                    0.97                     -0.11733536
                  0.9725                     -0.11684901
                   0.975                     -0.11643875
                  0.9775                     -0.11610369
                    0.98                     -0.11584349
                  0.9825                     -0.11565756
                   0.985                     -0.11554552
                  0.9875                     -0.11550698
                    0.99                     -0.11554156
                  0.9925                     -0.11564873
                   0.995                     -0.11582822
                  0.9975                     -0.11607947
                       1                      -0.1164021
                  1.0025                      -0.1167954
                   1.005                     -0.11725874
                  1.0075                     -0.11779127
                    1.01                     -0.11839204
                  1.0125                     -0.11905996
                   1.015                     -0.11979378
                  1.0175                     -0.12059213
                    1.02                     -0.12145331
                  1.0225                     -0.12237572
                   1.025                     -0.12335705
                  1.0275                     -0.12439549
                    1.03                     -0.12548857
                  1.0325                     -0.12663377
                   1.035                     -0.12782848
                  1.0375                      -0.1290697
                    1.04                     -0.13035472
                  1.0425                     -0.13168035
                   1.045                     -0.13304333
                  1.0475                     -0.13444051
                    1.05                     -0.13586868
                  1.0525                     -0.13732445
                   1.055                     -0.13880445
                  1.0575                     -0.14030561
                    1.06                     -0.14182468
                  1.0625                     -0.14335851
                   1.065                     -0.14490414
                  1.0675                     -0.14645862
                    1.07                     -0.14801949
                  1.0725                     -0.14958397
                   1.075                     -0.15114996
                  1.0775                     -0.15271529
                    1.08                     -0.15427808
                  1.0825                     -0.15583653
                   1.085                     -0.15738935
                  1.0875                     -0.15893508
                    1.09                     -0.16047308
                  1.0925                     -0.16200212
                   1.095                     -0.16352192
                  1.0975                      -0.1650319
                     1.1                     -0.16653191
                  1.1025                     -0.16802189
                   1.105                     -0.16950183
                  1.1075                     -0.17097188
                    1.11                     -0.17243243
                  1.1125                     -0.17388406
                   1.115                     -0.17532702
                  1.1175                     -0.17676203
                    1.12                     -0.17818954
                  1.1225                     -0.17961048
                   1.125                     -0.18102538
                  1.1275                     -0.18243487
                    1.13                        -0.18384
                  1.1325                      -0.1852414
                   1.135                     -0.18663985
                  1.1375                     -0.18803608
                    1.14                     -0.18943121
                  1.1425                     -0.19082584
                   1.145                     -0.19222092
                  1.1475                     -0.19361718
                    1.15                     -0.19501575
                  1.1525                     -0.19641772
                   1.155                     -0.19782364
                  1.1575                      -0.1992351
                    1.16                     -0.20065297
                  1.1625                     -0.20207845
                   1.165                     -0.20351251
                  1.1675                     -0.20495693
                    1.17                     -0.20641284
                  1.1725                     -0.20788157
                   1.175                     -0.20936444
                  1.1775                     -0.21086365
                    1.18                     -0.21238033
                  1.1825                     -0.21391623
                   1.185                     -0.21547299
                  1.1875                     -0.21705256
                    1.19                     -0.21865659
                  1.1925                      -0.2202871
                   1.195                     -0.22194544
                  1.1975                     -0.22363392
                     1.2                     -0.22535445
                  1.2025                     -0.22710827
                   1.205                     -0.22889772
                  1.2075                     -0.23072415
                    1.21                     -0.23258978
                  1.2125                     -0.23449555
                   1.215                      -0.2364437
                  1.2175                     -0.23843541
                    1.22                     -0.24047234
                  1.2225                     -0.24255562
                   1.225                      -0.2446871
                  1.2275                     -0.24686713
                    1.23                     -0.24909763
                  1.2325                     -0.25137933
                   1.235                     -0.25371341
                  1.2375                     -0.25610102
                    1.24                     -0.25854267
                  1.2425                     -0.26103974
                   1.245                     -0.26359271
                  1.2475                     -0.26620243
                    1.25                     -0.26887001
                  1.2525                     -0.27159612
                   1.255                     -0.27438169
                  1.2575                     -0.27722735
                    1.26                     -0.28013492
                  1.2625                      -0.2831047
                   1.265                     -0.28613805
                  1.2675                     -0.28923591
                    1.27                     -0.29239975
                  1.2725                      -0.2956312
                   1.275                      -0.2989312
                  1.2775                     -0.30230186
                    1.28                     -0.30574486
                  1.2825                     -0.30926152
                   1.285                     -0.31285448
                  1.2875                     -0.31652524
                    1.29                     -0.32027624
                  1.2925                      -0.3241096
                   1.295                     -0.32802744
                  1.2975                     -0.33203302
                     1.3                       -0.336128
                  1.3025                     -0.34031502
                   1.305                     -0.34459664
                  1.3075                     -0.34897514
                    1.31                     -0.35345356
                  1.3125                     -0.35803463
                   1.315                     -0.36271968
                  1.3175                     -0.36751221
                    1.32                     -0.37241456
                  1.3225                     -0.37742893
                   1.325                     -0.38255715
                  1.3275                     -0.38780109
                    1.33                     -0.39316422
                  1.3325                     -0.39864762
                   1.335                     -0.40425323
                  1.3375                     -0.40998305
                    1.34                     -0.41583868
                  1.3425                     -0.42182162
                   1.345                     -0.42793394
                  1.3475                     -0.43417622
                    1.35                     -0.44055064
                  1.3525                     -0.44705788
                   1.355                     -0.45370004
                  1.3575                     -0.46047878
                    1.36                     -0.46739421
                  1.3625                     -0.47444916
                   1.365                     -0.48164408
                  1.3675                     -0.48898025
                    1.37                        -0.49646
                  1.3725                     -0.50408397
                   1.375                     -0.51185442
                  1.3775                     -0.51977343
                    1.38                     -0.52784173
                  1.3825                     -0.53606172
                   1.385                     -0.54443511
                  1.3875                     -0.55296266
                    1.39                     -0.56164811
                  1.3925                      -0.5704919
                   1.395                     -0.57949609
                  1.3975                     -0.58866186
                     1.4                     -0.59799132
                  1.4025                     -0.60748536
                   1.405                     -0.61714526
                  1.4075                     -0.62696985
                    1.41                     -0.63696267
                  1.4125                     -0.64712165
                   1.415                     -0.65744542
                  1.4175                     -0.66793557
                    1.42                     -0.67858924
                  1.4225                     -0.68940442
                   1.425                     -0.70037785
                  1.4275                     -0.71150601
                    1.43                     -0.72278574
                  1.4325                     -0.73421198
                   1.435                     -0.74577799
                  1.4375                     -0.75747915
                    1.44                     -0.76930742
                  1.4425                     -0.78125489
                   1.445                     -0.79331292
                  1.4475                     -0.80547188
                    1.45                     -0.81772279
                  1.4525                      -0.8300535
                   1.455                     -0.84245309
                  1.4575                     -0.85491006
                    1.46                     -0.86741089
                  1.4625                      -0.8799426
                   1.465                      -0.8924921
                  1.4675                     -0.90504453
                    1.47                     -0.91758519
                  1.4725                     -0.93009918
                   1.475                     -0.94257043
                  1.4775                     -0.95498448
                    1.48                     -0.96732465
                  1.4825                     -0.97957249
                   1.485                     -0.99171405
                  1.4875                      -1.0037293
                    1.49                      -1.0156024
                  1.4925                      -1.0273157
                   1.495                      -1.0388491
                  1.4975                      -1.0501861
                     1.5                      -1.0613058
                  1.5025                      -1.0721905
                   1.505                      -1.0828199
                  1.5075                      -1.0931731
                    1.51                      -1.1032312
                  1.5125                      -1.1129745
                   1.515                       -1.122381
                  1.5175                      -1.1314312
                    1.52                      -1.1401053
                  1.5225                      -1.1483822
                   1.525                       -1.156243
                  1.5275                      -1.1636664
                    1.53                      -1.1706371
                  1.5325                      -1.1771357
                   1.535                      -1.1831453
                  1.5375                       -1.188651
                    1.54                      -1.1936383
                  1.5425                       -1.198096
                   1.545                      -1.2020118
                  1.5475                      -1.2053764
                    1.55                      -1.2081841
                  1.5525                      -1.2104294
                   1.555                      -1.2121086
                  1.5575                      -1.2132219
                    1.56                      -1.2137704
                  1.5625                      -1.2137569
                   1.565                       -1.213187
                  1.5675                      -1.2120684
                    1.57                        -1.21041
                  1.5725                       -1.208223
                   1.575                      -1.2055198
                  1.5775                      -1.2023142
                    1.58                      -1.1986208
                  1.5825                      -1.1944565
                   1.585                      -1.1898372
                  1.5875                      -1.1847816
                    1.59                       -1.179307
                  1.5925                      -1.1734322
                   1.595                      -1.1671758
                  1.5975                      -1.1605561
                     1.6                      -1.1535923
                  1.6025                      -1.1463026
                   1.605                      -1.1387051
                  1.6075                      -1.1308182
                    1.61                       -1.122659
                  1.6125                      -1.1142456
                   1.615                      -1.1055942
                  1.6175                      -1.0967216
                    1.62                      -1.0876442
                  1.6225                      -1.0783772
                   1.625                      -1.0689369
                  1.6275                      -1.0593383
                    1.63                      -1.0495962
                  1.6325                      -1.0397251
                   1.635                      -1.0297397
                  1.6375                      -1.0196536
                    1.64                      -1.0094814
                  1.6425                     -0.99923598
                   1.645                     -0.98893104
                  1.6475                      -0.9785803
                    1.65                     -0.96819524
                  1.6525                     -0.95778893
                   1.655                     -0.94737393
                  1.6575                     -0.93696143
                    1.66                     -0.92656243
                  1.6625                     -0.91618805
                   1.665                     -0.90584863
                  1.6675                      -0.8955545
                    1.67                     -0.88531341
                  1.6725                     -0.87513459
                   1.675                     -0.86502674
                  1.6775                     -0.85499549
                    1.68                     -0.84504823
                  1.6825                     -0.83519077
                   1.685                     -0.82542854
                  1.6875                     -0.81576573
                    1.69                     -0.80620615
                  1.6925                     -0.79675308
                   1.695                     -0.78740963
                  1.6975                     -0.77817708
                     1.7                     -0.76905666
                  1.7025                     -0.76005028
                   1.705                     -0.75115848
                  1.7075                      -0.7423808
                    1.71                     -0.73371722
                  1.7125                     -0.72516736
                   1.715                     -0.71673099
                  1.7175                     -0.70840605
                    1.72                     -0.70019244
                  1.7225                     -0.69208905
                   1.725                       -0.684094
                  1.7275                     -0.67620706
                    1.73                     -0.66842597
                  1.7325                     -0.66075086
                   1.735                     -0.65317988
                  1.7375                     -0.64571187
                    1.74                     -0.63834674
                  1.7425                      -0.6310833
                   1.745                     -0.62392127
                  1.7475                     -0.61685987
                    1.75                     -0.60989898
                  1.7525                     -0.60303768
                   1.755                      -0.5962766
                  1.7575                     -0.58961487
                    1.76                     -0.58305281
                  1.7625                     -0.57658958
                   1.765                     -0.57022537
                  1.7675                     -0.56396015
                    1.77                     -0.55779368
                  1.7725                     -0.55172496
                   1.775                     -0.54575387
                  1.7775                     -0.53987973
                    1.78                     -0.53410186
                  1.7825                     -0.52841877
                   1.785                     -0.52283013
                  1.7875                     -0.51733453
                    1.79                     -0.51192986
                  1.7925                     -0.50661503
                   1.795                     -0.50138832
                  1.7975                     -0.49624776
                     1.8                     -0.49119104
                  1.8025                     -0.48621627
                   1.805                     -0.48132101
                  1.8075                     -0.47650346
                    1.81                     -0.47176079
                  1.8125                     -0.46709048
                   1.815                     -0.46249094
                  1.8175                     -0.45795894
                    1.82                     -0.45349264
                  1.8225                     -0.44908978
                   1.825                     -0.44474851
                  1.8275                     -0.44046673
                    1.83                     -0.43624249
                  1.8325                     -0.43207445
                   1.835                     -0.42796127
                  1.8375                     -0.42390105
                    1.84                     -0.41989327
                  1.8425                     -0.41593715
                   1.845                     -0.41203146
                  1.8475                     -0.40817638
                    1.85                     -0.40437108
                  1.8525                     -0.40061576
                   1.855                     -0.39691009
                  1.8575                     -0.39325426
                    1.86                     -0.38964843
                  1.8625                     -0.38609306
                   1.865                     -0.38258842
                  1.8675                     -0.37913489
                    1.87                     -0.37573286
                  1.8725                     -0.37238242
                   1.875                     -0.36908439
                  1.8775                     -0.36583847
                    1.88                      -0.3626454
                  1.8825                     -0.35950474
                   1.885                     -0.35641686
                  1.8875                     -0.35338164
                    1.89                     -0.35039878
                  1.8925                     -0.34746782
                   1.895                     -0.34458841
                  1.8975                     -0.34175993
                     1.9                     -0.33898178
                  1.9025                     -0.33625312
                   1.905                     -0.33357309
                  1.9075                     -0.33094114
                    1.91                     -0.32835607
                  1.9125                     -0.32581697
                   1.915                     -0.32332317
                  1.9175                     -0.32087376
                    1.92                      -0.3184679
                  1.9225                     -0.31610514
                   1.925                     -0.31378476
                  1.9275                     -0.31150664
                    1.93                     -0.30927026
                  1.9325                     -0.30707582
                   1.935                     -0.30492351
                  1.9375                      -0.3028136
                    1.94                     -0.30074686
                  1.9425                     -0.29872408
                   1.945                     -0.29674644
                  1.9475                     -0.29481521
                    1.95                     -0.29293181
                  1.9525                     -0.29109809
                   1.955                     -0.28931592
                  1.9575                     -0.28758733
                    1.96                     -0.28591447
                  1.9625                     -0.28429964
                   1.965                     -0.28274521
                  1.9675                     -0.28125358
                    1.97                     -0.27982691
                  1.9725                     -0.27846768
                   1.975                     -0.27717799
                  1.9775                     -0.27595993
                    1.98                     -0.27481544
                  1.9825                      -0.2737462
                   1.985                     -0.27275358
                  1.9875                     -0.27183873
                    1.99                     -0.27100242
                  1.9925                     -0.27024507
                   1.995                     -0.26956671
                  1.9975                     -0.26896683
                       2                     -0.26844453
                  2.0025                     -0.26799843
                   2.005                      -0.2676265
                  2.0075                     -0.26732628
                    2.01                     -0.26709462
                  2.0125                     -0.26692795
                   2.015                     -0.26682186
                  2.0175                     -0.26677165
                    2.02                     -0.26677167
                  2.0225                     -0.26681601
                   2.025                     -0.26689795
                  2.0275                     -0.26701038
                    2.03                      -0.2671457
                  2.0325                     -0.26729573
                   2.035                     -0.26745214
                  2.0375                     -0.26760621
                    2.04                     -0.26774874
                  2.0425                     -0.26787083
                   2.045                     -0.26796341
                  2.0475                     -0.26801738
                    2.05                     -0.26802405
                  2.0525                     -0.26797509
                   2.055                     -0.26786263
                  2.0575                     -0.26767941
                    2.06                     -0.26741894
                  2.0625                     -0.26707562
                   2.065                     -0.26664484
                  2.0675                     -0.26612303
                    2.07                      -0.2655077
                  2.0725                     -0.26479765
                   2.075                     -0.26399276
                  2.0775                     -0.26309417
                    2.08                     -0.26210422
                  2.0825                     -0.26102629
                   2.085                     -0.25986472
                  2.0875                     -0.25862508
                    2.09                      -0.2573134
                  2.0925                     -0.25593674
                   2.095                     -0.25450242
                  2.0975                     -0.25301845
                     2.1                     -0.25149279
                  2.1025                     -0.24993392
                   2.105                      -0.2483499
                  2.1075                     -0.24674918
                    2.11                      -0.2451392
                  2.1125                     -0.24352768
                   2.115                      -0.2419216
                  2.1175                     -0.24032735
                    2.12                     -0.23875077
                  2.1225                     -0.23719715
                   2.125                     -0.23567088
                  2.1275                     -0.23417589
                    2.13                     -0.23271493
                  2.1325                     -0.23129053
                   2.135                     -0.22990414
                  2.1375                     -0.22855669
                    2.14                     -0.22724825
                  2.1425                     -0.22597852
                   2.145                     -0.22474646
                  2.1475                     -0.22355038
                    2.15                     -0.22238825
                  2.1525                     -0.22125752
                   2.155                     -0.22015531
                  2.1575                     -0.21907841
                    2.16                     -0.21802336
                  2.1625                      -0.2169866
                   2.165                     -0.21596415
                  2.1675                     -0.21495237
                    2.17                     -0.21394735
                  2.1725                     -0.21294546
                   2.175                     -0.21194309
                  2.1775                     -0.21093675
                    2.18                     -0.20992342
                  2.1825                     -0.20890024
                   2.185                     -0.20786452
                  2.1875                     -0.20681418
                    2.19                      -0.2057475
                  2.1925                     -0.20466294
                   2.195                     -0.20355963
                  2.1975                     -0.20243689
                     2.2                      -0.2012947
                  2.2025                     -0.20013308
                   2.205                     -0.19895254
                  2.2075                     -0.19775406
                    2.21                     -0.19653864
                  2.2125                     -0.19530783
                   2.215                     -0.19406306
                  2.2175                     -0.19280605
                    2.22                     -0.19153884
                  2.2225                     -0.19026313
                   2.225                     -0.18898082
                  2.2275                     -0.18769396
                    2.23                     -0.18640426
                  2.2325                     -0.18511339
                   2.235                     -0.18382314
                  2.2375                     -0.18253483
                    2.24                     -0.18124978
                  2.2425                     -0.17996905
                   2.245                     -0.17869344
                  2.2475                     -0.17742385
                    2.25                     -0.17616059
                  2.2525                     -0.17490408
                   2.255                     -0.17365449
                  2.2575                      -0.1724115
                    2.26                     -0.17117519
                  2.2625                     -0.16994509
                   2.265                     -0.16872071
                  2.2675                     -0.16750171
                    2.27                     -0.16628733
                  2.2725                     -0.16507696
                   2.275                     -0.16387017
                  2.2775                     -0.16266601
                    2.28                     -0.16146413
                  2.2825                      -0.1602639
                   2.285                     -0.15906479
                  2.2875                     -0.15786658
                    2.29                     -0.15666885
                  2.2925                     -0.15547167
                   2.295                     -0.15427473
                  2.2975                     -0.15307811
                     2.3                     -0.15188217
                  2.3025                     -0.15068711
                   2.305                     -0.14949324
                  2.3075                     -0.14830128
                    2.31                      -0.1471118
                  2.3125                      -0.1459252
                   2.315                     -0.14474251
                  2.3175                     -0.14356422
                    2.32                     -0.14239138
                  2.3225                     -0.14122466
                   2.325                     -0.14006474
                  2.3275                     -0.13891255
                    2.33                     -0.13776873
                  2.3325                     -0.13663393
                   2.335                     -0.13550871
                  2.3375                     -0.13439349
                    2.34                     -0.13328886
                  2.3425                     -0.13219507
                   2.345                     -0.13111223
                  2.3475                     -0.13004064
                    2.35                     -0.12898027
                  2.3525                     -0.12793086
                   2.355                     -0.12689247
                  2.3575                     -0.12586465
                    2.36                     -0.12484729
                  2.3625                     -0.12383981
                   2.365                     -0.12284177
                  2.3675                     -0.12185284
                    2.37                     -0.12087221
                  2.3725                     -0.11989955
                   2.375                     -0.11893424
                  2.3775                     -0.11797564
                    2.38                     -0.11702338
                  2.3825                     -0.11607688
                   2.385                     -0.11513565
                  2.3875                     -0.11419945
                    2.39                     -0.11326776
                  2.3925                     -0.11234029
                   2.395                     -0.11141699
                  2.3975                     -0.11049758
                     2.4                     -0.10958212
                  2.4025                     -0.10867057
                   2.405                     -0.10776301
                  2.4075                     -0.10685961
                    2.41                     -0.10596047
                  2.4125                     -0.10506603
                   2.415                     -0.10417649
                  2.4175                     -0.10329216
                    2.42                     -0.10241353
                  2.4225                     -0.10154098
                   2.425                      -0.1006747
                  2.4275                    -0.099815276
                    2.43                    -0.098963013
                  2.4325                    -0.098118176
                   2.435                    -0.097281256
                  2.4375                    -0.096452344
                    2.44                    -0.095631812
                  2.4425                     -0.09481986
                   2.445                    -0.094016363
                  2.4475                    -0.093221625
                    2.45                    -0.092435497
                  2.4525                    -0.091658035
                   2.455                    -0.090889079
                  2.4575                    -0.090128387
                    2.46                    -0.089375915
                  2.4625                    -0.088631216
                   2.465                    -0.087893973
                  2.4675                    -0.087163977
                    2.47                    -0.086440802
                  2.4725                    -0.085723982
                   2.475                    -0.085013271
                  2.4775                    -0.084308138
                    2.48                    -0.083608373
                  2.4825                    -0.082913429
                   2.485                    -0.082222983
                  2.4875                    -0.081536812
                    2.49                    -0.080854524
                  2.4925                    -0.080176011
                   2.495                    -0.079501003
                  2.4975                    -0.078829388
                     2.5                    -0.078161052
                  2.5025                     -0.07749598
                   2.505                    -0.076834125
                  2.5075                     -0.07617566
                    2.51                    -0.075520633
                  2.5125                     -0.07486917
                   2.515                    -0.074221611
                  2.5175                    -0.073577987
                    2.52                    -0.072938703
                  2.5225                    -0.072303971
                   2.525                    -0.071674064
                  2.5275                    -0.071049346
                    2.53                     -0.07043003
                  2.5325                    -0.069816484
                   2.535                    -0.069208987
                  2.5375                    -0.068607653
                    2.54                    -0.068012829
                  2.5425                    -0.067424669
                   2.545                     -0.06684327
                  2.5475                    -0.066268839
                    2.55                    -0.065701396
                  2.5525                    -0.065140965
                   2.555                    -0.064587531
                  2.5575                    -0.064040985
                    2.56                    -0.063501312
                  2.5625                    -0.062968304
                   2.565                    -0.062441759
                  2.5675                    -0.061921529
                    2.57                    -0.061407294
                  2.5725                    -0.060898907
                   2.575                    -0.060395965
                  2.5775                    -0.059898175
                    2.58                    -0.059405319
                  2.5825                    -0.058917051
                   2.585                    -0.058433056
                  2.5875                    -0.057953125
                    2.59                     -0.05747701
                  2.5925                    -0.057004367
                   2.595                    -0.056535093
                  2.5975                    -0.056068963
                     2.6                    -0.055605913
                  2.6025                    -0.055145802
                   2.605                    -0.054688553
                  2.6075                    -0.054234238
                    2.61                    -0.053782765
                  2.6125                    -0.053334287
                   2.615                    -0.052888865
                  2.6175                    -0.052446607
                    2.62                    -0.052007729
                  2.6225                    -0.051572382
                   2.625                    -0.051140738
                  2.6275                    -0.050713129
                    2.63                    -0.050289644
                  2.6325                    -0.049870545
                   2.635                    -0.049456114
                  2.6375                    -0.049046503
                    2.64                    -0.048641971
                  2.6425                    -0.048242678
                   2.645                    -0.047848758
                  2.6475                    -0.047460421
                    2.65                    -0.047077648
                  2.6525                    -0.046700612
                   2.655                    -0.046329298
                  2.6575                    -0.045963671
                    2.66                     -0.04560375
                  2.6625                    -0.045249431
                   2.665                    -0.044900584
                  2.6675                    -0.044557068
                    2.67                    -0.044218699
                  2.6725                    -0.043885234
                   2.675                    -0.043556503
                  2.6775                    -0.043232193
                    2.68                    -0.042912086
                  2.6825                     -0.04259591
                   2.685                    -0.042283309
                  2.6875                    -0.041974078
                    2.69                    -0.041667898
                  2.6925                    -0.041364567
                   2.695                    -0.041063803
                  2.6975                    -0.040765368
                     2.7                    -0.040469122
                  2.7025                    -0.040174895
                   2.705                    -0.039882507
                  2.7075                    -0.039591905
                    2.71                    -0.039303025
                  2.7125                    -0.039015815
                   2.715                    -0.038730335
                  2.7175                     -0.03844659
                    2.72                    -0.038164735
                  2.7225                    -0.037884819
                   2.725                    -0.037606983
                  2.7275                     -0.03733143
                    2.73                    -0.037058308
                  2.7325                    -0.036787866
                   2.735                    -0.036520293
                  2.7375                    -0.036255748
                    2.74                    -0.035994547
                  2.7425                      -0.0357368
                   2.745                    -0.035482724
                  2.7475                    -0.035232526
                    2.75                    -0.034986319
                  2.7525                    -0.034744229
                   2.755                    -0.034506406
                  2.7575                    -0.034272865
                    2.76                    -0.034043647
                  2.7625                    -0.033818759
                   2.765                    -0.033598132
                  2.7675                    -0.033381727
                    2.77                    -0.033169381
                  2.7725                       -0.032961
                   2.775                     -0.03275639
                  2.7775                     -0.03255531
                    2.78                    -0.032357563
                  2.7825                    -0.032162889
                   2.785                    -0.031971009
                  2.7875                    -0.031781658
                    2.79                    -0.031594576
                  2.7925                    -0.031409435
                   2.795                    -0.031226034
                  2.7975                    -0.031044037
                     2.8                    -0.030863244
                  2.8025                    -0.030683446
                   2.805                    -0.030504413
                  2.8075                    -0.030326026
                    2.81                    -0.030148129
                  2.8125                    -0.029970674
                   2.815                    -0.029793576
                  2.8175                    -0.029616814
                    2.82                     -0.02944045
                  2.8225                    -0.029264534
                   2.825                    -0.029089165
                  2.8275                    -0.028914503
                    2.83                    -0.028740706
                  2.8325                    -0.028567953
                   2.835                    -0.028396483
                  2.8375                    -0.028226487
                    2.84                    -0.028058265
                  2.8425                    -0.027892027
                   2.845                    -0.027728017
                  2.8475                    -0.027566499
                    2.85                    -0.027407681
                  2.8525                     -0.02725177
                   2.855                    -0.027098946
                  2.8575                    -0.026949357
                    2.86                    -0.026803145
                  2.8625                    -0.026660388
                   2.865                    -0.026521111
                  2.8675                     -0.02638535
                    2.87                    -0.026253057
                  2.8725                    -0.026124131
                   2.875                    -0.025998485
                  2.8775                    -0.025875945
                    2.88                    -0.025756318
                  2.8825                    -0.025639396
                   2.885                    -0.025524901
                  2.8875                     -0.02541257
                    2.89                    -0.025302096
                  2.8925                    -0.025193181
                   2.895                    -0.025085506
                  2.8975                    -0.024978755
                     2.9                    -0.024872653
                  2.9025                    -0.024766877
                   2.905                    -0.024661192
                  2.9075                    -0.024555331
                    2.91                    -0.024449109
                  2.9125                    -0.024342333
                   2.915                     -0.02423491
                  2.9175                     -0.02412672
                    2.92                    -0.024017765
                  2.9225                    -0.023908031
                   2.925                    -0.023797584
                  2.9275                    -0.023686529
                    2.93                    -0.023574993
                  2.9325                    -0.023463201
                   2.935                    -0.023351364
                  2.9375                    -0.023239717
                    2.94                    -0.023128574
                  2.9425                    -0.023018229
                   2.945                    -0.022908972
                  2.9475                    -0.022801148
                    2.95                     -0.02269506
                  2.9525                    -0.022590988
                   2.955                    -0.022489269
                  2.9575                    -0.022390125
                    2.96                    -0.022293807
                  2.9625                    -0.022200507
                   2.965                    -0.022110362
                  2.9675                    -0.022023505
                    2.97                    -0.021939965
                  2.9725                    -0.021859775
                   2.975                    -0.021782859
                  2.9775                    -0.021709126
                    2.98                    -0.021638445
                  2.9825                    -0.021570594
                   2.985                    -0.021505322
                  2.9875                    -0.021442354
                    2.99                    -0.021381358
                  2.9925                    -0.021321991
                   2.995                    -0.021263876
                  2.9975                    -0.021206618
                       3                    -0.021149837
