        Frequency / GHz                System Tot. Efficiency [AC1]/abs,dB
----------------------------------------------------------------------
                     0.5                      -10.793609
              0.63157895                      -6.9908059
              0.76315789                      -7.7745922
              0.89473684                      -5.8312309
               1.0263158                      -5.8689129
               1.1578947                      -6.0498335
               1.2894737                      -5.9839949
               1.4210526                       -5.856461
               1.5526316                      -4.7794447
               1.6842105                      -3.3841408
               1.8157895                        -2.68841
               1.9473684                      -2.6438491
               2.0789474                      -3.0153141
               2.2105263                      -3.9555679
               2.3421053                      -5.1257237
               2.4736842                      -6.8099265
               2.6052632                      -8.1644115
               2.7368421                      -9.0004725
               2.8684211                      -8.6231064
                       3                      -8.5061203

