        Frequency / GHz                System Tot. Efficiency [AC2]/abs,dB
----------------------------------------------------------------------
                    0.69                      -15.241618
                    0.78                      -18.719709
                    0.87                      -19.846126
                    0.96                      -19.155367
                     1.7                       -6.299191
                     1.8                      -5.6547369
                     1.9                      -4.4107658
                       2                       -4.008995
                     2.1                      -5.1441951
                     2.2                      -7.0730324
                     2.3                      -8.9339756
                     2.4                      -10.427989
                     2.5                      -11.543626
                     2.6                      -12.309904
                     2.7                      -12.756658

