        Frequency / MHz                System Tot. Efficiency [AC3]/abs,dB
----------------------------------------------------------------------
                     690                      -7.4506235
                     780                      -5.6964049
                     870                      -12.333459
                     960                      -16.756448
                    1700                     -0.68009408
                    1800                      -1.2727882
                    1900                     -0.37902997
                    2000                     -0.65971861
                    2100                      -1.0884052
                    2200                      -1.2040516
                    2300                       -1.214191
                    2400                      -1.3121446
                    2500                      -1.1180821
                    2600                        -1.50774
                    2700                      -2.2382383

