        Frequency / GHz                System Tot. Efficiency [AC2]/abs,dB
----------------------------------------------------------------------
                    0.69                      -12.524778
                    0.78                      -12.248021
                    0.87                      -11.545821
                    0.96                      -12.087366
                     1.7                      -6.8559224
                     1.8                      -6.2425366
                     1.9                      -6.1290084
                       2                      -6.1873967
                     2.1                      -6.6474131
                     2.2                      -7.4872743
                     2.3                      -7.8094538
                     2.4                       -11.09264
                     2.5                      -12.703179
                     2.6                      -13.675915
                     2.7                       -14.20892

