Frequency    S2,1_[244]

                     0.5                       -29.34218
                  0.5025                      -28.796223
                   0.505                      -28.255469
                  0.5075                      -27.721257
                    0.51                      -27.195058
                  0.5125                      -26.678488
                   0.515                      -26.173272
                  0.5175                       -25.68123
                    0.52                      -25.204226
                  0.5225                      -24.744117
                   0.525                      -24.302685
                  0.5275                      -23.881571
                    0.53                      -23.482192
                  0.5325                      -23.105664
                   0.535                      -22.752743
                  0.5375                      -22.423779
                    0.54                      -22.118677
                  0.5425                      -21.836902
                   0.545                      -21.577509
                  0.5475                       -21.33918
                    0.55                       -21.12028
                  0.5525                      -20.918964
                   0.555                      -20.733206
                  0.5575                      -20.560926
                    0.56                       -20.40002
                  0.5625                      -20.248426
                   0.565                      -20.104205
                  0.5675                      -19.965514
                    0.57                       -19.83068
                  0.5725                      -19.698175
                   0.575                      -19.566638
                  0.5775                      -19.434893
                    0.58                      -19.301895
                  0.5825                      -19.166748
                   0.585                        -19.0287
                  0.5875                      -18.887131
                    0.59                      -18.741506
                  0.5925                      -18.591416
                   0.595                      -18.436515
                  0.5975                      -18.276565
                     0.6                      -18.111372
                  0.6025                      -17.940823
                   0.605                      -17.764824
                  0.6075                      -17.583365
                    0.61                      -17.396461
                  0.6125                      -17.204148
                   0.615                      -17.006519
                  0.6175                      -16.803672
                    0.62                      -16.595743
                  0.6225                      -16.382883
                   0.625                      -16.165274
                  0.6275                      -15.943086
                    0.63                      -15.716548
                  0.6325                      -15.485864
                   0.635                      -15.251285
                  0.6375                      -15.013064
                    0.64                      -14.771471
                  0.6425                      -14.526799
                   0.645                      -14.279353
                  0.6475                      -14.029472
                    0.65                      -13.777502
                  0.6525                      -13.523832
                   0.655                       -13.26888
                  0.6575                      -13.013089
                    0.66                      -12.756959
                  0.6625                       -12.50102
                   0.665                       -12.24586
                  0.6675                      -11.992129
                    0.67                      -11.740534
                  0.6725                      -11.491849
                   0.675                      -11.246916
                  0.6775                      -11.006667
                    0.68                      -10.772061
                  0.6825                      -10.544191
                   0.685                       -10.32415
                  0.6875                      -10.113116
                    0.69                      -9.9123045
                  0.6925                      -9.7229008
                   0.695                      -9.5461281
                  0.6975                      -9.3831206
                     0.7                      -9.2349461
                  0.7025                      -9.1025544
                   0.705                      -8.9867343
                  0.7075                      -8.8880925
                    0.71                      -8.8070173
                  0.7125                      -8.7436677
                   0.715                      -8.6979593
                  0.7175                       -8.669561
                    0.72                      -8.6579268
                  0.7225                      -8.6622919
                   0.725                      -8.6817178
                  0.7275                      -8.7151295
                    0.73                      -8.7613473
                  0.7325                      -8.8191141
                   0.735                       -8.887151
                  0.7375                      -8.9641773
                    0.74                      -9.0489523
                  0.7425                      -9.1402701
                   0.745                      -9.2370023
                  0.7475                      -9.3381075
                    0.75                      -9.4426219
                  0.7525                      -9.5496833
                   0.755                      -9.6585068
                  0.7575                      -9.7684204
                    0.76                      -9.8788226
                  0.7625                      -9.9892052
                   0.765                      -10.099122
                  0.7675                      -10.208213
                    0.77                      -10.316174
                  0.7725                      -10.422764
                   0.775                      -10.527785
                  0.7775                      -10.631092
                    0.78                      -10.732589
                  0.7825                      -10.832198
                   0.785                      -10.929884
                  0.7875                      -11.025637
                    0.79                      -11.119477
                  0.7925                      -11.211434
                   0.795                       -11.30156
                  0.7975                      -11.389919
                     0.8                        -11.4766
                  0.8025                      -11.561681
                   0.805                      -11.645259
                  0.8075                      -11.727434
                    0.81                      -11.808315
                  0.8125                      -11.888009
                   0.815                      -11.966614
                  0.8175                      -12.044247
                    0.82                       -12.12101
                  0.8225                      -12.197004
                   0.825                      -12.272321
                  0.8275                      -12.347061
                    0.83                      -12.421307
                  0.8325                      -12.495143
                   0.835                      -12.568633
                  0.8375                      -12.641848
                    0.84                      -12.714851
                  0.8425                      -12.787683
                   0.845                      -12.860391
                  0.8475                      -12.933001
                    0.85                      -13.005548
                  0.8525                      -13.078041
                   0.855                      -13.150494
                  0.8575                      -13.222905
                    0.86                      -13.295278
                  0.8625                        -13.3676
                   0.865                      -13.439855
                  0.8675                      -13.512025
                    0.87                      -13.584091
                  0.8725                       -13.65603
                   0.875                      -13.727809
                  0.8775                      -13.799405
                    0.88                      -13.870792
                  0.8825                      -13.941946
                   0.885                      -14.012836
                  0.8875                      -14.083444
                    0.89                       -14.15375
                  0.8925                       -14.22374
                   0.895                      -14.293391
                  0.8975                      -14.362701
                     0.9                      -14.431664
                  0.9025                      -14.500276
                   0.905                      -14.568535
                  0.9075                      -14.636448
                    0.91                      -14.704028
                  0.9125                      -14.771276
                   0.915                      -14.838212
                  0.9175                      -14.904845
                    0.92                      -14.971198
                  0.9225                       -15.03728
                   0.925                       -15.10311
                  0.9275                      -15.168705
                    0.93                      -15.234083
                  0.9325                      -15.299252
                   0.935                      -15.364224
                  0.9375                      -15.429014
                    0.94                      -15.493622
                  0.9425                      -15.558059
                   0.945                      -15.622315
                  0.9475                      -15.686395
                    0.95                      -15.750289
                  0.9525                      -15.813992
                   0.955                      -15.877481
                  0.9575                      -15.940749
                    0.96                      -16.003774
                  0.9625                      -16.066536
                   0.965                      -16.129008
                  0.9675                      -16.191166
                    0.97                      -16.252989
                  0.9725                      -16.314446
                   0.975                       -16.37551
                  0.9775                      -16.436153
                    0.98                      -16.496352
                  0.9825                       -16.55608
                   0.985                      -16.615312
                  0.9875                      -16.674027
                    0.99                      -16.732209
                  0.9925                      -16.789835
                   0.995                      -16.846894
                  0.9975                      -16.903372
                       1                      -16.959262
                  1.0025                      -17.014559
                   1.005                      -17.069255
                  1.0075                      -17.123351
                    1.01                      -17.176854
                  1.0125                      -17.229766
                   1.015                      -17.282087
                  1.0175                      -17.333832
                    1.02                      -17.385014
                  1.0225                       -17.43564
                   1.025                      -17.485721
                  1.0275                       -17.53527
                    1.03                      -17.584307
                  1.0325                      -17.632842
                   1.035                      -17.680882
                  1.0375                      -17.728445
                    1.04                      -17.775545
                  1.0425                      -17.822189
                   1.045                      -17.868383
                  1.0475                      -17.914137
                    1.05                       -17.95946
                  1.0525                      -18.004355
                   1.055                      -18.048819
                  1.0575                      -18.092857
                    1.06                       -18.13647
                  1.0625                      -18.179655
                   1.065                      -18.222403
                  1.0675                      -18.264713
                    1.07                      -18.306581
                  1.0725                      -18.347996
                   1.075                      -18.388952
                  1.0775                      -18.429444
                    1.08                      -18.469463
                  1.0825                      -18.508994
                   1.085                      -18.548042
                  1.0875                      -18.586588
                    1.09                      -18.624636
                  1.0925                      -18.662174
                   1.095                      -18.699201
                  1.0975                      -18.735718
                     1.1                      -18.771717
                  1.1025                      -18.807209
                   1.105                      -18.842189
                  1.1075                      -18.876661
                    1.11                      -18.910633
                  1.1125                      -18.944117
                   1.115                      -18.977116
                  1.1175                      -19.009648
                    1.12                      -19.041719
                  1.1225                       -19.07335
                   1.125                      -19.104554
                  1.1275                      -19.135342
                    1.13                      -19.165744
                  1.1325                      -19.195771
                   1.135                      -19.225442
                  1.1375                      -19.254781
                    1.14                       -19.28381
                  1.1425                      -19.312547
                   1.145                      -19.341015
                  1.1475                      -19.369228
                    1.15                      -19.397219
                  1.1525                      -19.425006
                   1.155                      -19.452602
                  1.1575                      -19.480039
                    1.16                      -19.507334
                  1.1625                      -19.534505
                   1.165                      -19.561571
                  1.1675                      -19.588553
                    1.17                      -19.615478
                  1.1725                      -19.642356
                   1.175                      -19.669207
                  1.1775                       -19.69606
                    1.18                      -19.722929
                  1.1825                      -19.749833
                   1.185                      -19.776793
                  1.1875                      -19.803833
                    1.19                      -19.830974
                  1.1925                      -19.858239
                   1.195                      -19.885646
                  1.1975                      -19.913227
                     1.2                      -19.941006
                  1.2025                      -19.969004
                   1.205                      -19.997255
                  1.2075                       -20.02578
                    1.21                      -20.054615
                  1.2125                      -20.083784
                   1.215                      -20.113322
                  1.2175                      -20.143262
                    1.22                      -20.173634
                  1.2225                      -20.204471
                   1.225                      -20.235807
                  1.2275                      -20.267677
                    1.23                      -20.300112
                  1.2325                      -20.333153
                   1.235                      -20.366826
                  1.2375                      -20.401173
                    1.24                       -20.43622
                  1.2425                      -20.472005
                   1.245                       -20.50856
                  1.2475                      -20.545913
                    1.25                      -20.584095
                  1.2525                      -20.623142
                   1.255                      -20.663076
                  1.2575                      -20.703928
                    1.26                      -20.745729
                  1.2625                      -20.788503
                   1.265                      -20.832272
                  1.2675                       -20.87706
                    1.27                      -20.922901
                  1.2725                      -20.969816
                   1.275                      -21.017825
                  1.2775                      -21.066955
                    1.28                      -21.117236
                  1.2825                       -21.16869
                   1.285                      -21.221345
                  1.2875                       -21.27522
                    1.29                      -21.330361
                  1.2925                      -21.386791
                   1.295                      -21.444535
                  1.2975                      -21.503645
                     1.3                      -21.564151
                  1.3025                      -21.626094
                   1.305                      -21.689511
                  1.3075                      -21.754454
                    1.31                      -21.820975
                  1.3125                      -21.889119
                   1.315                      -21.958936
                  1.3175                      -22.030494
                    1.32                       -22.10385
                  1.3225                      -22.179059
                   1.325                      -22.256184
                  1.3275                      -22.335291
                    1.33                      -22.416453
                  1.3325                      -22.499724
                   1.335                      -22.585179
                  1.3375                      -22.672887
                    1.34                       -22.76291
                  1.3425                      -22.855305
                   1.345                      -22.950147
                  1.3475                      -23.047482
                    1.35                      -23.147379
                  1.3525                      -23.249874
                   1.355                      -23.355021
                  1.3575                      -23.462867
                    1.36                       -23.57343
                  1.3625                      -23.686754
                   1.365                      -23.802847
                  1.3675                      -23.921713
                    1.37                      -24.043359
                  1.3725                      -24.167783
                   1.375                      -24.294951
                  1.3775                      -24.424846
                    1.38                       -24.55741
                  1.3825                      -24.692604
                   1.385                      -24.830354
                  1.3875                      -24.970569
                    1.39                      -25.113183
                  1.3925                       -25.25808
                   1.395                      -25.405134
                  1.3975                      -25.554224
                     1.4                      -25.705212
                  1.4025                      -25.857938
                   1.405                      -26.012232
                  1.4075                      -26.167898
                    1.41                      -26.324775
                  1.4125                      -26.482638
                   1.415                      -26.641254
                  1.4175                      -26.800424
                    1.42                      -26.959888
                  1.4225                      -27.119391
                   1.425                      -27.278659
                  1.4275                      -27.437418
                    1.43                      -27.595385
                  1.4325                      -27.752247
                   1.435                      -27.907679
                  1.4375                      -28.061384
                    1.44                      -28.213008
                  1.4425                      -28.362207
                   1.445                      -28.508621
                  1.4475                      -28.651893
                    1.45                       -28.79166
                  1.4525                      -28.927535
                   1.455                      -29.059146
                  1.4575                      -29.186118
                    1.46                      -29.308071
                  1.4625                      -29.424622
                   1.465                      -29.535415
                  1.4675                      -29.640084
                    1.47                      -29.738292
                  1.4725                      -29.829706
                   1.475                      -29.914021
                  1.4775                      -29.990959
                    1.48                      -30.060259
                  1.4825                      -30.121697
                   1.485                      -30.175088
                  1.4875                       -30.22027
                    1.49                      -30.257133
                  1.4925                      -30.285602
                   1.495                      -30.305643
                  1.4975                      -30.317264
                     1.5                      -30.320515
                  1.5025                      -30.315489
                   1.505                      -30.302317
                  1.5075                       -30.28117
                    1.51                      -30.252248
                  1.5125                      -30.215793
                   1.515                      -30.172068
                  1.5175                      -30.121368
                    1.52                         -30.064
                  1.5225                        -30.0003
                   1.525                      -29.930616
                  1.5275                      -29.855312
                    1.53                      -29.774738
                  1.5325                      -29.689272
                   1.535                      -29.599287
                  1.5375                      -29.505148
                    1.54                      -29.407212
                  1.5425                      -29.305842
                   1.545                      -29.201388
                  1.5475                      -29.094197
                    1.55                      -28.984574
                  1.5525                      -28.872844
                   1.555                      -28.759319
                  1.5575                      -28.644259
                    1.56                      -28.527948
                  1.5625                      -28.410639
                   1.565                      -28.292579
                  1.5675                      -28.173985
                    1.57                       -28.05506
                  1.5725                      -27.936004
                   1.575                      -27.817006
                  1.5775                      -27.698208
                    1.58                      -27.579771
                  1.5825                      -27.461836
                   1.585                      -27.344516
                  1.5875                      -27.227932
                    1.59                      -27.112172
                  1.5925                      -26.997335
                   1.595                      -26.883491
                  1.5975                        -26.7707
                     1.6                      -26.659027
                  1.6025                      -26.548523
                   1.605                      -26.439218
                  1.6075                      -26.331153
                    1.61                      -26.224343
                  1.6125                      -26.118819
                   1.615                      -26.014584
                  1.6175                      -25.911644
                    1.62                      -25.810009
                  1.6225                       -25.70967
                   1.625                      -25.610624
                  1.6275                      -25.512868
                    1.63                      -25.416387
                  1.6325                      -25.321163
                   1.635                      -25.227191
                  1.6375                      -25.134444
                    1.64                      -25.042916
                  1.6425                       -24.95258
                   1.645                      -24.863423
                  1.6475                      -24.775437
                    1.65                      -24.688586
                  1.6525                      -24.602868
                   1.655                      -24.518265
                  1.6575                      -24.434763
                    1.66                      -24.352344
                  1.6625                      -24.271002
                   1.665                      -24.190726
                  1.6675                      -24.111512
                    1.67                      -24.033338
                  1.6725                      -23.956206
                   1.675                      -23.880119
                  1.6775                      -23.805052
                    1.68                      -23.731015
                  1.6825                         -23.658
                   1.685                      -23.586006
                  1.6875                      -23.515026
                    1.69                      -23.445054
                  1.6925                      -23.376084
                   1.695                      -23.308122
                  1.6975                      -23.241145
                     1.7                      -23.175149
                  1.7025                       -23.11012
                   1.705                      -23.046053
                  1.7075                      -22.982925
                    1.71                      -22.920718
                  1.7125                      -22.859416
                   1.715                      -22.798988
                  1.7175                      -22.739409
                    1.72                      -22.680649
                  1.7225                      -22.622678
                   1.725                      -22.565453
                  1.7275                      -22.508948
                    1.73                      -22.453113
                  1.7325                      -22.397906
                   1.735                      -22.343287
                  1.7375                      -22.289209
                    1.74                      -22.235623
                  1.7425                      -22.182489
                   1.745                      -22.129753
                  1.7475                       -22.07738
                    1.75                      -22.025323
                  1.7525                      -21.973537
                   1.755                      -21.921989
                  1.7575                      -21.870643
                    1.76                      -21.819469
                  1.7625                      -21.768437
                   1.765                       -21.71753
                  1.7675                      -21.666729
                    1.77                      -21.616027
                  1.7725                      -21.565416
                   1.775                      -21.514896
                  1.7775                      -21.464476
                    1.78                      -21.414171
                  1.7825                      -21.363996
                   1.785                      -21.313979
                  1.7875                      -21.264147
                    1.79                      -21.214531
                  1.7925                      -21.165174
                   1.795                      -21.116117
                  1.7975                      -21.067401
                     1.8                      -21.019076
                  1.8025                      -20.971185
                   1.805                      -20.923776
                  1.8075                      -20.876903
                    1.81                      -20.830601
                  1.8125                      -20.784918
                   1.815                      -20.739898
                  1.8175                      -20.695567
                    1.82                      -20.651967
                  1.8225                       -20.60912
                   1.825                      -20.567045
                  1.8275                      -20.525759
                    1.83                      -20.485267
                  1.8325                      -20.445566
                   1.835                      -20.406655
                  1.8375                      -20.368515
                    1.84                       -20.33113
                  1.8425                      -20.294469
                   1.845                      -20.258502
                  1.8475                      -20.223189
                    1.85                      -20.188485
                  1.8525                      -20.154339
                   1.855                      -20.120706
                  1.8575                      -20.087535
                    1.86                      -20.054769
                  1.8625                      -20.022353
                   1.865                      -19.990246
                  1.8675                      -19.958394
                    1.87                      -19.926753
                  1.8725                      -19.895287
                   1.875                      -19.863965
                  1.8775                      -19.832763
                    1.88                      -19.801666
                  1.8825                      -19.770671
                   1.885                       -19.73978
                  1.8875                       -19.70901
                    1.89                      -19.678389
                  1.8925                      -19.647948
                   1.895                      -19.617741
                  1.8975                      -19.587821
                     1.9                      -19.558258
                  1.9025                      -19.529127
                   1.905                      -19.500517
                  1.9075                      -19.472519
                    1.91                      -19.445226
                  1.9125                      -19.418745
                   1.915                      -19.393178
                  1.9175                       -19.36863
                    1.92                      -19.345205
                  1.9225                      -19.323009
                   1.925                      -19.302138
                  1.9275                      -19.282685
                    1.93                      -19.264733
                  1.9325                      -19.248358
                   1.935                      -19.233625
                  1.9375                      -19.220591
                    1.94                      -19.209292
                  1.9425                       -19.19976
                   1.945                      -19.192002
                  1.9475                      -19.186015
                    1.95                      -19.181789
                  1.9525                      -19.179288
                   1.955                      -19.178467
                  1.9575                       -19.17927
                    1.96                      -19.181623
                  1.9625                      -19.185451
                   1.965                      -19.190658
                  1.9675                      -19.197154
                    1.97                      -19.204839
                  1.9725                      -19.213613
                   1.975                      -19.223374
                  1.9775                      -19.234029
                    1.98                      -19.245491
                  1.9825                      -19.257678
                   1.985                      -19.270529
                  1.9875                      -19.283994
                    1.99                       -19.29804
                  1.9925                       -19.31266
                   1.995                      -19.327863
                  1.9975                      -19.343689
                       2                      -19.360197
                  2.0025                      -19.377481
                   2.005                       -19.39565
                  2.0075                      -19.414846
                    2.01                      -19.435235
                  2.0125                      -19.457009
                   2.015                      -19.480372
                  2.0175                      -19.505562
                    2.02                      -19.532815
                  2.0225                      -19.562392
                   2.025                      -19.594551
                  2.0275                      -19.629557
                    2.03                      -19.667673
                  2.0325                      -19.709148
                   2.035                       -19.75422
                  2.0375                      -19.803108
                    2.04                      -19.855988
                  2.0425                      -19.913013
                   2.045                        -19.9743
                  2.0475                      -20.039892
                    2.05                      -20.109795
                  2.0525                      -20.183943
                   2.055                      -20.262202
                  2.0575                      -20.344363
                    2.06                      -20.430112
                  2.0625                      -20.519063
                   2.065                      -20.610738
                  2.0675                      -20.704535
                    2.07                      -20.799769
                  2.0725                      -20.895648
                   2.075                      -20.991277
                  2.0775                      -21.085674
                    2.08                      -21.177736
                  2.0825                      -21.266316
                   2.085                      -21.350196
                  2.0875                        -21.4281
                    2.09                      -21.498755
                  2.0925                      -21.560889
                   2.095                      -21.613283
                  2.0975                      -21.654785
                     2.1                      -21.684368
                  2.1025                       -21.70114
                   2.105                      -21.704395
                  2.1075                      -21.693636
                    2.11                      -21.668567
                  2.1125                      -21.629149
                   2.115                      -21.575548
                  2.1175                      -21.508166
                    2.12                      -21.427594
                  2.1225                      -21.334629
                   2.125                      -21.230189
                  2.1275                      -21.115358
                    2.13                      -20.991238
                  2.1325                      -20.859066
                   2.135                       -20.72007
                  2.1375                      -20.575489
                    2.14                      -20.426541
                  2.1425                      -20.274455
                   2.145                      -20.120383
                  2.1475                      -19.965434
                    2.15                      -19.810672
                  2.1525                      -19.657087
                   2.155                      -19.505656
                  2.1575                      -19.357249
                    2.16                      -19.212734
                  2.1625                      -19.072906
                   2.165                      -18.938474
                  2.1675                      -18.810182
                    2.17                      -18.688671
                  2.1725                      -18.574596
                   2.175                      -18.468537
                  2.1775                      -18.371048
                    2.18                      -18.282676
                  2.1825                      -18.203918
                   2.185                      -18.135222
                  2.1875                      -18.077043
                    2.19                      -18.029778
                  2.1925                      -17.993792
                   2.195                      -17.969427
                  2.1975                      -17.956974
                     2.2                      -17.956685
                  2.2025                      -17.968776
                   2.205                      -17.993412
                  2.2075                      -18.030708
                    2.21                       -18.08074
                  2.2125                      -18.143502
                   2.215                      -18.218962
                  2.2175                      -18.307018
                    2.22                      -18.407473
                  2.2225                      -18.520119
                   2.225                      -18.644653
                  2.2275                      -18.780675
                    2.23                      -18.927732
                  2.2325                      -19.085301
                   2.235                      -19.252725
                  2.2375                       -19.42929
                    2.24                      -19.614181
                  2.2425                      -19.806462
                   2.245                      -20.005118
                  2.2475                      -20.208952
                    2.25                      -20.416723
                  2.2525                      -20.626977
                   2.255                      -20.838199
                  2.2575                      -21.048785
                    2.26                       -21.25693
                  2.2625                      -21.460806
                   2.265                      -21.658516
                  2.2675                      -21.848107
                    2.27                       -22.02768
                  2.2725                      -22.195422
                   2.275                      -22.349596
                  2.2775                      -22.488783
                    2.28                      -22.611727
                  2.2825                      -22.717557
                   2.285                      -22.805762
                  2.2875                      -22.876221
                    2.29                      -22.929226
                  2.2925                       -22.96545
                   2.295                      -22.985933
                  2.2975                      -22.992002
                     2.3                      -22.985237
                  2.3025                      -22.967376
                   2.305                      -22.940258
                  2.3075                      -22.905775
                    2.31                      -22.865781
                  2.3125                      -22.822053
                   2.315                      -22.776276
                  2.3175                      -22.729994
                    2.32                      -22.684607
                  2.3225                      -22.641332
                   2.325                      -22.601233
                  2.3275                      -22.565209
                    2.33                      -22.533982
                  2.3325                      -22.508149
                   2.335                      -22.488128
                  2.3375                      -22.474218
                    2.34                      -22.466601
                  2.3425                      -22.465333
                   2.345                       -22.47037
                  2.3475                      -22.481574
                    2.35                      -22.498719
                  2.3525                      -22.521524
                   2.355                       -22.54962
                  2.3575                      -22.582603
                    2.36                      -22.620011
                  2.3625                      -22.661356
                   2.365                      -22.706116
                  2.3675                       -22.75376
                    2.37                      -22.803753
                  2.3725                      -22.855546
                   2.375                      -22.908613
                  2.3775                      -22.962469
                    2.38                      -23.016621
                  2.3825                      -23.070633
                   2.385                      -23.124126
                  2.3875                      -23.176759
                    2.39                      -23.228251
                  2.3925                      -23.278412
                   2.395                      -23.327072
                  2.3975                       -23.37416
                     2.4                      -23.419673
                  2.4025                      -23.463663
                   2.405                      -23.506254
                  2.4075                      -23.547624
                    2.41                      -23.588005
                  2.4125                      -23.627663
                   2.415                      -23.666933
                  2.4175                      -23.706136
                    2.42                       -23.74564
                  2.4225                      -23.785811
                   2.425                      -23.827036
                  2.4275                      -23.869669
                    2.43                      -23.914068
                  2.4325                       -23.96057
                   2.435                      -24.009452
                  2.4375                      -24.061014
                    2.44                      -24.115462
                  2.4425                      -24.172976
                   2.445                      -24.233734
                  2.4475                      -24.297802
                    2.45                      -24.365234
                  2.4525                      -24.436015
                   2.455                      -24.510102
                  2.4575                      -24.587383
                    2.46                      -24.667703
                  2.4625                      -24.750883
                   2.465                      -24.836682
                  2.4675                      -24.924816
                    2.47                      -25.014978
                  2.4725                      -25.106846
                   2.475                      -25.200044
                  2.4775                      -25.294206
                    2.48                      -25.388931
                  2.4825                      -25.483846
                   2.485                      -25.578572
                  2.4875                      -25.672733
                    2.49                      -25.765991
                  2.4925                      -25.858007
                   2.495                      -25.948518
                  2.4975                      -26.037289
                     2.5                      -26.124126
                  2.5025                      -26.208906
                   2.505                      -26.291555
                  2.5075                      -26.372061
                    2.51                       -26.45047
                  2.5125                      -26.526898
                   2.515                      -26.601502
                  2.5175                      -26.674532
                    2.52                      -26.746237
                  2.5225                      -26.816942
                   2.525                      -26.887002
                  2.5275                       -26.95678
                    2.53                      -27.026684
                  2.5325                      -27.097107
                   2.535                      -27.168464
                  2.5375                      -27.241154
                    2.54                      -27.315551
                  2.5425                      -27.392017
                   2.545                      -27.470878
                  2.5475                      -27.552421
                    2.55                      -27.636897
                  2.5525                      -27.724497
                   2.555                      -27.815376
                  2.5575                      -27.909622
                    2.56                      -28.007272
                  2.5625                      -28.108292
                   2.565                      -28.212601
                  2.5675                      -28.320039
                    2.57                      -28.430419
                  2.5725                       -28.54344
                   2.575                      -28.658798
                  2.5775                       -28.77612
                    2.58                      -28.894961
                  2.5825                      -29.014853
                   2.585                      -29.135308
                  2.5875                      -29.255774
                    2.59                      -29.375689
                  2.5925                      -29.494539
                   2.595                      -29.611736
                  2.5975                       -29.72677
                     2.6                      -29.839115
                  2.6025                      -29.948328
                   2.605                      -30.054017
                  2.6075                      -30.155828
                    2.61                      -30.253543
                  2.6125                      -30.346963
                   2.615                      -30.436019
                  2.6175                      -30.520745
                    2.62                      -30.601238
                  2.6225                      -30.677698
                   2.625                      -30.750405
                  2.6275                      -30.819709
                    2.63                      -30.886019
                  2.6325                      -30.949806
                   2.635                      -31.011542
                  2.6375                      -31.071744
                    2.64                      -31.130903
                  2.6425                      -31.189513
                   2.645                      -31.248033
                  2.6475                      -31.306863
                    2.65                      -31.366389
                  2.6525                      -31.426859
                   2.655                       -31.48851
                  2.6575                      -31.551451
                    2.66                      -31.615699
                  2.6625                      -31.681182
                   2.665                      -31.747727
                  2.6675                      -31.815037
                    2.67                       -31.88273
                  2.6725                      -31.950305
                   2.675                      -32.017164
                  2.6775                      -32.082634
                    2.68                      -32.145941
                  2.6825                      -32.206251
                   2.685                      -32.262728
                  2.6875                      -32.314439
                    2.69                      -32.360523
                  2.6925                      -32.400097
                   2.695                      -32.432361
                  2.6975                      -32.456597
                     2.7                       -32.47219
                  2.7025                      -32.478671
                   2.705                      -32.475722
                  2.7075                       -32.46318
                    2.71                       -32.44107
                  2.7125                      -32.409583
                   2.715                      -32.369073
                  2.7175                      -32.320047
                    2.72                      -32.263143
                  2.7225                      -32.199086
                   2.725                      -32.128688
                  2.7275                      -32.052828
                    2.73                       -31.97238
                  2.7325                      -31.888255
                   2.735                       -31.80131
                  2.7375                      -31.712364
                    2.74                      -31.622213
                  2.7425                      -31.531531
                   2.745                      -31.440933
                  2.7475                      -31.350987
                    2.75                      -31.262123
                  2.7525                      -31.174698
                   2.755                      -31.088989
                  2.7575                      -31.005181
                    2.76                      -30.923371
                  2.7625                      -30.843575
                   2.765                      -30.765737
                  2.7675                      -30.689749
                    2.77                      -30.615415
                  2.7725                      -30.542516
                   2.775                      -30.470778
                  2.7775                      -30.399865
                    2.78                      -30.329455
                  2.7825                      -30.259198
                   2.785                      -30.188721
                  2.7875                      -30.117677
                    2.79                      -30.045724
                  2.7925                      -29.972527
                   2.795                       -29.89783
                  2.7975                      -29.821346
                     2.8                      -29.742903
                  2.8025                      -29.662342
                   2.805                      -29.579555
                  2.8075                       -29.49453
                    2.81                      -29.407265
                  2.8125                      -29.317868
                   2.815                      -29.226446
                  2.8175                      -29.133179
                    2.82                      -29.038312
                  2.8225                      -28.942104
                   2.825                      -28.844843
                  2.8275                      -28.746865
                    2.83                      -28.648509
                  2.8325                      -28.550095
                   2.835                      -28.451997
                  2.8375                      -28.354545
                    2.84                      -28.258087
                  2.8425                      -28.162926
                   2.845                      -28.069353
                  2.8475                      -27.977662
                    2.85                      -27.888073
                  2.8525                      -27.800795
                   2.855                      -27.716015
                  2.8575                      -27.633857
                    2.86                      -27.554443
                  2.8625                      -27.477832
                   2.865                      -27.404044
                  2.8675                        -27.3331
                    2.87                      -27.264931
                  2.8725                      -27.199466
                   2.875                      -27.136598
                  2.8775                      -27.076181
                    2.88                      -27.018058
                  2.8825                      -26.962025
                   2.885                      -26.907852
                  2.8875                      -26.855328
                    2.89                      -26.804169
                  2.8925                      -26.754128
                   2.895                      -26.704929
                  2.8975                      -26.656301
                     2.9                      -26.607977
                  2.9025                        -26.5597
                   2.905                      -26.511216
                  2.9075                      -26.462305
                    2.91                      -26.412768
                  2.9125                      -26.362415
                   2.915                       -26.31112
                  2.9175                      -26.258772
                    2.92                      -26.205302
                  2.9225                      -26.150683
                   2.925                      -26.094917
                  2.9275                      -26.038059
                    2.93                      -25.980184
                  2.9325                      -25.921431
                   2.935                      -25.861946
                  2.9375                      -25.801902
                    2.94                      -25.741529
                  2.9425                      -25.681046
                   2.945                       -25.62068
                  2.9475                      -25.560709
                    2.95                      -25.501378
                  2.9525                      -25.442944
                   2.955                       -25.38568
                  2.9575                      -25.329812
                    2.96                      -25.275597
                  2.9625                      -25.223245
                   2.965                      -25.172942
                  2.9675                      -25.124887
                    2.97                      -25.079221
                  2.9725                      -25.036079
                   2.975                      -24.995562
                  2.9775                      -24.957728
                    2.98                      -24.922639
                  2.9825                      -24.890287
                   2.985                      -24.860661
                  2.9875                      -24.833711
                    2.99                      -24.809352
                  2.9925                      -24.787477
                   2.995                       -24.76795
                  2.9975                      -24.750608
                       3                      -24.735265
