Frequency    S2,1_[241]

                     0.5                      -29.774769
                  0.5025                      -29.235129
                   0.505                      -28.700583
                  0.5075                      -28.172434
                    0.51                      -27.652125
                  0.5125                      -27.141239
                   0.515                      -26.641474
                  0.5175                      -26.154626
                    0.52                      -25.682541
                  0.5225                      -25.227073
                   0.525                      -24.790008
                  0.5275                      -24.373009
                    0.53                      -23.977528
                  0.5325                       -23.60473
                   0.535                      -23.255437
                  0.5375                      -22.930075
                    0.54                      -22.628632
                  0.5425                      -22.350656
                   0.545                      -22.095288
                  0.5475                      -21.861287
                    0.55                      -21.647086
                  0.5525                      -21.450895
                   0.555                      -21.270731
                  0.5575                      -21.104547
                    0.56                      -20.950253
                  0.5625                      -20.805799
                   0.565                      -20.669244
                  0.5675                       -20.53874
                    0.57                      -20.412601
                  0.5725                      -20.289287
                   0.575                      -20.167423
                  0.5775                      -20.045818
                    0.58                      -19.923412
                  0.5825                      -19.799296
                   0.585                      -19.672706
                  0.5875                      -19.543012
                    0.59                      -19.409672
                  0.5925                      -19.272269
                   0.595                      -19.130451
                  0.5975                      -18.983977
                     0.6                      -18.832649
                  0.6025                      -18.676349
                   0.605                      -18.514985
                  0.6075                       -18.34854
                    0.61                      -18.177029
                  0.6125                      -18.000483
                   0.615                      -17.818989
                  0.6175                      -17.632639
                    0.62                       -17.44156
                  0.6225                      -17.245892
                   0.625                      -17.045798
                  0.6275                      -16.841433
                    0.63                      -16.632999
                  0.6325                      -16.420672
                   0.635                      -16.204665
                  0.6375                      -15.985187
                    0.64                      -15.762458
                  0.6425                      -15.536706
                   0.645                      -15.308165
                  0.6475                      -15.077088
                    0.65                      -14.843722
                  0.6525                      -14.608342
                   0.655                      -14.371233
                  0.6575                      -14.132691
                    0.66                      -13.893043
                  0.6625                       -13.65263
                   0.665                      -13.411823
                  0.6675                      -13.171037
                    0.67                      -12.930716
                  0.6725                      -12.691348
                   0.675                      -12.453468
                  0.6775                      -12.217685
                    0.68                      -11.984616
                  0.6825                      -11.755008
                   0.685                      -11.529607
                  0.6875                      -11.309261
                    0.69                      -11.094878
                  0.6925                      -10.887378
                   0.695                      -10.687785
                  0.6975                      -10.497104
                     0.7                      -10.316372
                  0.7025                      -10.146617
                   0.705                      -9.9888263
                  0.7075                       -9.843928
                    0.71                      -9.7127518
                  0.7125                       -9.596016
                   0.715                      -9.4942846
                  0.7175                      -9.4079481
                    0.72                      -9.3372181
                  0.7225                      -9.2821039
                   0.725                      -9.2424153
                  0.7275                       -9.217776
                    0.73                      -9.2076301
                  0.7325                      -9.2112589
                   0.735                      -9.2278163
                  0.7375                      -9.2563532
                    0.74                      -9.2958543
                  0.7425                      -9.3452487
                   0.745                       -9.403456
                  0.7475                      -9.4694088
                    0.75                      -9.5420604
                  0.7525                       -9.620418
                   0.755                      -9.7035336
                  0.7575                      -9.7905474
                    0.76                      -9.8806564
                  0.7625                      -9.9731467
                   0.765                      -10.067365
                  0.7675                      -10.162749
                    0.77                      -10.258802
                  0.7725                      -10.355102
                   0.775                      -10.451278
                  0.7775                      -10.547031
                    0.78                      -10.642121
                  0.7825                      -10.736341
                   0.785                      -10.829538
                  0.7875                      -10.921598
                    0.79                      -11.012449
                  0.7925                      -11.102039
                   0.795                      -11.190347
                  0.7975                      -11.277373
                     0.8                      -11.363152
                  0.8025                      -11.447712
                   0.805                      -11.531109
                  0.8075                      -11.613405
                    0.81                       -11.69468
                  0.8125                      -11.775011
                   0.815                      -11.854474
                  0.8175                      -11.933164
                    0.82                      -12.011165
                  0.8225                      -12.088564
                   0.825                      -12.165438
                  0.8275                      -12.241873
                    0.83                      -12.317944
                  0.8325                      -12.393723
                   0.835                      -12.469267
                  0.8375                      -12.544637
                    0.84                       -12.61989
                  0.8425                       -12.69506
                   0.845                      -12.770187
                  0.8475                      -12.845291
                    0.85                      -12.920403
                  0.8525                      -12.995525
                   0.855                      -13.070666
                  0.8575                      -13.145821
                    0.86                      -13.220988
                  0.8625                       -13.29615
                   0.865                      -13.371288
                  0.8675                      -13.446379
                    0.87                      -13.521403
                  0.8725                      -13.596332
                   0.875                      -13.671132
                  0.8775                      -13.745777
                    0.88                      -13.820241
                  0.8825                      -13.894496
                   0.885                       -13.96851
                  0.8875                      -14.042266
                    0.89                      -14.115744
                  0.8925                       -14.18893
                   0.895                      -14.261802
                  0.8975                      -14.334359
                     0.9                      -14.406597
                  0.9025                      -14.478515
                   0.905                      -14.550114
                  0.9075                      -14.621404
                    0.91                      -14.692401
                  0.9125                      -14.763112
                   0.915                       -14.83356
                  0.9175                      -14.903759
                    0.92                      -14.973739
                  0.9225                      -15.043512
                   0.925                      -15.113104
                  0.9275                      -15.182535
                    0.93                      -15.251832
                  0.9325                      -15.321006
                   0.935                      -15.390074
                  0.9375                      -15.459056
                    0.94                      -15.527959
                  0.9425                      -15.596794
                   0.945                      -15.665558
                  0.9475                      -15.734259
                    0.95                      -15.802888
                  0.9525                      -15.871443
                   0.955                      -15.939904
                  0.9575                      -16.008262
                    0.96                      -16.076499
                  0.9625                      -16.144592
                   0.965                      -16.212515
                  0.9675                      -16.280242
                    0.97                       -16.34775
                  0.9725                      -16.415006
                   0.975                      -16.481981
                  0.9775                      -16.548642
                    0.98                      -16.614964
                  0.9825                      -16.680916
                   0.985                      -16.746469
                  0.9875                      -16.811598
                    0.99                      -16.876283
                  0.9925                      -16.940497
                   0.995                      -17.004224
                  0.9975                      -17.067445
                       1                      -17.130151
                  1.0025                      -17.192333
                   1.005                      -17.253978
                  1.0075                      -17.315086
                    1.01                      -17.375659
                  1.0125                      -17.435697
                   1.015                      -17.495199
                  1.0175                      -17.554176
                    1.02                       -17.61264
                  1.0225                      -17.670597
                   1.025                      -17.728057
                  1.0275                      -17.785034
                    1.03                      -17.841546
                  1.0325                      -17.897604
                   1.035                      -17.953215
                  1.0375                      -18.008398
                    1.04                      -18.063169
                  1.0425                      -18.117537
                   1.045                      -18.171505
                  1.0475                      -18.225087
                    1.05                      -18.278296
                  1.0525                      -18.331133
                   1.055                      -18.383598
                  1.0575                      -18.435697
                    1.06                      -18.487433
                  1.0625                      -18.538804
                   1.065                      -18.589801
                  1.0675                      -18.640425
                    1.07                      -18.690672
                  1.0725                      -18.740531
                   1.075                      -18.789996
                  1.0775                      -18.839062
                    1.08                       -18.88772
                  1.0825                      -18.935954
                   1.085                      -18.983766
                  1.0875                      -19.031137
                    1.09                      -19.078069
                  1.0925                      -19.124546
                   1.095                      -19.170567
                  1.0975                      -19.216129
                     1.1                      -19.261223
                  1.1025                      -19.305853
                   1.105                      -19.350015
                  1.1075                      -19.393706
                    1.11                      -19.436933
                  1.1125                      -19.479705
                   1.115                       -19.52202
                  1.1175                      -19.563891
                    1.12                      -19.605324
                  1.1225                      -19.646336
                   1.125                      -19.686935
                  1.1275                       -19.72713
                    1.13                      -19.766949
                  1.1325                      -19.806401
                   1.135                      -19.845501
                  1.1375                      -19.884272
                    1.14                      -19.922734
                  1.1425                      -19.960905
                   1.145                      -19.998805
                  1.1475                      -20.036447
                    1.15                      -20.073866
                  1.1525                      -20.111078
                   1.155                      -20.148094
                  1.1575                      -20.184951
                    1.16                      -20.221663
                  1.1625                       -20.25825
                   1.165                      -20.294731
                  1.1675                      -20.331128
                    1.17                      -20.367467
                  1.1725                      -20.403762
                   1.175                       -20.44003
                  1.1775                      -20.476303
                    1.18                      -20.512594
                  1.1825                      -20.548923
                   1.185                       -20.58531
                  1.1875                      -20.621776
                    1.19                      -20.658344
                  1.1925                      -20.695035
                   1.195                      -20.731862
                  1.1975                      -20.768858
                     1.2                      -20.806041
                  1.2025                      -20.843428
                   1.205                      -20.881051
                  1.2075                      -20.918923
                    1.21                      -20.957075
                  1.2125                      -20.995524
                   1.215                      -21.034298
                  1.2175                      -21.073423
                    1.22                       -21.11292
                  1.2225                      -21.152812
                   1.225                      -21.193125
                  1.2275                      -21.233882
                    1.23                      -21.275103
                  1.2325                       -21.31682
                   1.235                      -21.359045
                  1.2375                      -21.401809
                    1.24                      -21.445123
                  1.2425                      -21.489016
                   1.245                      -21.533504
                  1.2475                      -21.578601
                    1.25                      -21.624325
                  1.2525                      -21.670699
                   1.255                      -21.717728
                  1.2575                       -21.76543
                    1.26                      -21.813821
                  1.2625                      -21.862907
                   1.265                      -21.912698
                  1.2675                      -21.963197
                    1.27                      -22.014427
                  1.2725                      -22.066387
                   1.275                      -22.119081
                  1.2775                      -22.172517
                    1.28                      -22.226707
                  1.2825                      -22.281653
                   1.285                      -22.337359
                  1.2875                      -22.393824
                    1.29                      -22.451069
                  1.2925                      -22.509093
                   1.295                      -22.567895
                  1.2975                      -22.627497
                     1.3                      -22.687901
                  1.3025                      -22.749116
                   1.305                      -22.811146
                  1.3075                      -22.874006
                    1.31                       -22.93771
                  1.3125                      -23.002266
                   1.315                      -23.067681
                  1.3175                       -23.13398
                    1.32                      -23.201172
                  1.3225                      -23.269266
                   1.325                      -23.338276
                  1.3275                      -23.408216
                    1.33                      -23.479108
                  1.3325                       -23.55095
                   1.335                      -23.623765
                  1.3375                      -23.697565
                    1.34                      -23.772358
                  1.3425                      -23.848146
                   1.345                      -23.924951
                  1.3475                      -24.002767
                    1.35                       -24.08161
                  1.3525                      -24.161471
                   1.355                       -24.24236
                  1.3575                       -24.32428
                    1.36                      -24.407217
                  1.3625                      -24.491181
                   1.365                      -24.576159
                  1.3675                      -24.662137
                    1.37                      -24.749115
                  1.3725                      -24.837084
                   1.375                      -24.926023
                  1.3775                      -25.015929
                    1.38                      -25.106775
                  1.3825                      -25.198558
                   1.385                      -25.291252
                  1.3875                       -25.38483
                    1.39                      -25.479293
                  1.3925                      -25.574609
                   1.395                      -25.670748
                  1.3975                      -25.767692
                     1.4                      -25.865419
                  1.4025                      -25.963895
                   1.405                      -26.063083
                  1.4075                      -26.162939
                    1.41                      -26.263441
                  1.4125                      -26.364529
                   1.415                      -26.466139
                  1.4175                       -26.56823
                    1.42                      -26.670718
                  1.4225                      -26.773522
                   1.425                      -26.876543
                  1.4275                      -26.979679
                    1.43                      -27.082814
                  1.4325                      -27.185808
                   1.435                      -27.288496
                  1.4375                       -27.39073
                    1.44                      -27.492311
                  1.4425                      -27.593032
                   1.445                      -27.692663
                  1.4475                      -27.790966
                    1.45                      -27.887683
                  1.4525                      -27.982527
                   1.455                      -28.075206
                  1.4575                      -28.165418
                    1.46                       -28.25284
                  1.4625                      -28.337135
                   1.465                      -28.417981
                  1.4675                      -28.495031
                    1.47                      -28.567957
                  1.4725                      -28.636424
                   1.475                      -28.700114
                  1.4775                      -28.758725
                    1.48                      -28.811964
                  1.4825                      -28.859566
                   1.485                      -28.901297
                  1.4875                      -28.936941
                    1.49                      -28.966326
                  1.4925                      -28.989312
                   1.495                      -29.005794
                  1.4975                      -29.015706
                     1.5                      -29.019024
                  1.5025                      -29.015761
                   1.505                      -29.005971
                  1.5075                      -28.989742
                    1.51                      -28.967197
                  1.5125                      -28.938499
                   1.515                      -28.903831
                  1.5175                       -28.86341
                    1.52                      -28.817471
                  1.5225                      -28.766273
                   1.525                      -28.710094
                  1.5275                      -28.649226
                    1.53                      -28.583956
                  1.5325                      -28.514597
                   1.535                      -28.441457
                  1.5375                      -28.364845
                    1.54                      -28.285061
                  1.5425                      -28.202415
                   1.545                      -28.117204
                  1.5475                      -28.029726
                    1.55                      -27.940243
                  1.5525                      -27.849035
                   1.555                      -27.756372
                  1.5575                      -27.662479
                    1.56                      -27.567601
                  1.5625                      -27.471958
                   1.565                      -27.375763
                  1.5675                      -27.279206
                    1.57                      -27.182463
                  1.5725                      -27.085704
                   1.575                      -26.989095
                  1.5775                       -26.89276
                    1.58                      -26.796835
                  1.5825                      -26.701443
                   1.585                       -26.60668
                  1.5875                      -26.512649
                    1.59                      -26.419427
                  1.5925                      -26.327095
                   1.595                      -26.235715
                  1.5975                      -26.145334
                     1.6                      -26.056007
                  1.6025                      -25.967775
                   1.605                      -25.880664
                  1.6075                      -25.794703
                    1.61                      -25.709905
                  1.6125                      -25.626292
                   1.615                      -25.543864
                  1.6175                      -25.462624
                    1.62                      -25.382576
                  1.6225                       -25.30371
                   1.625                      -25.226022
                  1.6275                      -25.149502
                    1.63                      -25.074135
                  1.6325                      -24.999903
                   1.635                      -24.926795
                  1.6375                      -24.854788
                    1.64                      -24.783871
                  1.6425                      -24.714016
                   1.645                       -24.64521
                  1.6475                      -24.577439
                    1.65                       -24.51067
                  1.6525                      -24.444897
                   1.655                      -24.380098
                  1.6575                      -24.316259
                    1.66                      -24.253359
                  1.6625                      -24.191388
                   1.665                      -24.130331
                  1.6675                      -24.070181
                    1.67                      -24.010915
                  1.6725                      -23.952529
                   1.675                      -23.895019
                  1.6775                      -23.838362
                    1.68                      -23.782561
                  1.6825                      -23.727602
                   1.685                      -23.673482
                  1.6875                       -23.62019
                    1.69                      -23.567717
                  1.6925                      -23.516053
                   1.695                      -23.465197
                  1.6975                      -23.415129
                     1.7                      -23.365841
                  1.7025                      -23.317318
                   1.705                       -23.26955
                  1.7075                      -23.222516
                    1.71                      -23.176199
                  1.7125                       -23.13058
                   1.715                      -23.085634
                  1.7175                      -23.041336
                    1.72                      -22.997658
                  1.7225                      -22.954574
                   1.725                      -22.912046
                  1.7275                       -22.87005
                    1.73                      -22.828542
                  1.7325                      -22.787488
                   1.735                      -22.746851
                  1.7375                      -22.706591
                    1.74                      -22.666667
                  1.7425                      -22.627042
                   1.745                      -22.587671
                  1.7475                      -22.548524
                    1.75                       -22.50956
                  1.7525                       -22.47074
                   1.755                      -22.432036
                  1.7575                      -22.393415
                    1.76                      -22.354852
                  1.7625                       -22.31632
                   1.765                      -22.277802
                  1.7675                      -22.239282
                    1.77                      -22.200751
                  1.7725                      -22.162203
                   1.775                      -22.123636
                  1.7775                      -22.085053
                    1.78                      -22.046466
                  1.7825                      -22.007886
                   1.785                      -21.969335
                  1.7875                      -21.930833
                    1.79                      -21.892405
                  1.7925                      -21.854085
                   1.795                      -21.815905
                  1.7975                      -21.777898
                     1.8                      -21.740105
                  1.8025                      -21.702561
                   1.805                      -21.665305
                  1.8075                      -21.628382
                    1.81                       -21.59182
                  1.8125                       -21.55566
                   1.815                      -21.519938
                  1.8175                      -21.484677
                    1.82                      -21.449911
                  1.8225                      -21.415662
                   1.825                      -21.381945
                  1.8275                      -21.348777
                    1.83                      -21.316163
                  1.8325                      -21.284103
                   1.835                      -21.252599
                  1.8375                      -21.221637
                    1.84                      -21.191204
                  1.8425                      -21.161278
                   1.845                      -21.131835
                  1.8475                      -21.102845
                    1.85                       -21.07427
                  1.8525                       -21.04607
                   1.855                      -21.018208
                  1.8575                      -20.990642
                    1.86                      -20.963324
                  1.8625                      -20.936207
                   1.865                      -20.909257
                  1.8675                      -20.882426
                    1.87                      -20.855676
                  1.8725                      -20.828972
                   1.875                      -20.802284
                  1.8775                      -20.775591
                    1.88                      -20.748871
                  1.8825                      -20.722119
                   1.885                       -20.69533
                  1.8875                      -20.668512
                    1.89                      -20.641679
                  1.8925                      -20.614853
                   1.895                      -20.588069
                  1.8975                      -20.561366
                     1.9                      -20.534793
                  1.9025                      -20.508407
                   1.905                      -20.482276
                  1.9075                      -20.456465
                    1.91                       -20.43105
                  1.9125                      -20.406113
                   1.915                      -20.381734
                  1.9175                      -20.357997
                    1.92                      -20.334986
                  1.9225                      -20.312787
                   1.925                       -20.29148
                  1.9275                      -20.271143
                    1.93                      -20.251847
                  1.9325                      -20.233658
                   1.935                      -20.216636
                  1.9375                      -20.200833
                    1.94                      -20.186284
                  1.9425                      -20.173027
                   1.945                      -20.161076
                  1.9475                      -20.150433
                    1.95                      -20.141105
                  1.9525                       -20.13307
                   1.955                        -20.1263
                  1.9575                      -20.120758
                    1.96                      -20.116393
                  1.9625                       -20.11315
                   1.965                      -20.110955
                  1.9675                      -20.109742
                    1.97                      -20.109429
                  1.9725                      -20.109937
                   1.975                       -20.11118
                  1.9775                      -20.113082
                    1.98                      -20.115564
                  1.9825                      -20.118553
                   1.985                      -20.121994
                  1.9875                      -20.125832
                    1.99                      -20.130031
                  1.9925                      -20.134572
                   1.995                      -20.139449
                  1.9975                      -20.144681
                       2                      -20.150304
                  2.0025                      -20.156378
                   2.005                      -20.162982
                  2.0075                      -20.170221
                    2.01                      -20.178214
                  2.0125                      -20.187116
                   2.015                      -20.197088
                  2.0175                      -20.208321
                    2.02                      -20.221007
                  2.0225                      -20.235366
                   2.025                      -20.251621
                  2.0275                      -20.269999
                    2.03                      -20.290735
                  2.0325                      -20.314056
                   2.035                      -20.340189
                  2.0375                      -20.369343
                    2.04                      -20.401707
                  2.0425                      -20.437444
                   2.045                      -20.476702
                  2.0475                      -20.519564
                    2.05                      -20.566091
                  2.0525                      -20.616284
                   2.055                      -20.670083
                  2.0575                      -20.727366
                    2.06                      -20.787923
                  2.0625                       -20.85148
                   2.065                      -20.917674
                  2.0675                      -20.986029
                    2.07                      -21.055994
                  2.0725                       -21.12691
                   2.075                      -21.198019
                  2.0775                      -21.268473
                    2.08                       -21.33731
                  2.0825                       -21.40351
                   2.085                      -21.465983
                  2.0875                      -21.523575
                    2.09                       -21.57512
                  2.0925                      -21.619455
                   2.095                      -21.655445
                  2.0975                      -21.682028
                     2.1                      -21.698243
                  2.1025                       -21.70326
                   2.105                       -21.69642
                  2.1075                      -21.677256
                    2.11                      -21.645502
                  2.1125                      -21.601123
                   2.115                      -21.544293
                  2.1175                      -21.475399
                    2.12                      -21.395015
                  2.1225                      -21.303906
                   2.125                      -21.202949
                  2.1275                      -21.093179
                    2.13                      -20.975645
                  2.1325                      -20.851514
                   2.135                      -20.721941
                  2.1375                      -20.588088
                    2.14                      -20.451086
                  2.1425                      -20.312069
                   2.145                      -20.172088
                  2.1475                      -20.032149
                    2.15                      -19.893203
                  2.1525                      -19.756125
                   2.155                      -19.621769
                  2.1575                       -19.49088
                    2.16                       -19.36419
                  2.1625                      -19.242361
                   2.165                      -19.125966
                  2.1675                      -19.015604
                    2.17                      -18.911777
                  2.1725                      -18.814987
                   2.175                      -18.725672
                  2.1775                      -18.644245
                    2.18                      -18.571105
                  2.1825                      -18.506608
                   2.185                       -18.45107
                  2.1875                      -18.404813
                    2.19                      -18.368116
                  2.1925                      -18.341231
                   2.195                      -18.324395
                  2.1975                      -18.317813
                     2.2                      -18.321663
                  2.2025                      -18.336096
                   2.205                      -18.361241
                  2.2075                      -18.397182
                    2.21                      -18.443986
                  2.2125                      -18.501663
                   2.215                        -18.5702
                  2.2175                      -18.649546
                    2.22                      -18.739565
                  2.2225                      -18.840127
                   2.225                       -18.95102
                  2.2275                       -19.07194
                    2.23                      -19.202556
                  2.2325                      -19.342461
                   2.235                      -19.491122
                  2.2375                       -19.64796
                    2.24                      -19.812283
                  2.2425                      -19.983289
                   2.245                      -20.160079
                  2.2475                      -20.341576
                    2.25                      -20.526646
                  2.2525                      -20.713947
                   2.255                      -20.902039
                  2.2575                      -21.089409
                    2.26                      -21.274308
                  2.2625                      -21.454968
                   2.265                      -21.629537
                  2.2675                      -21.796084
                    2.27                      -21.952734
                  2.2725                      -22.097677
                   2.275                      -22.229181
                  2.2775                      -22.345802
                    2.28                       -22.44627
                  2.2825                      -22.529683
                   2.285                      -22.595499
                  2.2875                      -22.643551
                    2.29                      -22.674094
                  2.2925                      -22.687758
                   2.295                      -22.685535
                  2.2975                       -22.66871
                     2.3                      -22.638819
                  2.3025                      -22.597565
                   2.305                      -22.546751
                  2.3075                      -22.488238
                    2.31                       -22.42386
                  2.3125                       -22.35537
                   2.315                      -22.284456
                  2.3175                      -22.212646
                    2.32                      -22.141353
                  2.3225                      -22.071811
                   2.325                      -22.005094
                  2.3275                      -21.942138
                    2.33                      -21.883702
                  2.3325                      -21.830409
                   2.335                      -21.782733
                  2.3375                      -21.741021
                    2.34                      -21.705506
                  2.3425                      -21.676298
                   2.345                      -21.653405
                  2.3475                      -21.636749
                    2.35                      -21.626162
                  2.3525                      -21.621402
                   2.355                      -21.622158
                  2.3575                      -21.628066
                    2.36                      -21.638709
                  2.3625                      -21.653629
                   2.365                       -21.67234
                  2.3675                      -21.694329
                    2.37                      -21.719078
                  2.3725                      -21.746055
                   2.375                      -21.774738
                  2.3775                      -21.804631
                    2.38                      -21.835245
                  2.3825                      -21.866131
                   2.385                      -21.896891
                  2.3875                      -21.927162
                    2.39                      -21.956644
                  2.3925                      -21.985106
                   2.395                      -22.012361
                  2.3975                      -22.038303
                     2.4                      -22.062894
                  2.4025                      -22.086154
                   2.405                      -22.108173
                  2.4075                        -22.1291
                    2.41                      -22.149136
                  2.4125                      -22.168525
                   2.415                      -22.187566
                  2.4175                       -22.20657
                    2.42                      -22.225884
                  2.4225                      -22.245864
                   2.425                      -22.266881
                  2.4275                      -22.289292
                    2.43                      -22.313451
                  2.4325                      -22.339696
                   2.435                      -22.368326
                  2.4375                      -22.399637
                    2.44                      -22.433864
                  2.4425                      -22.471209
                   2.445                      -22.511857
                  2.4475                      -22.555913
                    2.45                      -22.603452
                  2.4525                       -22.65449
                   2.455                       -22.70901
                  2.4575                      -22.766934
                    2.46                      -22.828131
                  2.4625                      -22.892448
                   2.465                      -22.959671
                  2.4675                      -23.029539
                    2.47                      -23.101767
                  2.4725                      -23.176046
                   2.475                      -23.252018
                  2.4775                      -23.329328
                    2.48                      -23.407581
                  2.4825                       -23.48641
                   2.485                      -23.565432
                  2.4875                      -23.644268
                    2.49                      -23.722574
                  2.4925                      -23.800004
                   2.495                      -23.876278
                  2.4975                      -23.951142
                     2.5                      -24.024391
                  2.5025                      -24.095875
                   2.505                      -24.165503
                  2.5075                      -24.233235
                    2.51                      -24.299098
                  2.5125                      -24.363184
                   2.515                      -24.425626
                  2.5175                      -24.486648
                    2.52                      -24.546481
                  2.5225                      -24.605428
                   2.525                      -24.663825
                  2.5275                      -24.722022
                    2.53                       -24.78041
                  2.5325                      -24.839373
                   2.535                      -24.899314
                  2.5375                      -24.960629
                    2.54                       -25.02369
                  2.5425                      -25.088858
                   2.545                      -25.156462
                  2.5475                      -25.226796
                    2.55                      -25.300119
                  2.5525                      -25.376633
                   2.555                      -25.456507
                  2.5575                      -25.539843
                    2.56                      -25.626694
                  2.5625                      -25.717044
                   2.565                      -25.810832
                  2.5675                      -25.907915
                    2.57                      -26.008122
                  2.5725                      -26.111175
                   2.575                      -26.216785
                  2.5775                      -26.324595
                    2.58                      -26.434174
                  2.5825                      -26.545067
                   2.585                      -26.656798
                  2.5875                      -26.768821
                    2.59                      -26.880584
                  2.5925                      -26.991574
                   2.595                      -27.101205
                  2.5975                      -27.208964
                     2.6                      -27.314326
                  2.6025                      -27.416838
                   2.605                      -27.516101
                  2.6075                       -27.61175
                    2.61                      -27.703554
                  2.6125                      -27.791302
                   2.615                      -27.874912
                  2.6175                      -27.954396
                    2.62                      -28.029838
                  2.6225                      -28.101418
                   2.625                      -28.169402
                  2.6275                      -28.234118
                    2.63                      -28.295961
                  2.6325                      -28.355385
                   2.635                      -28.412845
                  2.6375                      -28.468846
                    2.64                      -28.523866
                  2.6425                      -28.578386
                   2.645                      -28.632858
                  2.6475                      -28.687675
                    2.65                      -28.743215
                  2.6525                      -28.799728
                   2.655                      -28.857444
                  2.6575                      -28.916478
                    2.66                       -28.97685
                  2.6625                      -29.038492
                   2.665                      -29.101238
                  2.6675                      -29.164802
                    2.67                       -29.22881
                  2.6725                      -29.292776
                   2.675                      -29.356111
                  2.6775                      -29.418156
                    2.68                      -29.478153
                  2.6825                      -29.535281
                   2.685                      -29.588717
                  2.6875                      -29.637543
                    2.69                      -29.680909
                  2.6925                      -29.717945
                   2.695                      -29.747862
                  2.6975                      -29.769952
                     2.7                      -29.783605
                  2.7025                       -29.78836
                   2.705                      -29.783905
                  2.7075                      -29.770077
                    2.71                      -29.746902
                  2.7125                      -29.714571
                   2.715                      -29.673433
                  2.7175                      -29.623992
                    2.72                      -29.566878
                  2.7225                      -29.502808
                   2.725                      -29.432585
                  2.7275                      -29.357075
                    2.73                      -29.277143
                  2.7325                      -29.193684
                   2.735                      -29.107542
                  2.7375                      -29.019524
                    2.74                      -28.930409
                  2.7425                      -28.840857
                   2.745                      -28.751471
                  2.7475                      -28.662803
                    2.75                      -28.575271
                  2.7525                      -28.489221
                   2.755                      -28.404917
                  2.7575                      -28.322536
                    2.76                      -28.242165
                  2.7625                      -28.163815
                   2.765                      -28.087423
                  2.7675                      -28.012878
                    2.77                      -27.939982
                  2.7725                      -27.868517
                   2.775                      -27.798209
                  2.7775                      -27.728725
                    2.78                      -27.659751
                  2.7825                      -27.590939
                   2.785                      -27.521925
                  2.7875                      -27.452372
                    2.79                      -27.381946
                  2.7925                      -27.310323
                   2.795                      -27.237258
                  2.7975                      -27.162474
                     2.8                      -27.085812
                  2.8025                      -27.007123
                   2.805                      -26.926311
                  2.8075                      -26.843372
                    2.81                      -26.758315
                  2.8125                      -26.671255
                   2.815                      -26.582307
                  2.8175                      -26.491656
                    2.82                      -26.399552
                  2.8225                      -26.306256
                   2.825                      -26.212057
                  2.8275                      -26.117289
                    2.83                       -26.02229
                  2.8325                      -25.927376
                   2.835                      -25.832913
                  2.8375                      -25.739227
                    2.84                      -25.646653
                  2.8425                      -25.555484
                   2.845                      -25.466002
                  2.8475                      -25.378485
                    2.85                       -25.29314
                  2.8525                      -25.210162
                   2.855                      -25.129721
                  2.8575                      -25.051927
                    2.86                      -24.976885
                  2.8625                       -24.90464
                   2.865                      -24.835193
                  2.8675                      -24.768552
                    2.87                      -24.704634
                  2.8725                      -24.643354
                   2.875                      -24.584592
                  2.8775                      -24.528191
                    2.88                      -24.473984
                  2.8825                      -24.421759
                   2.885                       -24.37128
                  2.8875                      -24.322329
                    2.89                      -24.274623
                  2.8925                      -24.227909
                   2.895                      -24.181915
                  2.8975                      -24.136371
                     2.9                      -24.091013
                  2.9025                      -24.045592
                   2.905                      -23.999859
                  2.9075                      -23.953604
                    2.91                      -23.906636
                  2.9125                      -23.858778
                   2.915                      -23.809913
                  2.9175                       -23.75994
                    2.92                      -23.708805
                  2.9225                       -23.65649
                   2.925                       -23.60301
                  2.9275                      -23.548429
                    2.93                      -23.492832
                  2.9325                      -23.436366
                   2.935                      -23.379187
                  2.9375                       -23.32147
                    2.94                       -23.26345
                  2.9425                      -23.205349
                   2.945                      -23.147394
                  2.9475                      -23.089861
                    2.95                      -23.032993
                  2.9525                      -22.977039
                   2.955                      -22.922266
                  2.9575                       -22.86889
                    2.96                      -22.817157
                  2.9625                      -22.767264
                   2.965                      -22.719385
                  2.9675                      -22.673702
                    2.97                      -22.630339
                  2.9725                      -22.589416
                   2.975                      -22.551015
                  2.9775                      -22.515178
                    2.98                      -22.481948
                  2.9825                      -22.451301
                   2.985                      -22.423209
                  2.9875                      -22.397607
                    2.99                      -22.374397
                  2.9925                      -22.353458
                   2.995                      -22.334647
                  2.9975                      -22.317788
                       3                      -22.302692
