Frequency    S1,2_[31775]

                     400                      -44.253529
                   402.6                      -43.986944
                   405.2                      -43.783719
                   407.8                       -43.67375
                   410.4                      -43.638306
                     413                      -43.618914
                   415.6                      -43.544899
                   418.2                       -43.37446
                   420.8                      -43.121942
                   423.4                      -42.845648
                     426                      -42.609197
                   428.6                      -42.448573
                   431.2                      -42.358277
                   433.8                       -42.29496
                   436.4                      -42.197871
                     439                       -42.02255
                   441.6                      -41.768589
                   444.2                      -41.478108
                   446.8                      -41.207328
                   449.4                      -40.995368
                     452                      -40.846926
                   454.6                      -40.731486
                   457.2                       -40.59825
                   459.8                      -40.403534
                   462.4                      -40.136836
                     465                      -39.826178
                   467.6                      -39.518839
                   470.2                      -39.253686
                   472.8                      -39.042196
                   475.4                      -38.864431
                     478                      -38.679771
                   480.6                       -38.44872
                   483.2                      -38.155442
                   485.8                      -37.816269
                   488.4                      -37.467961
                     491                      -37.145178
                   493.6                      -36.862287
                   496.2                      -36.607815
                   498.8                       -36.35202
                   501.4                      -36.063302
                     504                      -35.725388
                   506.6                      -35.345446
                   509.2                      -34.947759
                   511.8                      -34.557909
                   514.4                      -34.188595
                     517                      -33.834903
                   519.6                      -33.479588
                   522.2                      -33.103499
                   524.8                       -32.69527
                   527.4                      -32.255344
                     530                      -31.792573
                   532.6                      -31.316721
                   535.2                      -30.832803
                   537.8                      -30.340886
                   540.4                      -29.839741
                     543                      -29.329645
                   545.6                      -28.811192
                   548.2                      -28.280433
                   550.8                      -27.724899
                   553.4                      -27.126716
                     556                      -26.473099
                   558.6                      -25.768255
                   561.2                      -25.036811
                   563.8                      -24.314797
                   566.4                      -23.629511
                     569                      -22.975599
                   571.6                      -22.303008
                   574.2                      -21.534479
                   576.8                      -20.614961
                   579.4                       -19.56517
                     582                      -18.499354
                   584.6                      -17.593852
                   587.2                      -17.019663
                   589.8                      -16.872651
                   592.4                      -17.152679
                     595                      -17.804165
                   597.6                      -18.762525
                   600.2                      -19.950521
                   602.8                      -21.204871
                   605.4                      -22.175243
                     608                      -22.458995
                   610.6                       -22.08799
                   613.2                       -21.51901
                   615.8                      -21.116042
                   618.4                       -20.99115
                     621                      -21.100233
                   623.6                      -21.328806
                   626.2                       -21.54426
                   628.8                      -21.648214
                   631.4                       -21.62376
                     634                      -21.532786
                   636.6                      -21.459793
                   639.2                      -21.457829
                   641.8                      -21.531259
                   644.4                      -21.645245
                     647                      -21.745742
                   649.6                      -21.785187
                   652.2                      -21.747162
                   654.8                      -21.653459
                   657.4                      -21.546142
                     660                      -21.461358
                   662.6                      -21.414406
                   665.2                      -21.398386
                   667.8                      -21.390265
                   670.4                      -21.361581
                     673                      -21.292432
                   675.6                      -21.182271
                   678.2                      -21.049737
                   680.8                      -20.922386
                   683.4                      -20.824574
                     686                      -20.768297
                   688.6                      -20.748155
                   691.2                      -20.742726
                   693.8                      -20.725434
                   696.4                      -20.681131
                     699                       -20.61703
                   701.6                      -20.559761
                   704.2                      -20.541148
                   706.8                      -20.581237
                   709.4                       -20.67693
                     712                      -20.802779
                   714.6                       -20.92573
                   717.2                      -21.025548
                   719.8                        -21.1069
                   722.4                      -21.194881
                     725                      -21.318122
                   727.6                      -21.491134
                   730.2                      -21.706097
                   732.8                      -21.937761
                   735.4                        -22.1579
                     738                      -22.350854
                   740.6                      -22.520826
                   743.2                      -22.686911
                   745.8                       -22.86994
                   748.4                       -23.08022
                     751                      -23.312743
                   753.6                      -23.551029
                   756.2                      -23.776325
                   758.8                      -23.977274
                   761.4                      -24.155074
                     764                      -24.321419
                   766.6                      -24.490939
                   769.2                      -24.673176
                   771.8                      -24.868382
                   774.4                       -25.06831
                     777                      -25.260853
                   779.6                       -25.43621
                   782.2                      -25.591699
                   784.8                       -25.73274
                   787.4                      -25.869522
                     790                      -26.011593
                   792.6                      -26.163312
                   795.2                      -26.322129
                   797.8                       -26.48014
                   800.4                      -26.628145
                     803                      -26.760474
                   805.6                      -26.878051
                   808.2                      -26.987861
                   810.8                      -27.099239
                   813.4                      -27.219102
                     816                      -27.348594
                   818.6                       -27.48264
                   821.2                      -27.612662
                   823.8                      -27.731273
                   826.4                      -27.836475
                     829                      -27.932852
                   831.6                      -28.029104
                   834.2                      -28.133387
                   836.8                      -28.249104
                   839.4                      -28.373248
                     842                      -28.498163
                   844.6                      -28.615854
                   847.2                      -28.722579
                   849.8                      -28.821058
                   852.4                      -28.918972
                     855                      -29.024748
                   857.6                      -29.143097
                   860.2                      -29.272686
                   862.8                      -29.407095
                   865.4                      -29.538537
                     868                       -29.66237
                   870.6                      -29.779819
                   873.2                      -29.897343
                   875.8                      -30.023101
                   878.4                      -30.162637
                     881                      -30.316166
                   883.6                      -30.478808
                   886.2                      -30.643579
                   888.8                      -30.805532
                   891.4                      -30.964782
                     894                      -31.126688
                   896.6                       -31.29913
                   899.2                      -31.488558
                   901.8                      -31.697036
                   904.4                      -31.921746
                     907                      -32.157175
                   909.6                      -32.398805
                   912.2                      -32.646405
                   914.8                      -32.905054
                   917.4                      -33.183426
                     920                      -33.490324
                   922.6                      -33.831534
                   925.2                      -34.208567
                   927.8                      -34.619984
                   930.4                      -35.064731
                     933                      -35.546026
                   935.6                      -36.074034
                   938.2                      -36.666185
                   940.8                      -37.345532
                   943.4                      -38.138886
                     946                      -39.076914
                   948.6                      -40.198593
                   951.2                      -41.562756
                   953.8                      -43.273064
                   956.4                      -45.534855
                     959                       -48.81652
                   961.6                      -54.483679
                   964.2                      -61.814391
                   966.8                      -52.016892
                   969.4                       -46.44503
                     972                      -42.809946
                   974.6                      -40.075244
                   977.2                      -37.850241
                   979.8                      -35.944941
                   982.4                      -34.252845
                     985                      -32.710509
                   987.6                      -31.279699
                   990.2                      -29.937058
                   992.8                      -28.667032
                   995.4                      -27.457299
                     998                      -26.296655
                  1000.6                      -25.175118
                  1003.2                      -24.085261
                  1005.8                      -23.023618
                  1008.4                      -21.991191
                    1011                      -20.992908
                  1013.6                      -20.036745
                  1016.2                      -19.133289
                  1018.8                      -18.296262
                  1021.4                      -17.543215
                    1024                      -16.894897
                  1026.6                      -16.372104
                  1029.2                      -15.990413
                  1031.8                      -15.755354
                  1034.4                      -15.660791
                    1037                      -15.691187
                  1039.6                      -15.825967
                  1042.2                      -16.043468
                  1044.8                      -16.323303
                  1047.4                      -16.647388
                    1050                       -17.00022
                  1052.6                      -17.369186
                  1055.2                      -17.744855
                  1057.8                      -18.121119
                  1060.4                      -18.494894
                    1063                       -18.86515
                  1065.6                      -19.231652
                  1068.2                      -19.593807
                  1070.8                      -19.950183
                  1073.4                      -20.298923
                    1076                      -20.638601
                  1078.6                      -20.969122
                  1081.2                      -21.291799
                  1083.8                      -21.608655
                  1086.4                      -21.921289
                    1089                      -22.229975
                  1091.6                      -22.533619
                  1094.2                      -22.830621
                  1096.8                      -23.119996
                  1099.4                      -23.402115
                    1102                      -23.678579
                  1104.6                       -23.95134
                  1107.2                      -24.221574
                  1109.8                      -24.489067
                  1112.4                      -24.752519
                    1115                      -25.010458
                  1117.6                      -25.262226
                  1120.2                      -25.508366
                  1122.8                      -25.750312
                  1125.4                      -25.989499
                    1128                      -26.226558
                  1130.6                      -26.461076
                  1133.2                      -26.691992
                  1135.8                      -26.918317
                  1138.4                      -27.139715
                    1141                      -27.356585
                  1143.6                      -27.569696
                  1146.2                      -27.779686
                  1148.8                      -27.986715
                  1151.4                      -28.190491
                    1154                      -28.390474
                  1156.6                      -28.586109
                  1159.2                      -28.776819
                  1161.8                      -28.961841
                  1164.4                      -29.140196
                    1167                      -29.310783
                  1169.6                      -29.472585
                  1172.2                      -29.624619
                  1174.8                      -29.765429
                  1177.4                      -29.892144
                    1180                      -29.999627
                  1182.6                      -30.080505
                  1185.2                      -30.126624
                  1187.8                      -30.131734
                  1190.4                      -30.094633
                    1193                      -30.021783
                  1195.6                      -29.928551
                  1198.2                      -29.838255
                  1200.8                      -29.778665
                  1203.4                      -29.775568
                    1206                      -29.845081
                  1208.6                      -29.988155
                  1211.2                       -30.19088
                  1213.8                       -30.43069
                  1216.4                      -30.684865
                    1219                      -30.936962
                  1221.6                      -31.178925
                  1224.2                      -31.409458
                  1226.8                      -31.630588
                  1229.4                      -31.844478
                    1232                      -32.051813
                  1234.6                       -32.25193
                  1237.2                      -32.443899
                  1239.8                      -32.627732
                  1242.4                      -32.804812
                    1245                      -32.977532
                  1247.6                      -33.148523
                  1250.2                      -33.319997
                  1252.8                      -33.493595
                  1255.4                      -33.670724
                    1258                      -33.853186
                  1260.6                      -34.043811
                  1263.2                      -34.246856
                  1265.8                      -34.468283
                  1268.4                      -34.715998
                    1271                      -35.000032
                  1273.6                        -35.3324
                  1276.2                      -35.726476
                  1278.8                      -36.195142
                  1281.4                      -36.747619
                    1284                      -37.384666
                  1286.6                      -38.092932
                  1289.2                      -38.840363
                  1291.8                      -39.575797
                  1294.4                      -40.237575
                    1297                      -40.771784
                  1299.6                      -41.152551
                  1302.2                      -41.390096
                  1304.8                      -41.520207
                  1307.4                      -41.585348
                    1310                      -41.620797
                  1312.6                      -41.649624
                  1315.2                      -41.684544
                  1317.8                      -41.731937
                  1320.4                      -41.795297
                    1323                      -41.877318
                  1325.6                      -41.980498
                  1328.2                       -42.10674
                  1330.8                      -42.256875
                  1333.4                      -42.430449
                    1336                      -42.626049
                  1338.6                      -42.842146
                  1341.2                      -43.077891
                  1343.8                       -43.33376
                  1346.4                      -43.611575
                    1349                      -43.914071
                  1351.6                      -44.244103
                  1354.2                      -44.603896
                  1356.8                      -44.994758
                  1359.4                      -45.417445
                    1362                       -45.87299
                  1364.6                       -46.36384
                  1367.2                      -46.894722
                  1369.8                      -47.472815
                  1372.4                      -48.106948
                    1375                      -48.805964
                  1377.6                      -49.576919
                  1380.2                      -50.423263
                  1382.8                      -51.343363
                  1385.4                      -52.328194
                    1388                      -53.355646
                  1390.6                       -54.37616
                  1393.2                      -55.285456
                  1395.8                      -55.901558
                  1398.4                      -56.010416
                    1401                      -55.523893
                  1403.6                      -54.577482
                  1406.2                      -53.408764
                  1408.8                      -52.203166
                  1411.4                      -51.057108
                    1414                      -50.006369
                  1416.6                      -49.057618
                  1419.2                      -48.209379
                  1421.8                      -47.462998
                  1424.4                      -46.826633
                    1427                      -46.315025
                  1429.6                      -45.946634
                  1432.2                      -45.739785
                  1434.8                      -45.708888
                  1437.4                      -45.860688
                    1440                      -46.189419
                  1442.6                      -46.668966
                  1445.2                      -47.240018
                  1447.8                      -47.794643
                  1450.4                      -48.175478
                    1453                      -48.223593
                  1455.6                      -47.872643
                  1458.2                      -47.192492
                  1460.8                      -46.323338
                  1463.4                      -45.388421
                    1466                      -44.462278
                  1468.6                      -43.579728
                  1471.2                      -42.753397
                  1473.8                      -41.986145
                  1476.4                      -41.276889
                    1479                      -40.622845
                  1481.6                      -40.019949
                  1484.2                      -39.462793
                  1486.8                      -38.945018
                  1489.4                      -38.460119
                    1492                      -38.002506
                  1494.6                      -37.568166
                  1497.2                      -37.154822
                  1499.8                      -36.761395
                  1502.4                      -36.387184
                    1505                      -36.031165
                  1507.6                      -35.691597
                  1510.2                      -35.366197
                  1512.8                       -35.05264
                  1515.4                      -34.749127
                    1518                      -34.454696
                  1520.6                      -34.169126
                  1523.2                      -33.892548
                  1525.8                      -33.624972
                  1528.4                      -33.365932
                    1531                      -33.114467
                  1533.6                       -32.86938
                  1536.2                      -32.629609
                  1538.8                      -32.394538
                  1541.4                      -32.164042
                    1544                      -31.938339
                  1546.6                      -31.717637
                  1549.2                      -31.501881
                  1551.8                      -31.290632
                  1554.4                      -31.083179
                    1557                      -30.878795
                  1559.6                      -30.676995
                  1562.2                      -30.477644
                  1564.8                      -30.280905
                  1567.4                      -30.087023
                    1570                      -29.896102
                  1572.6                      -29.707955
                  1575.2                      -29.522136
                  1577.8                      -29.338118
                  1580.4                      -29.155485
                    1583                      -28.974082
                  1585.6                      -28.794017
                  1588.2                       -28.61552
                  1590.8                      -28.438764
                  1593.4                      -28.263705
                    1596                       -28.09007
                  1598.6                      -27.917463
                  1601.2                      -27.745528
                  1603.8                      -27.574102
                  1606.4                      -27.403245
                    1609                      -27.233159
                  1611.6                      -27.064039
                  1614.2                      -26.895932
                  1616.8                       -26.72868
                  1619.4                      -26.562001
                    1622                      -26.395606
                  1624.6                      -26.229335
                  1627.2                      -26.063207
                  1629.8                      -25.897388
                  1632.4                      -25.732069
                    1635                      -25.567343
                  1637.6                      -25.403156
                  1640.2                      -25.239331
                  1642.8                      -25.075658
                  1645.4                      -24.911994
                    1648                      -24.748334
                  1650.6                      -24.584788
                  1653.2                       -24.42152
                  1655.8                      -24.258659
                  1658.4                      -24.096236
                    1661                       -23.93419
                  1663.6                       -23.77241
                  1666.2                       -23.61079
                  1668.8                      -23.449294
                  1671.4                      -23.287978
                    1674                      -23.126973
                  1676.6                      -22.966426
                  1679.2                      -22.806457
                  1681.8                      -22.647138
                  1684.4                      -22.488464
                    1687                      -22.330383
                  1689.6                      -22.172851
                  1692.2                      -22.015876
                  1694.8                      -21.859551
                  1697.4                      -21.704049
                    1700                      -21.549595
                  1702.6                      -21.396392
                  1705.2                      -21.244567
                  1707.8                      -21.094155
                  1710.4                      -20.945129
                    1713                      -20.797486
                  1715.6                      -20.651322
                  1718.2                      -20.506867
                  1720.8                      -20.364462
                  1723.4                      -20.224476
                    1726                      -20.087224
                  1728.6                      -19.952893
                  1731.2                      -19.821586
                  1733.8                      -19.693408
                  1736.4                      -19.568575
                    1739                      -19.447494
                  1741.6                       -19.33075
                  1744.2                      -19.219038
                  1746.8                      -19.113062
                  1749.4                      -19.013474
                    1752                      -18.920893
                  1754.6                       -18.83599
                  1757.2                      -18.759619
                  1759.8                      -18.692925
                  1762.4                      -18.637411
                    1765                      -18.594921
                  1767.6                      -18.567611
                  1770.2                      -18.557924
                  1772.8                       -18.56858
                  1775.4                      -18.602624
                    1778                      -18.663483
                  1780.6                      -18.755103
                  1783.2                      -18.881973
                  1785.8                      -19.048988
                  1788.4                      -19.261173
                    1791                      -19.522987
                  1793.6                      -19.837051
                  1796.2                      -20.202528
                  1798.8                      -20.613022
                  1801.4                      -21.054576
                    1804                       -21.50405
                  1806.6                      -21.929436
                  1809.2                      -22.293136
                  1811.8                      -22.559156
                  1814.4                      -22.702803
                    1817                       -22.71828
                  1819.6                      -22.619832
                  1822.2                      -22.435506
                  1824.8                      -22.197755
                  1827.4                      -21.935773
                    1830                      -21.671688
                  1832.6                      -21.419998
                  1835.2                      -21.188967
                  1837.8                      -20.982616
                  1840.4                      -20.802394
                    1843                      -20.648464
                  1845.6                      -20.520442
                  1848.2                      -20.417667
                  1850.8                       -20.33924
                  1853.4                      -20.284001
                    1856                      -20.250542
                  1858.6                      -20.237336
                  1861.2                      -20.242898
                  1863.8                      -20.265994
                  1866.4                      -20.305739
                    1869                      -20.361606
                  1871.6                      -20.433271
                  1874.2                      -20.520493
                  1876.8                       -20.62292
                  1879.4                      -20.740016
                    1882                      -20.871103
                  1884.6                      -21.015545
                  1887.2                      -21.172887
                  1889.8                      -21.342905
                  1892.4                      -21.525654
                    1895                       -21.72133
                  1897.6                      -21.930029
                  1900.2                      -22.151636
                  1902.8                      -22.385755
                  1905.4                      -22.631842
                    1908                      -22.889319
                  1910.6                      -23.157789
                  1913.2                      -23.437108
                  1915.8                      -23.727303
                  1918.4                      -24.028413
                    1921                       -24.34018
                  1923.6                      -24.661846
                  1926.2                      -24.992246
                  1928.8                      -25.329852
                  1931.4                      -25.673017
                    1934                      -26.020102
                  1936.6                      -26.369634
                  1939.2                       -26.71998
                  1941.8                      -27.068872
                  1944.4                      -27.413176
                    1947                       -27.74869
                  1949.6                      -28.070279
                  1952.2                      -28.372428
                  1954.8                       -28.64981
                  1957.4                      -28.897695
                    1960                      -29.111932
                  1962.6                      -29.288711
                  1965.2                      -29.424366
                  1967.8                      -29.515538
                  1970.4                      -29.559914
                    1973                      -29.557028
                  1975.6                      -29.508792
                  1978.2                      -29.419271
                  1980.8                      -29.293772
                  1983.4                      -29.137744
                    1986                      -28.956084
                  1988.6                      -28.752881
                  1991.2                      -28.531837
                  1993.8                      -28.296742
                  1996.4                      -28.051593
                    1999                      -27.800397
                  2001.6                      -27.546768
                  2004.2                      -27.293415
                  2006.8                      -27.042009
                  2009.4                       -26.79336
                    2012                      -26.547883
                  2014.6                      -26.306028
                  2017.2                      -26.068553
                  2019.8                      -25.836481
                  2022.4                      -25.610768
                    2025                        -25.3921
                  2027.6                      -25.180669
                  2030.2                       -24.97615
                  2032.8                      -24.778017
                  2035.4                      -24.585832
                    2038                      -24.399498
                  2040.6                      -24.219209
                  2043.2                       -24.04537
                  2045.8                      -23.878347
                  2048.4                      -23.718219
                    2051                      -23.564708
                  2053.6                      -23.417289
                  2056.2                      -23.275409
                  2058.8                      -23.138752
                  2061.4                      -23.007279
                    2064                      -22.881235
                  2066.6                      -22.760967
                  2069.2                      -22.646676
                  2071.8                      -22.538236
                  2074.4                      -22.435245
                    2077                       -22.33717
                  2079.6                      -22.243553
                  2082.2                      -22.154195
                  2084.8                      -22.069217
                  2087.4                      -21.988897
                    2090                      -21.913493
                  2092.6                      -21.842998
                  2095.2                      -21.777076
                  2097.8                      -21.715197
                  2100.4                      -21.656783
                    2103                      -21.601491
                  2105.6                      -21.549252
                  2108.2                      -21.500258
                  2110.8                      -21.454742
                  2113.4                      -21.412741
                    2116                         -21.374
                  2118.6                      -21.337989
                  2121.2                      -21.304105
                  2123.8                      -21.271884
                  2126.4                      -21.241139
                    2129                       -21.21197
                  2131.6                      -21.184586
                  2134.2                      -21.159087
                  2136.8                      -21.135333
                  2139.4                      -21.112922
                    2142                      -21.091318
                  2144.6                      -21.070074
                  2147.2                      -21.048971
                  2149.8                      -21.028066
                  2152.4                      -21.007572
                    2155                      -20.987694
                  2157.6                      -20.968474
                  2160.2                      -20.949707
                  2162.8                       -20.93105
                  2165.4                      -20.912146
                    2168                      -20.892804
                  2170.6                      -20.873056
                  2173.2                      -20.853129
                  2175.8                      -20.833328
                  2178.4                      -20.813861
                    2181                      -20.794773
                  2183.6                      -20.775919
                  2186.2                      -20.757084
                  2188.8                      -20.738113
                  2191.4                      -20.719018
                    2194                      -20.700023
                  2196.6                      -20.681487
                  2199.2                      -20.663789
                  2201.8                      -20.647192
                  2204.4                      -20.631794
                    2207                      -20.617551
                  2209.6                      -20.604386
                  2212.2                      -20.592332
                  2214.8                      -20.581621
                  2217.4                      -20.572677
                    2220                      -20.566038
                  2222.6                      -20.562195
                  2225.2                      -20.561473
                  2227.8                      -20.563975
                  2230.4                       -20.56962
                    2233                      -20.578243
                  2235.6                      -20.589686
                  2238.2                      -20.603792
                  2240.8                      -20.620262
                  2243.4                      -20.638372
                    2246                      -20.656672
                  2248.6                      -20.672763
                  2251.2                       -20.68326
                  2253.8                      -20.684097
                  2256.4                      -20.671084
                    2259                      -20.640685
                  2261.6                      -20.590789
                  2264.2                      -20.521209
                  2266.8                      -20.433828
                  2269.4                      -20.332219
                    2272                      -20.220982
                  2274.6                      -20.105001
                  2277.2                      -19.988778
                  2279.8                      -19.875973
                  2282.4                       -19.76925
                    2285                      -19.670281
                  2287.6                      -19.579801
                  2290.2                      -19.497816
                  2292.8                      -19.423824
                  2295.4                      -19.357023
                    2298                      -19.296561
                  2300.6                      -19.241694
                  2303.2                      -19.191856
                  2305.8                      -19.146686
                  2308.4                      -19.105929
                    2311                       -19.06932
                  2313.6                      -19.036528
                  2316.2                      -19.007128
                  2318.8                      -18.980663
                  2321.4                      -18.956748
                    2324                      -18.935151
                  2326.6                      -18.915832
                  2329.2                       -18.89888
                  2331.8                      -18.884434
                  2334.4                      -18.872542
                    2337                      -18.863089
                  2339.6                      -18.855803
                  2342.2                      -18.850325
                  2344.8                      -18.846337
                  2347.4                      -18.843641
                    2350                      -18.842176
                  2352.6                      -18.841936
                  2355.2                      -18.842795
                  2357.8                      -18.844361
                  2360.4                      -18.845869
                    2363                      -18.846192
                  2365.6                      -18.843958
                  2368.2                      -18.837661
                  2370.8                      -18.825715
                  2373.4                      -18.806404
                    2376                      -18.777683
                  2378.6                      -18.737001
                  2381.2                       -18.68125
                  2383.8                      -18.606901
                  2386.4                      -18.510434
                    2389                      -18.388957
                  2391.6                      -18.240747
                  2394.2                       -18.06574
                  2396.8                      -17.865775
                  2399.4                      -17.644454
                    2402                      -17.407002
                  2404.6                      -17.159846
                  2407.2                      -16.909941
                  2409.8                      -16.664477
                  2412.4                      -16.430017
                    2415                      -16.212051
                  2417.6                      -16.014628
                  2420.2                      -15.840002
                  2422.8                      -15.688798
                  2425.4                      -15.560194
                    2428                      -15.452301
                  2430.6                      -15.362783
                  2433.2                      -15.289235
                  2435.8                      -15.229484
                  2438.4                      -15.181748
                    2441                      -15.144507
                  2443.6                      -15.116337
                  2446.2                      -15.095785
                  2448.8                      -15.081338
                  2451.4                      -15.071563
                    2454                      -15.065286
                  2456.6                      -15.061754
                  2459.2                      -15.060647
                  2461.8                      -15.061937
                  2464.4                      -15.065648
                    2467                      -15.071637
                  2469.6                      -15.079512
                  2472.2                       -15.08871
                  2474.8                      -15.098687
                  2477.4                      -15.109158
                    2480                      -15.120188
                  2482.6                      -15.132127
                  2485.2                      -15.145406
                  2487.8                       -15.16031
                  2490.4                      -15.176817
                    2493                      -15.194608
                  2495.6                      -15.213248
                  2498.2                       -15.23244
                  2500.8                      -15.252186
                  2503.4                      -15.272837
                    2506                      -15.294925
                  2508.6                      -15.318918
                  2511.2                      -15.345008
                  2513.8                      -15.373003
                  2516.4                      -15.402465
                    2519                      -15.432948
                  2521.6                      -15.464247
                  2524.2                       -15.49654
                  2526.8                      -15.530284
                  2529.4                      -15.565964
                    2532                      -15.603819
                  2534.6                      -15.643605
                  2537.2                      -15.684643
                  2539.8                      -15.726076
                  2542.4                      -15.767117
                    2545                      -15.807313
                  2547.6                      -15.846512
                  2550.2                        -15.8846
                  2552.8                      -15.921146
                  2555.4                      -15.955123
                    2558                      -15.984861
                  2560.6                      -16.008321
                  2563.2                      -16.023531
                  2565.8                       -16.02895
                  2568.4                      -16.023665
                    2571                      -16.007275
                  2573.6                      -15.979646
                  2576.2                      -15.940713
                  2578.8                      -15.890515
                  2581.4                      -15.829452
                    2584                      -15.758615
                  2586.6                      -15.680009
                  2589.2                      -15.596453
                  2591.8                      -15.511149
                  2594.4                      -15.427168
                    2597                      -15.347007
                  2599.6                      -15.272317
                  2602.2                       -15.20402
                  2604.8                      -15.142593
                  2607.4                      -15.088344
                    2610                      -15.041652
                  2612.6                      -15.002947
                  2615.2                      -14.972519
                  2617.8                      -14.950352
                  2620.4                      -14.936007
                    2623                      -14.928672
                  2625.6                      -14.927409
                  2628.2                      -14.931417
                  2630.8                      -14.940238
                  2633.4                       -14.95381
                    2636                      -14.972328
                  2638.6                      -14.996046
                  2641.2                      -15.025074
                  2643.8                      -15.059333
                  2646.4                       -15.09861
                    2649                      -15.142745
                  2651.6                      -15.191847
                  2654.2                      -15.246385
                  2656.8                      -15.307194
                  2659.4                      -15.375323
                    2662                      -15.451797
                  2664.6                      -15.537457
                  2667.2                      -15.632816
                  2669.8                      -15.738019
                  2672.4                      -15.852988
                    2675                      -15.977446
                  2677.6                      -16.111062
                  2680.2                      -16.253349
                  2682.8                      -16.403513
                  2685.4                      -16.560313
                    2688                      -16.721932
                  2690.6                      -16.886013
                  2693.2                      -17.049976
                  2695.8                      -17.211453
                  2698.4                      -17.368697
                    2701                      -17.520756
                  2703.6                      -17.667491
                  2706.2                      -17.809222
                  2708.8                      -17.946298
                  2711.4                      -18.078884
                    2714                      -18.206862
                  2716.6                      -18.330081
                  2719.2                       -18.44875
                  2721.8                      -18.563529
                  2724.4                      -18.675609
                    2727                      -18.786361
                  2729.6                      -18.896887
                  2732.2                       -19.00774
                  2734.8                      -19.118802
                  2737.4                      -19.229536
                    2740                      -19.339459
                  2742.6                      -19.448418
                  2745.2                      -19.556758
                  2747.8                      -19.665185
                  2750.4                      -19.774205
                    2753                      -19.883746
                  2755.6                      -19.992931
                  2758.2                      -20.100114
                  2760.8                      -20.203321
                  2763.4                      -20.300745
                    2766                      -20.391063
                  2768.6                      -20.473544
                  2771.2                      -20.547749
                  2773.8                      -20.613171
                  2776.4                      -20.669081
                    2779                      -20.714632
                  2781.6                      -20.749402
                  2784.2                      -20.773991
                  2786.8                      -20.790408
                  2789.4                      -20.802018
                    2792                      -20.812891
                  2794.6                      -20.826948
                  2797.2                      -20.847138
                  2799.8                      -20.874991
                  2802.4                      -20.910743
                    2805                      -20.953891
                  2807.6                      -21.003906
                  2810.2                      -21.060766
                  2812.8                      -21.125037
                  2815.4                      -21.197516
                    2818                      -21.278561
                  2820.6                       -21.36759
                  2823.2                      -21.463032
                  2825.8                      -21.562757
                  2828.4                      -21.664914
                    2831                      -21.768698
                  2833.6                      -21.874543
                  2836.2                      -21.983799
                  2838.8                      -22.097739
                  2841.4                      -22.216681
                    2844                      -22.339597
                  2846.6                      -22.464362
                  2849.2                      -22.588709
                  2851.8                      -22.711382
                  2854.4                       -22.83257
                    2857                      -22.953688
                  2859.6                       -23.07632
                  2862.2                       -23.20092
                  2864.8                      -23.326127
                  2867.4                      -23.448856
                    2870                      -23.565365
                  2872.6                      -23.672725
                  2875.2                      -23.769742
                  2877.8                      -23.856979
                  2880.4                      -23.935767
                    2883                      -24.006831
                  2885.6                      -24.069443
                  2888.2                      -24.121598
                  2890.8                      -24.161254
                  2893.4                       -24.18794
                    2896                      -24.203775
                  2898.6                      -24.213281
                  2901.2                      -24.222002
                  2903.8                      -24.234634
                  2906.4                      -24.253648
                    2909                      -24.279012
                  2911.6                      -24.309097
                  2914.2                      -24.342216
                  2916.8                      -24.377981
                  2919.4                      -24.417767
                    2922                      -24.464001
                  2924.6                      -24.518787
                  2927.2                      -24.582583
                  2929.8                      -24.653672
                  2932.4                      -24.728785
                    2935                      -24.804536
                  2937.6                       -24.87894
                  2940.2                      -24.952267
                  2942.8                      -25.026624
                  2945.4                      -25.104605
                    2948                      -25.187697
                  2950.6                       -25.27523
                  2953.2                      -25.364551
                  2955.8                      -25.452296
                  2958.4                      -25.536033
                    2961                      -25.615522
                  2963.6                      -25.692801
                  2966.2                      -25.770995
                  2968.8                      -25.852594
                  2971.4                      -25.938058
                    2974                      -26.025514
                  2976.6                      -26.111749
                  2979.2                       -26.19398
                  2981.8                      -26.271424
                  2984.4                      -26.345898
                    2987                      -26.420951
                  2989.6                      -26.500151
                  2992.2                      -26.585357
                  2994.8                       -26.67594
                  2997.4                      -26.769369
                    3000                      -26.862809
