Frequency    run_236

                     0.5                      0.92154043
              0.63157895                      0.31384301
              0.76315789                     0.065391476
              0.89473684                      0.40393276
               1.0263158                      0.29656255
               1.1578947                      0.15582464
               1.2894737                     0.051465399
               1.4210526                     0.014090621
               1.5526316                      0.01199436
               1.6842105                     0.021603355
               1.8157895                     0.022286239
               1.9473684                     0.045865082
               2.0789474                     0.034532346
               2.2105263                     0.059367134
               2.3421053                     0.025493221
               2.4736842                    0.0060754213
               2.6052632                    0.0012922546
               2.7368421                    0.0050905694
               2.8684211                     0.013336024
                       3                    0.0028018497
