Frequency    run_23

                    0.69                     0.095245232
                    0.78                      0.15240485
                    0.87                       0.1789272
                    0.96                      0.12336802
                     1.7                     0.029537338
                     1.8                     0.048351591
                     1.9                     0.023847323
                       2                     0.010580685
                     2.1                    0.0086066461
                     2.2                     0.010175248
                     2.3                     0.010447159
                     2.4                    0.0096356151
                     2.5                     0.011450228
                     2.6                     0.017556201
                     2.7                     0.029051468
