Frequency    run_15

                    0.69                      0.17582196
                    0.78                      0.04172932
                    0.87                      0.15601762
                    0.96                      0.13813638
                     1.7                     0.031867605
                     1.8                     0.061308144
                     1.9                     0.030814919
                       2                      0.01229547
                     2.1                    0.0094847764
                     2.2                    0.0091322001
                     2.3                    0.0079105623
                     2.4                     0.007636491
                     2.5                     0.010121629
                     2.6                     0.015604592
                     2.7                     0.025045864
