Frequency    run_21

                    0.69                       0.1166417
                    0.78                      0.13156249
                    0.87                      0.17564736
                    0.96                      0.12720721
                     1.7                     0.030370011
                     1.8                     0.051255617
                     1.9                     0.024127795
                       2                     0.009251273
                     2.1                    0.0067518653
                     2.2                    0.0075405839
                     2.3                    0.0077271896
                     2.4                    0.0074900057
                     2.5                     0.009676147
                     2.6                     0.015815126
                     2.7                     0.027150139
