7.090000000000000000e+08 2.759071709012657705e-02
7.110000000000000000e+08 2.913441895415156899e-02
7.130000000000000000e+08 3.102596679868520335e-02
7.150000000000000000e+08 3.336509753164866587e-02
7.170000000000000000e+08 3.622162652194281518e-02
7.190000000000000000e+08 3.963072974719877850e-02
7.210000000000000000e+08 4.362393912601177787e-02
7.230000000000000000e+08 4.807370388696731445e-02
7.250000000000000000e+08 5.296196360694491873e-02
7.270000000000000000e+08 5.818013262680198083e-02
7.290000000000000000e+08 6.367916230045006509e-02
7.310000000000000000e+08 6.941039461807256561e-02
7.330000000000000000e+08 7.531237392981983414e-02
7.350000000000000000e+08 8.136154957462772563e-02
7.370000000000000000e+08 8.748754582265502733e-02
7.390000000000000000e+08 9.365687966289805433e-02
7.410000000000000000e+08 9.984224030866872823e-02
7.430000000000000000e+08 1.062189712529552493e-01
7.450000000000000000e+08 1.127905931132609091e-01
7.470000000000000000e+08 1.195362943169651082e-01
7.490000000000000000e+08 1.264341517284601479e-01
7.510000000000000000e+08 1.333662325429179063e-01
7.530000000000000000e+08 1.401652304324644271e-01
7.550000000000000000e+08 1.466528803503268641e-01
7.570000000000000000e+08 1.527219158919636555e-01
7.590000000000000000e+08 1.582858929691587369e-01
7.610000000000000000e+08 1.632358705476586180e-01
7.630000000000000000e+08 1.675292491582626164e-01
7.650000000000000000e+08 1.712129081148971443e-01
7.670000000000000000e+08 1.743249435826949578e-01
7.690000000000000000e+08 1.768864495086094890e-01
7.710000000000000000e+08 1.789523159020058596e-01
7.730000000000000000e+08 1.806535230804755254e-01
7.750000000000000000e+08 1.820553219344455131e-01
7.770000000000000000e+08 1.832361944273913357e-01
7.790000000000000000e+08 1.842312114365393105e-01
7.810000000000000000e+08 1.839500752750297952e-01
7.830000000000000000e+08 1.840265609077403886e-01
7.850000000000000000e+08 1.834769179540024220e-01
7.870000000000000000e+08 1.823625823034668303e-01
7.890000000000000000e+08 1.805982741858687957e-01
7.910000000000000000e+08 1.782339641892539406e-01
7.930000000000000000e+08 1.752896114216039580e-01
7.950000000000000000e+08 1.718675837413759233e-01
7.970000000000000000e+08 1.680190437810389903e-01
7.990000000000000000e+08 1.638379591832078708e-01
8.010000000000000000e+08 1.594506099958264977e-01
8.030000000000000000e+08 1.549762808828347438e-01
8.050000000000000000e+08 1.504813598706347400e-01
8.070000000000000000e+08 1.458600169254217205e-01
8.090000000000000000e+08 1.413677662609667818e-01
8.110000000000000000e+08 1.370183922765731699e-01
8.130000000000000000e+08 1.327445914412598849e-01
8.150000000000000000e+08 1.285246839906427074e-01
8.170000000000000000e+08 1.240361989250721164e-01
8.190000000000000000e+08 1.195371880374472978e-01
8.210000000000000000e+08 1.161218020875977586e-01
8.230000000000000000e+08 1.119148808592587141e-01
8.250000000000000000e+08 1.078605585533552597e-01
8.270000000000000000e+08 1.036882694149029172e-01
8.290000000000000000e+08 9.966555735984304609e-02
8.310000000000000000e+08 9.581131174558236985e-02
8.330000000000000000e+08 9.221242928802508843e-02
8.350000000000000000e+08 8.884938913462538113e-02
8.370000000000000000e+08 8.563304488085596300e-02
8.390000000000000000e+08 8.260823583497081679e-02
8.410000000000000000e+08 7.973864568867485014e-02
8.430000000000000000e+08 7.699102625532261435e-02
8.450000000000000000e+08 7.435002548353207563e-02
8.470000000000000000e+08 7.203756347972004037e-02
8.490000000000000000e+08 6.981426774293343629e-02
8.510000000000000000e+08 6.764433627124925852e-02
8.530000000000000000e+08 6.551366327894393715e-02
8.550000000000000000e+08 6.339449856903875413e-02
8.570000000000000000e+08 6.167292080416829358e-02
8.590000000000000000e+08 5.998427527193840592e-02
8.610000000000000000e+08 5.833683988380158891e-02
8.630000000000000000e+08 5.677906808999926003e-02
8.650000000000000000e+08 5.531241404945778928e-02
8.670000000000000000e+08 5.420461688351636831e-02
8.690000000000000000e+08 5.318651947636827276e-02
8.710000000000000000e+08 5.224632854009393645e-02
8.730000000000000000e+08 5.135634208711557791e-02
8.750000000000000000e+08 5.051735957743914984e-02
8.770000000000000000e+08 4.981552794572609300e-02
8.790000000000000000e+08 4.917475702868586568e-02
8.810000000000000000e+08 4.859347470850611944e-02
8.830000000000000000e+08 4.798813902346871219e-02
8.850000000000000000e+08 4.743547466917592825e-02
8.870000000000000000e+08 4.688269028685517620e-02
8.890000000000000000e+08 4.633589380920812018e-02
8.910000000000000000e+08 4.578751676240723489e-02
8.930000000000000000e+08 4.524906587686991499e-02
8.950000000000000000e+08 4.471776751593865146e-02
8.970000000000000000e+08 4.417733345943535006e-02
8.990000000000000000e+08 4.365353395158767802e-02
9.010000000000000000e+08 4.315714161621502648e-02
9.030000000000000000e+08 4.266486309608304162e-02
9.050000000000000000e+08 4.219190525956606486e-02
9.070000000000000000e+08 4.166369752527308151e-02
9.090000000000000000e+08 4.115978659908942072e-02
9.110000000000000000e+08 4.068118298341836386e-02
9.130000000000000000e+08 4.024255280668457418e-02
9.150000000000000000e+08 3.984174246122712537e-02
9.170000000000000000e+08 3.944274910769767634e-02
9.190000000000000000e+08 3.902385452097493351e-02
9.210000000000000000e+08 3.858152305528640691e-02
9.230000000000000000e+08 3.823720337970613892e-02
9.250000000000000000e+08 3.790330172686767751e-02
9.270000000000000000e+08 3.754900626329002455e-02
9.290000000000000000e+08 3.719443923486190351e-02
9.310000000000000000e+08 3.683215919091265000e-02
9.330000000000000000e+08 3.644311349217426582e-02
9.350000000000000000e+08 3.603031710488807660e-02
9.370000000000000000e+08 3.551380327245830248e-02
9.390000000000000000e+08 3.499731146300275736e-02
9.410000000000000000e+08 3.448213706564440956e-02
1.729000000000000000e+09 2.657288020292531416e-01
1.731000000000000000e+09 2.613718052874843822e-01
1.733000000000000000e+09 2.569579133315843533e-01
1.735000000000000000e+09 2.525985259494376023e-01
1.737000000000000000e+09 2.484422271342182631e-01
1.739000000000000000e+09 2.443950355309947864e-01
1.741000000000000000e+09 2.404928988795851097e-01
1.743000000000000000e+09 2.366545407909745879e-01
1.745000000000000000e+09 2.328613634820375922e-01
1.747000000000000000e+09 2.292435436896017031e-01
1.749000000000000000e+09 2.255929816702772761e-01
1.751000000000000000e+09 2.218553593714818195e-01
1.753000000000000000e+09 2.180820507002180220e-01
1.755000000000000000e+09 2.142549679513771343e-01
1.757000000000000000e+09 2.104750848801308638e-01
1.759000000000000000e+09 2.066002472634919651e-01
1.761000000000000000e+09 2.026184863820256477e-01
1.763000000000000000e+09 1.985320158162896531e-01
1.765000000000000000e+09 1.943762721414727945e-01
1.767000000000000000e+09 1.901812705016394656e-01
1.769000000000000000e+09 1.860836669462147264e-01
1.771000000000000000e+09 1.821144638638818591e-01
1.773000000000000000e+09 1.783575410494823155e-01
1.775000000000000000e+09 1.748190182364070533e-01
1.777000000000000000e+09 1.714242352549288917e-01
1.779000000000000000e+09 1.682559092653166666e-01
1.781000000000000000e+09 1.652755800787635843e-01
1.783000000000000000e+09 1.624823759625540764e-01
1.785000000000000000e+09 1.598378285518786412e-01
1.787000000000000000e+09 1.572582894388332708e-01
1.789000000000000000e+09 1.547659551633200625e-01
1.791000000000000000e+09 1.523397803948580709e-01
1.793000000000000000e+09 1.498953914404837218e-01
1.795000000000000000e+09 1.473819425019723683e-01
1.797000000000000000e+09 1.447632159294503229e-01
1.799000000000000000e+09 1.420651774781688803e-01
1.801000000000000000e+09 1.393384625977835689e-01
1.803000000000000000e+09 1.366243672743179260e-01
1.805000000000000000e+09 1.339594230677252085e-01
1.807000000000000000e+09 1.313439149679619389e-01
1.809000000000000000e+09 1.288015623642526086e-01
1.811000000000000000e+09 1.263624983366904431e-01
1.813000000000000000e+09 1.248632439614138917e-01
1.815000000000000000e+09 1.233742957709001997e-01
1.817000000000000000e+09 1.219312477603348849e-01
1.819000000000000000e+09 1.205136016339978661e-01
1.821000000000000000e+09 1.191276797731841697e-01
1.823000000000000000e+09 1.177561915267783116e-01
1.825000000000000000e+09 1.163966427624905514e-01
1.827000000000000000e+09 1.150245799322148349e-01
1.829000000000000000e+09 1.136586576369937734e-01
1.831000000000000000e+09 1.122830678292678908e-01
1.833000000000000000e+09 1.108927084035094823e-01
1.835000000000000000e+09 1.094839123304778838e-01
1.837000000000000000e+09 1.080240387796264495e-01
1.839000000000000000e+09 1.065399388478011078e-01
1.841000000000000000e+09 1.050249180259794773e-01
1.843000000000000000e+09 1.034905818737567040e-01
1.845000000000000000e+09 1.019607794849324983e-01
1.847000000000000000e+09 1.004501314769140619e-01
1.849000000000000000e+09 9.894934192802039286e-02
1.851000000000000000e+09 9.747045176275552503e-02
1.853000000000000000e+09 9.520093524788272865e-02
1.855000000000000000e+09 9.308984823911112261e-02
1.857000000000000000e+09 9.111054686290129268e-02
1.859000000000000000e+09 8.926175002309849615e-02
1.861000000000000000e+09 8.750883964812658511e-02
1.863000000000000000e+09 8.580560186742494655e-02
1.865000000000000000e+09 8.413372988820599918e-02
1.867000000000000000e+09 8.244693724661673884e-02
1.869000000000000000e+09 8.076789017453724073e-02
1.871000000000000000e+09 7.908214992693728129e-02
1.873000000000000000e+09 7.740358516904760622e-02
1.875000000000000000e+09 7.573191103882861985e-02
1.877000000000000000e+09 7.407511836945039618e-02
1.879000000000000000e+09 7.244593018486142344e-02
1.881000000000000000e+09 7.087950846589073650e-02
1.883000000000000000e+09 6.938492811078976474e-02
1.885000000000000000e+09 6.797243413218165276e-02
1.887000000000000000e+09 6.665559720811456423e-02
1.889000000000000000e+09 6.543396629394912511e-02
1.891000000000000000e+09 6.430640761616823742e-02
1.893000000000000000e+09 6.324880310358778346e-02
1.895000000000000000e+09 6.224600326652044574e-02
1.897000000000000000e+09 6.129221883636767898e-02
1.899000000000000000e+09 6.036702637938567290e-02
1.901000000000000000e+09 5.945672895474485992e-02
1.903000000000000000e+09 5.858286490952390596e-02
1.905000000000000000e+09 5.773133446194867596e-02
1.907000000000000000e+09 5.692110368171804380e-02
1.909000000000000000e+09 5.611280595631969181e-02
1.911000000000000000e+09 5.530164107719977296e-02
1.913000000000000000e+09 5.447025478449117608e-02
1.915000000000000000e+09 5.362450227300267352e-02
1.917000000000000000e+09 5.278785991713735859e-02
1.919000000000000000e+09 5.196491551039093826e-02
1.921000000000000000e+09 5.116278374765655113e-02
1.923000000000000000e+09 5.041135527977753245e-02
1.925000000000000000e+09 4.971629931705243144e-02
1.927000000000000000e+09 4.906921901223293414e-02
1.929000000000000000e+09 4.848105734411312095e-02
1.931000000000000000e+09 4.794553765738052836e-02
1.933000000000000000e+09 4.743967388514105238e-02
1.935000000000000000e+09 4.695935407813837947e-02
1.937000000000000000e+09 4.648383835905890021e-02
1.939000000000000000e+09 4.600934924768661227e-02
1.941000000000000000e+09 4.553323361975843142e-02
1.943000000000000000e+09 4.505161289812355252e-02
1.945000000000000000e+09 4.455384657320993202e-02
1.947000000000000000e+09 4.402735033593271202e-02
1.949000000000000000e+09 4.348123699973225481e-02
1.951000000000000000e+09 4.292933233938513171e-02
1.953000000000000000e+09 4.238252586444093972e-02
1.955000000000000000e+09 4.185383707976898099e-02
1.957000000000000000e+09 4.134975526752335956e-02
1.959000000000000000e+09 4.088076908120912706e-02
1.961000000000000000e+09 4.044871653913453824e-02
1.963000000000000000e+09 4.005065792568720390e-02
1.965000000000000000e+09 3.968229357518122252e-02
1.967000000000000000e+09 3.935871584408888457e-02
1.969000000000000000e+09 3.906664722179260807e-02
1.971000000000000000e+09 3.880087547824594141e-02
1.973000000000000000e+09 3.856080257746553885e-02
1.975000000000000000e+09 3.834229447916383260e-02
1.977000000000000000e+09 3.815571921307624181e-02
1.979000000000000000e+09 3.798248404816824408e-02
1.981000000000000000e+09 3.782265622319747056e-02
1.983000000000000000e+09 3.771169971112932340e-02
1.985000000000000000e+09 3.765843442035183425e-02
1.987000000000000000e+09 3.764068417705915964e-02
1.989000000000000000e+09 3.763181901645551442e-02
1.991000000000000000e+09 3.763442234049688140e-02
1.993000000000000000e+09 3.763983234353923679e-02
1.995000000000000000e+09 3.765448623867657940e-02
1.997000000000000000e+09 3.767996224444712661e-02
1.999000000000000000e+09 3.772520466603149908e-02
2.001000000000000000e+09 3.779765694606796594e-02
2.003000000000000000e+09 3.790166254387620365e-02
2.005000000000000000e+09 3.804266522977656911e-02
2.007000000000000000e+09 3.820644704845774925e-02
2.009000000000000000e+09 3.840990276681543331e-02
2.011000000000000000e+09 3.864894023912177762e-02
2.013000000000000000e+09 3.892916756213820467e-02
2.015000000000000000e+09 3.924196267470508176e-02
2.017000000000000000e+09 3.958454824880123374e-02
2.019000000000000000e+09 3.995223912461004501e-02
2.021000000000000000e+09 4.033812951668237085e-02
2.023000000000000000e+09 4.068066484185045573e-02
2.025000000000000000e+09 4.096942986637218398e-02
2.027000000000000000e+09 4.122907618779332595e-02
2.029000000000000000e+09 4.149143190392318159e-02
2.031000000000000000e+09 4.175873761417576990e-02
2.033000000000000000e+09 4.205023316079239959e-02
2.035000000000000000e+09 4.238621190212472911e-02
2.037000000000000000e+09 4.277822968706743167e-02
2.039000000000000000e+09 4.322736675426200326e-02
2.041000000000000000e+09 4.374210508255182289e-02
2.043000000000000000e+09 4.433873528579516249e-02
2.045000000000000000e+09 4.502857196423069863e-02
2.047000000000000000e+09 4.584233990572478268e-02
2.049000000000000000e+09 4.677765024855151665e-02
2.051000000000000000e+09 4.785838292763017199e-02
2.053000000000000000e+09 4.907943372560077955e-02
2.055000000000000000e+09 5.047092473858648398e-02
2.057000000000000000e+09 5.204503835621589886e-02
2.059000000000000000e+09 5.381956766007139209e-02
2.061000000000000000e+09 5.581690339555527708e-02
2.063000000000000000e+09 5.807510746422604730e-02
2.065000000000000000e+09 6.063753748130717297e-02
2.067000000000000000e+09 6.357778031424556053e-02
2.069000000000000000e+09 6.699945591411909929e-02
2.071000000000000000e+09 7.103661395299863679e-02
2.073000000000000000e+09 7.593685687714077370e-02
2.075000000000000000e+09 8.195563952576799538e-02
2.077000000000000000e+09 8.940785982951882094e-02
2.079000000000000000e+09 9.860185015225150784e-02
2.081000000000000000e+09 1.096009535380060851e-01
2.083000000000000000e+09 1.218495399954652170e-01
2.085000000000000000e+09 1.340200487699133303e-01
2.087000000000000000e+09 1.445867099989264770e-01
2.089000000000000000e+09 1.526269446356803561e-01
2.091000000000000000e+09 1.580645377025770293e-01
2.093000000000000000e+09 1.613471669612087100e-01
2.095000000000000000e+09 1.629076346085260307e-01
2.097000000000000000e+09 1.631034142246954310e-01
2.099000000000000000e+09 1.622220329078167822e-01
2.101000000000000000e+09 1.604550009208758343e-01
2.103000000000000000e+09 1.579439683990610521e-01
2.105000000000000000e+09 1.547700030638888835e-01
2.107000000000000000e+09 1.509545209896699935e-01
2.109000000000000000e+09 1.464612049436129770e-01
2.111000000000000000e+09 1.412173487043202613e-01
2.113000000000000000e+09 1.350136999227864176e-01
2.115000000000000000e+09 1.276086352270161539e-01
2.117000000000000000e+09 1.186976850419266816e-01
2.119000000000000000e+09 1.079840202675752814e-01
2.121000000000000000e+09 9.539455789397813246e-02
2.123000000000000000e+09 8.146791397152723657e-02
2.125000000000000000e+09 6.751678142826453288e-02
2.127000000000000000e+09 5.505633122268428076e-02
2.129000000000000000e+09 4.497374451269556955e-02
2.131000000000000000e+09 3.731036370205845221e-02
2.133000000000000000e+09 3.160816865984412971e-02
2.135000000000000000e+09 2.740018555331541136e-02
2.137000000000000000e+09 2.431392680055714794e-02
2.139000000000000000e+09 2.203923031099638830e-02
2.141000000000000000e+09 2.036493684758067246e-02
2.143000000000000000e+09 1.912668672434775924e-02
2.145000000000000000e+09 1.821183198169713802e-02
2.147000000000000000e+09 1.752780995701216926e-02
2.149000000000000000e+09 1.702709229430964671e-02
2.151000000000000000e+09 1.666170430606687264e-02
2.153000000000000000e+09 1.640277448726650683e-02
2.155000000000000000e+09 1.622686283020315090e-02
2.157000000000000000e+09 1.610532242863211422e-02
2.159000000000000000e+09 1.603582614562665959e-02
2.161000000000000000e+09 1.601007865320152809e-02
2.163000000000000000e+09 1.602259335891044467e-02
2.165000000000000000e+09 1.606756166106019373e-02
2.167000000000000000e+09 1.610938606872527878e-02
2.169000000000000000e+09 1.617164210880582542e-02
2.171000000000000000e+09 1.625288210300266864e-02
2.173000000000000000e+09 1.634237684270623686e-02
2.175000000000000000e+09 1.643372704050119482e-02
2.177000000000000000e+09 1.651009195179321820e-02
2.179000000000000000e+09 1.658570805413625560e-02
2.181000000000000000e+09 1.666248928469456908e-02
2.183000000000000000e+09 1.674723339169142261e-02
2.185000000000000000e+09 1.683716505848173797e-02
2.187000000000000000e+09 1.694254835254903335e-02
2.189000000000000000e+09 1.705871949695193443e-02
2.191000000000000000e+09 1.718527235985977536e-02
2.193000000000000000e+09 1.732018644652046080e-02
2.195000000000000000e+09 1.746542935651269543e-02
2.197000000000000000e+09 1.763122659846687312e-02
2.199000000000000000e+09 1.780855879077871198e-02
2.201000000000000000e+09 1.799810785183198272e-02
2.203000000000000000e+09 1.819898408473647616e-02
2.205000000000000000e+09 1.840850898958305143e-02
2.207000000000000000e+09 1.862392637239421514e-02
2.209000000000000000e+09 1.884217153471861791e-02
2.211000000000000000e+09 1.906180354660889573e-02
2.213000000000000000e+09 1.931705975375103482e-02
2.215000000000000000e+09 1.960595479040043790e-02
2.217000000000000000e+09 1.991373830847147086e-02
2.219000000000000000e+09 2.021246605983115230e-02
2.221000000000000000e+09 2.049263199818294329e-02
2.223000000000000000e+09 2.075604686147448918e-02
2.225000000000000000e+09 2.101837621537336678e-02
2.227000000000000000e+09 2.129296125208970589e-02
2.229000000000000000e+09 2.157603205633434190e-02
2.231000000000000000e+09 2.187018480703493972e-02
2.233000000000000000e+09 2.216223180143115853e-02
2.235000000000000000e+09 2.246713875521142920e-02
2.237000000000000000e+09 2.280189800423118585e-02
2.239000000000000000e+09 2.318817909356498883e-02
2.241000000000000000e+09 2.363423386046868691e-02
2.243000000000000000e+09 2.412255174000849101e-02
2.245000000000000000e+09 2.463459666004640808e-02
2.247000000000000000e+09 2.514749483955793993e-02
2.249000000000000000e+09 2.565383796306110187e-02
2.251000000000000000e+09 2.615808907830662750e-02
2.253000000000000000e+09 2.665149716324977103e-02
2.255000000000000000e+09 2.714011843402385979e-02
2.257000000000000000e+09 2.761054793288206938e-02
2.259000000000000000e+09 2.808587038366505001e-02
2.261000000000000000e+09 2.854613415986143737e-02
2.263000000000000000e+09 2.901819773775555361e-02
2.265000000000000000e+09 2.949859030814215577e-02
2.267000000000000000e+09 2.997317867341687397e-02
2.269000000000000000e+09 3.046136232816962913e-02
2.271000000000000000e+09 3.097357783883557258e-02
2.273000000000000000e+09 3.152984823329497283e-02
2.275000000000000000e+09 3.212464791258051733e-02
2.277000000000000000e+09 3.275019549210117509e-02
2.279000000000000000e+09 3.338683708946252326e-02
2.281000000000000000e+09 3.402167610341437498e-02
2.283000000000000000e+09 3.466730979176960159e-02
2.285000000000000000e+09 3.533677828138710036e-02
2.287000000000000000e+09 3.604282285901936472e-02
2.289000000000000000e+09 3.677996623870974369e-02
2.291000000000000000e+09 3.751854983726907178e-02
2.293000000000000000e+09 3.823206517420467410e-02
2.295000000000000000e+09 3.890399395288415135e-02
2.297000000000000000e+09 3.953808715038413524e-02
2.299000000000000000e+09 4.016261077250345840e-02
2.301000000000000000e+09 4.081311281627499066e-02
2.303000000000000000e+09 4.147165977596062314e-02
2.305000000000000000e+09 4.213811510951581685e-02
2.307000000000000000e+09 4.282578317451105759e-02
2.309000000000000000e+09 4.352380156604350459e-02
2.311000000000000000e+09 4.423176323364384765e-02
2.313000000000000000e+09 4.494609985227791815e-02
2.315000000000000000e+09 4.565710653656930573e-02
2.317000000000000000e+09 4.635916538703348938e-02
2.319000000000000000e+09 4.702946427295792015e-02
2.321000000000000000e+09 4.766912713128900608e-02
2.323000000000000000e+09 4.825101699543900974e-02
2.325000000000000000e+09 4.876909814325138676e-02
2.327000000000000000e+09 4.921647993181194058e-02
2.329000000000000000e+09 4.957183342915258417e-02
2.331000000000000000e+09 4.984851805474306563e-02
2.333000000000000000e+09 5.003822138805041203e-02
2.335000000000000000e+09 5.014379111585930138e-02
2.337000000000000000e+09 5.019516303587904377e-02
2.339000000000000000e+09 5.017173754157051857e-02
2.341000000000000000e+09 5.006744416545952370e-02
2.343000000000000000e+09 4.987897741162929111e-02
2.345000000000000000e+09 4.960760661137114669e-02
2.347000000000000000e+09 4.925086188776718610e-02
2.349000000000000000e+09 4.880546689285891748e-02
2.351000000000000000e+09 4.826604366371520238e-02
2.353000000000000000e+09 4.763431037292600867e-02
2.355000000000000000e+09 4.691140663582495790e-02
2.357000000000000000e+09 4.608629174207104495e-02
2.359000000000000000e+09 4.517695918295808882e-02
2.361000000000000000e+09 4.417319264528891953e-02
2.363000000000000000e+09 4.309195048181194837e-02
2.365000000000000000e+09 4.193618522846921659e-02
2.367000000000000000e+09 4.072477837546119306e-02
2.369000000000000000e+09 3.947053521747817539e-02
2.371000000000000000e+09 3.819225663158574979e-02
2.373000000000000000e+09 3.690292399597348144e-02
2.375000000000000000e+09 3.562516423240561642e-02
2.377000000000000000e+09 3.436116918125109443e-02
2.379000000000000000e+09 3.311808818141425553e-02
2.381000000000000000e+09 3.190298634312262183e-02
2.383000000000000000e+09 3.072348976010629701e-02
2.385000000000000000e+09 2.958069201296915918e-02
2.387000000000000000e+09 2.846904995795890639e-02
2.389000000000000000e+09 2.738851800382975654e-02
2.391000000000000000e+09 2.633790123751622581e-02
2.393000000000000000e+09 2.530551219154432430e-02
2.395000000000000000e+09 2.428738303893608966e-02
2.397000000000000000e+09 2.329018034095878611e-02
2.399000000000000000e+09 2.230434447185996108e-02
2.401000000000000000e+09 2.133525804155115072e-02
2.403000000000000000e+09 2.038908325964134544e-02
2.405000000000000000e+09 1.946831837722224831e-02
2.407000000000000000e+09 1.857992019773810691e-02
2.409000000000000000e+09 1.773412737892279128e-02
2.411000000000000000e+09 1.692889232051638174e-02
2.413000000000000000e+09 1.617364407695574477e-02
2.415000000000000000e+09 1.546613180108265956e-02
2.417000000000000000e+09 1.481482348372764254e-02
2.419000000000000000e+09 1.421572769829203796e-02
2.421000000000000000e+09 1.366653708270544262e-02
2.423000000000000000e+09 1.315993423707771497e-02
2.425000000000000000e+09 1.268694623953846475e-02
2.427000000000000000e+09 1.223710834111390103e-02
2.429000000000000000e+09 1.181330768906014607e-02
2.431000000000000000e+09 1.140612413748420644e-02
2.433000000000000000e+09 1.101378316908557982e-02
2.435000000000000000e+09 1.063530972488469124e-02
2.437000000000000000e+09 1.026767644363578424e-02
2.439000000000000000e+09 9.908658689175823056e-03
2.441000000000000000e+09 9.561590909544420702e-03
2.443000000000000000e+09 9.223465699986766603e-03
2.445000000000000000e+09 8.898758537183111897e-03
2.447000000000000000e+09 8.586463142627934544e-03
2.449000000000000000e+09 8.290553285275304232e-03
2.451000000000000000e+09 8.013966689441792690e-03
2.453000000000000000e+09 7.756143839195390327e-03
2.455000000000000000e+09 7.515583798449861075e-03
2.457000000000000000e+09 7.292419718621029508e-03
2.459000000000000000e+09 7.084510448486437684e-03
2.461000000000000000e+09 6.890039846432364015e-03
2.463000000000000000e+09 6.705232000411713404e-03
2.465000000000000000e+09 6.528290832556658992e-03
2.467000000000000000e+09 6.363172870571805022e-03
2.469000000000000000e+09 6.203325331722188765e-03
2.471000000000000000e+09 6.048253519425831302e-03
2.473000000000000000e+09 5.897342324990728635e-03
2.475000000000000000e+09 5.748473064532693896e-03
2.477000000000000000e+09 5.601061639936646269e-03
2.479000000000000000e+09 5.453796752151312058e-03
2.481000000000000000e+09 5.307530595011481465e-03
2.483000000000000000e+09 5.167949046348498630e-03
2.485000000000000000e+09 5.032261140134853053e-03
2.487000000000000000e+09 4.902515622858409465e-03
2.489000000000000000e+09 4.780010133686816293e-03
2.491000000000000000e+09 4.665314249574771706e-03
2.493000000000000000e+09 4.558011837640642445e-03
2.495000000000000000e+09 4.459281995724910345e-03
2.497000000000000000e+09 4.363417676568894302e-03
2.499000000000000000e+09 4.273199461489215860e-03
2.501000000000000000e+09 4.190073746664603298e-03
2.503000000000000000e+09 4.110581491448493316e-03
2.505000000000000000e+09 4.033874615120341608e-03
2.507000000000000000e+09 3.958911634162592952e-03
2.509000000000000000e+09 3.884145155732847063e-03
2.511000000000000000e+09 3.809814565534207914e-03
2.513000000000000000e+09 3.738911621422655665e-03
2.515000000000000000e+09 3.667190916061321276e-03
2.517000000000000000e+09 3.595087088079171843e-03
2.519000000000000000e+09 3.527566554847447276e-03
2.521000000000000000e+09 3.462881739045144645e-03
2.523000000000000000e+09 3.397584947857626523e-03
2.525000000000000000e+09 3.336356359950738443e-03
2.527000000000000000e+09 3.280332316632782880e-03
2.529000000000000000e+09 3.228424541359963505e-03
2.531000000000000000e+09 3.178454377432967520e-03
2.533000000000000000e+09 3.131483221837275122e-03
2.535000000000000000e+09 3.086980250876065167e-03
2.537000000000000000e+09 3.047888055171683527e-03
2.539000000000000000e+09 3.010537415123852156e-03
2.541000000000000000e+09 2.974148263761598743e-03
2.543000000000000000e+09 2.940534072884964847e-03
2.545000000000000000e+09 2.909347827629394766e-03
2.547000000000000000e+09 2.880397458442921031e-03
2.549000000000000000e+09 2.854950932891210224e-03
2.551000000000000000e+09 2.834869646841518126e-03
2.553000000000000000e+09 2.825405473313858176e-03
2.555000000000000000e+09 2.838719235278190992e-03
2.557000000000000000e+09 2.892896715533946599e-03
2.559000000000000000e+09 2.967704743968694638e-03
2.561000000000000000e+09 3.014006116007814096e-03
2.563000000000000000e+09 3.032126430387536379e-03
2.565000000000000000e+09 3.033955952196679649e-03
2.567000000000000000e+09 3.026603358273912379e-03
2.569000000000000000e+09 3.016211400359800412e-03
2.571000000000000000e+09 3.003854385222072803e-03
2.573000000000000000e+09 2.990632553299821771e-03
2.575000000000000000e+09 2.976367951184397901e-03
2.577000000000000000e+09 2.961583256894497265e-03
2.579000000000000000e+09 2.946126131394926923e-03
2.581000000000000000e+09 2.931012859814861437e-03
2.583000000000000000e+09 2.915450373044665890e-03
2.585000000000000000e+09 2.898932438268333849e-03
2.587000000000000000e+09 2.881004519278870715e-03
2.589000000000000000e+09 2.861553677379371965e-03
2.591000000000000000e+09 2.835932796915220655e-03
2.593000000000000000e+09 2.798163759471977707e-03
2.595000000000000000e+09 2.737662214288650708e-03
2.597000000000000000e+09 2.636382614974089062e-03
2.599000000000000000e+09 2.514568922052361124e-03
2.601000000000000000e+09 2.422167455532092326e-03
2.603000000000000000e+09 2.361265680619637885e-03
2.605000000000000000e+09 2.319903474224328105e-03
2.607000000000000000e+09 2.290424600074276399e-03
2.609000000000000000e+09 2.267570622872456740e-03
2.611000000000000000e+09 2.249860407355614746e-03
2.613000000000000000e+09 2.236723497548669722e-03
2.615000000000000000e+09 2.227313383352342788e-03
2.617000000000000000e+09 2.221510913557848185e-03
2.619000000000000000e+09 2.218302402138232123e-03
2.621000000000000000e+09 2.216604890708783263e-03
2.623000000000000000e+09 2.215781239502606550e-03
2.625000000000000000e+09 2.215373811589139291e-03
2.627000000000000000e+09 2.216102181735338759e-03
2.629000000000000000e+09 2.213094681521492538e-03
2.631000000000000000e+09 2.209644923489489498e-03
