7.090000000000000000e+08 7.502211439565435735e-02
7.110000000000000000e+08 7.861340261471347346e-02
7.130000000000000000e+08 8.250429581184927363e-02
7.150000000000000000e+08 8.670063369918169782e-02
7.170000000000000000e+08 9.113229510893235130e-02
7.190000000000000000e+08 9.575197755057722471e-02
7.210000000000000000e+08 1.005143521566837089e-01
7.230000000000000000e+08 1.051203704744992085e-01
7.250000000000000000e+08 1.096898184355351163e-01
7.270000000000000000e+08 1.141168741136599218e-01
7.290000000000000000e+08 1.183562869681516611e-01
7.310000000000000000e+08 1.223430759256387002e-01
7.330000000000000000e+08 1.260043415427061220e-01
7.350000000000000000e+08 1.293051764796334935e-01
7.370000000000000000e+08 1.321699260119249819e-01
7.390000000000000000e+08 1.345424117768610484e-01
7.410000000000000000e+08 1.363940968481696658e-01
7.430000000000000000e+08 1.378055466443597055e-01
7.450000000000000000e+08 1.387309810055155634e-01
7.470000000000000000e+08 1.390809588431215493e-01
7.490000000000000000e+08 1.388209421204405492e-01
7.510000000000000000e+08 1.378748676987310573e-01
7.530000000000000000e+08 1.361569276681841023e-01
7.550000000000000000e+08 1.336720754897760544e-01
7.570000000000000000e+08 1.305142665479159525e-01
7.590000000000000000e+08 1.267661494590386906e-01
7.610000000000000000e+08 1.224977473440714282e-01
7.630000000000000000e+08 1.178178549575266687e-01
7.650000000000000000e+08 1.128530644991848769e-01
7.670000000000000000e+08 1.077298149906701225e-01
7.690000000000000000e+08 1.025265303094116814e-01
7.710000000000000000e+08 9.733429407616811524e-02
7.730000000000000000e+08 9.229807419543611946e-02
7.750000000000000000e+08 8.749666959737859018e-02
7.770000000000000000e+08 8.301796339230586852e-02
7.790000000000000000e+08 7.891125495815955182e-02
7.810000000000000000e+08 7.485815123927767878e-02
7.830000000000000000e+08 7.129741631575926830e-02
7.850000000000000000e+08 6.794181619401513939e-02
7.870000000000000000e+08 6.483986876643413333e-02
7.890000000000000000e+08 6.198463720556516426e-02
7.910000000000000000e+08 5.940808113859527562e-02
7.930000000000000000e+08 5.710773953117803670e-02
7.950000000000000000e+08 5.507373424280527507e-02
7.970000000000000000e+08 5.326532466477972017e-02
7.990000000000000000e+08 5.164427043445207061e-02
8.010000000000000000e+08 5.018770857839520427e-02
8.030000000000000000e+08 4.887548459957233304e-02
8.050000000000000000e+08 4.767267721376979711e-02
8.070000000000000000e+08 4.649319831658570851e-02
8.090000000000000000e+08 4.539706826286189073e-02
8.110000000000000000e+08 4.436942096954425013e-02
8.130000000000000000e+08 4.337701931454054916e-02
8.150000000000000000e+08 4.240760021111437961e-02
8.170000000000000000e+08 4.133641435647943813e-02
8.190000000000000000e+08 4.026579247783626525e-02
8.210000000000000000e+08 3.953128060855892745e-02
8.230000000000000000e+08 3.855014116308397298e-02
8.250000000000000000e+08 3.761518056411767424e-02
8.270000000000000000e+08 3.662636660832684077e-02
8.290000000000000000e+08 3.567502403061300481e-02
8.310000000000000000e+08 3.476521857410554139e-02
8.330000000000000000e+08 3.391919784226873902e-02
8.350000000000000000e+08 3.312882029285346003e-02
8.370000000000000000e+08 3.235405387574225716e-02
8.390000000000000000e+08 3.161582807543188156e-02
8.410000000000000000e+08 3.090467542009553426e-02
8.430000000000000000e+08 3.020693196953101040e-02
8.450000000000000000e+08 2.951937737981476240e-02
8.470000000000000000e+08 2.893003719637086968e-02
8.490000000000000000e+08 2.835319747509745802e-02
8.510000000000000000e+08 2.777574735654238930e-02
8.530000000000000000e+08 2.719550835547651299e-02
8.550000000000000000e+08 2.660338679081839658e-02
8.570000000000000000e+08 2.615526993257464433e-02
8.590000000000000000e+08 2.570728063090288104e-02
8.610000000000000000e+08 2.526279223078985170e-02
8.630000000000000000e+08 2.484335099538472619e-02
8.650000000000000000e+08 2.444724483533973133e-02
8.670000000000000000e+08 2.418868087851543808e-02
8.690000000000000000e+08 2.395609686701176411e-02
8.710000000000000000e+08 2.374513207026146197e-02
8.730000000000000000e+08 2.354452290569501727e-02
8.750000000000000000e+08 2.335603131918867828e-02
8.770000000000000000e+08 2.321693267820312129e-02
8.790000000000000000e+08 2.309877383304434831e-02
8.810000000000000000e+08 2.300030212690594433e-02
8.830000000000000000e+08 2.287855365525699042e-02
8.850000000000000000e+08 2.277484171399163371e-02
8.870000000000000000e+08 2.266642526127161245e-02
8.890000000000000000e+08 2.255372234788385888e-02
8.910000000000000000e+08 2.243393040260318813e-02
8.930000000000000000e+08 2.231263238784980327e-02
8.950000000000000000e+08 2.218696044300599163e-02
8.970000000000000000e+08 2.205791058663645471e-02
8.990000000000000000e+08 2.193070536401883069e-02
9.010000000000000000e+08 2.180884185518813800e-02
9.030000000000000000e+08 2.168071342984708924e-02
9.050000000000000000e+08 2.155819153796406998e-02
9.070000000000000000e+08 2.140168210702415516e-02
9.090000000000000000e+08 2.125257129663344138e-02
9.110000000000000000e+08 2.111002814925442075e-02
9.130000000000000000e+08 2.098554546553122943e-02
9.150000000000000000e+08 2.087689959689003130e-02
9.170000000000000000e+08 2.076450484812999292e-02
9.190000000000000000e+08 2.063818107814069380e-02
9.210000000000000000e+08 2.049611627795630206e-02
9.230000000000000000e+08 2.040195378414988783e-02
9.250000000000000000e+08 2.031037452634466833e-02
9.270000000000000000e+08 2.020537342693591934e-02
9.290000000000000000e+08 2.009696774374778588e-02
9.310000000000000000e+08 1.998277409706826838e-02
9.330000000000000000e+08 1.984961213839131836e-02
9.350000000000000000e+08 1.970118009013434660e-02
9.370000000000000000e+08 1.949201085542096729e-02
9.390000000000000000e+08 1.927871003504436076e-02
9.410000000000000000e+08 1.906520128539348352e-02
1.729000000000000000e+09 1.449765386782903287e-01
1.731000000000000000e+09 1.419939059378874657e-01
1.733000000000000000e+09 1.390386028282405706e-01
1.735000000000000000e+09 1.361768025921954450e-01
1.737000000000000000e+09 1.334874443548009493e-01
1.739000000000000000e+09 1.309164872644599797e-01
1.741000000000000000e+09 1.284713806187435803e-01
1.743000000000000000e+09 1.260917954252449014e-01
1.745000000000000000e+09 1.237618678128908495e-01
1.747000000000000000e+09 1.215376399402597341e-01
1.749000000000000000e+09 1.193027380123799497e-01
1.751000000000000000e+09 1.170410151725809339e-01
1.753000000000000000e+09 1.147487944690035039e-01
1.755000000000000000e+09 1.124351240425162796e-01
1.757000000000000000e+09 1.101409836634423545e-01
1.759000000000000000e+09 1.078031807195342223e-01
1.761000000000000000e+09 1.054183473465114262e-01
1.763000000000000000e+09 1.030018656344888345e-01
1.765000000000000000e+09 1.005822292177422500e-01
1.767000000000000000e+09 9.817590119977541441e-02
1.769000000000000000e+09 9.585717217654952937e-02
1.771000000000000000e+09 9.363984424575007293e-02
1.773000000000000000e+09 9.156966949657902033e-02
1.775000000000000000e+09 8.963655899667134774e-02
1.777000000000000000e+09 8.780056550537300442e-02
1.779000000000000000e+09 8.609661907744152465e-02
1.781000000000000000e+09 8.449975301588145971e-02
1.783000000000000000e+09 8.300584689118774284e-02
1.785000000000000000e+09 8.159267506515208157e-02
1.787000000000000000e+09 8.020929456662118096e-02
1.789000000000000000e+09 7.887385908584067240e-02
1.791000000000000000e+09 7.756169988115318992e-02
1.793000000000000000e+09 7.624127137844395607e-02
1.795000000000000000e+09 7.488027515010066415e-02
1.797000000000000000e+09 7.346881865291036984e-02
1.799000000000000000e+09 7.202444544320137088e-02
1.801000000000000000e+09 7.056771329879379939e-02
1.803000000000000000e+09 6.913011746782983524e-02
1.805000000000000000e+09 6.773456148409616462e-02
1.807000000000000000e+09 6.637339399489125547e-02
1.809000000000000000e+09 6.506606249136531739e-02
1.811000000000000000e+09 6.381603656713338846e-02
1.813000000000000000e+09 6.304950901284774034e-02
1.815000000000000000e+09 6.229719498222510005e-02
1.817000000000000000e+09 6.156767905351495651e-02
1.819000000000000000e+09 6.085439648078603408e-02
1.821000000000000000e+09 6.015708225726697223e-02
1.823000000000000000e+09 5.946397626279419785e-02
1.825000000000000000e+09 5.877272703774390206e-02
1.827000000000000000e+09 5.807614459625212722e-02
1.829000000000000000e+09 5.737204384823864356e-02
1.831000000000000000e+09 5.665825311478840665e-02
1.833000000000000000e+09 5.593420171185605611e-02
1.835000000000000000e+09 5.520362819118673769e-02
1.837000000000000000e+09 5.444830994631439519e-02
1.839000000000000000e+09 5.368562792290236529e-02
1.841000000000000000e+09 5.291832530450449323e-02
1.843000000000000000e+09 5.215519683711437871e-02
1.845000000000000000e+09 5.139083537221322828e-02
1.847000000000000000e+09 5.064672451766915467e-02
1.849000000000000000e+09 4.991541374695498273e-02
1.851000000000000000e+09 4.920365257706431350e-02
1.853000000000000000e+09 4.809001659570694143e-02
1.855000000000000000e+09 4.705750679685347798e-02
1.857000000000000000e+09 4.609001505232755008e-02
1.859000000000000000e+09 4.518209700674174351e-02
1.861000000000000000e+09 4.431967045997221161e-02
1.863000000000000000e+09 4.348208824168028896e-02
1.865000000000000000e+09 4.266001759816533817e-02
1.867000000000000000e+09 4.182351032493387966e-02
1.869000000000000000e+09 4.099147872759596051e-02
1.871000000000000000e+09 4.015774370303996921e-02
1.873000000000000000e+09 3.932824356607188959e-02
1.875000000000000000e+09 3.850193150053025232e-02
1.877000000000000000e+09 3.768869746449781538e-02
1.879000000000000000e+09 3.689284198054060271e-02
1.881000000000000000e+09 3.613470829852147292e-02
1.883000000000000000e+09 3.540889423781509726e-02
1.885000000000000000e+09 3.473345272089001234e-02
1.887000000000000000e+09 3.410157255692351785e-02
1.889000000000000000e+09 3.351691032952574395e-02
1.891000000000000000e+09 3.297697076035042973e-02
1.893000000000000000e+09 3.247528061186997356e-02
1.895000000000000000e+09 3.199272776530710793e-02
1.897000000000000000e+09 3.153779105411261274e-02
1.899000000000000000e+09 3.109383736841164758e-02
1.901000000000000000e+09 3.065655161006161644e-02
1.903000000000000000e+09 3.023454369316038934e-02
1.905000000000000000e+09 2.981891634949014602e-02
1.907000000000000000e+09 2.942600252267428204e-02
1.909000000000000000e+09 2.902978754635273523e-02
1.911000000000000000e+09 2.863404460324735223e-02
1.913000000000000000e+09 2.822566654581692286e-02
1.915000000000000000e+09 2.781279999713949860e-02
1.917000000000000000e+09 2.740601348521428532e-02
1.919000000000000000e+09 2.700875641016022358e-02
1.921000000000000000e+09 2.661937610023048031e-02
1.923000000000000000e+09 2.625820867663495109e-02
1.925000000000000000e+09 2.592598219175137886e-02
1.927000000000000000e+09 2.561929915395019103e-02
1.929000000000000000e+09 2.534268232594287518e-02
1.931000000000000000e+09 2.508967806070719689e-02
1.933000000000000000e+09 2.485178425762425009e-02
1.935000000000000000e+09 2.462923676451530403e-02
1.937000000000000000e+09 2.440431243982155857e-02
1.939000000000000000e+09 2.418150155738627710e-02
1.941000000000000000e+09 2.395513239193508212e-02
1.943000000000000000e+09 2.372725893404570643e-02
1.945000000000000000e+09 2.349069184969174509e-02
1.947000000000000000e+09 2.323575569653531583e-02
1.949000000000000000e+09 2.297483548279183677e-02
1.951000000000000000e+09 2.271427783697385627e-02
1.953000000000000000e+09 2.245742820001807305e-02
1.955000000000000000e+09 2.221091196394987116e-02
1.957000000000000000e+09 2.197752571530699889e-02
1.959000000000000000e+09 2.176756969839422143e-02
1.961000000000000000e+09 2.157802677565791999e-02
1.963000000000000000e+09 2.140418805126468454e-02
1.965000000000000000e+09 2.124706794222961173e-02
1.967000000000000000e+09 2.111374977772242922e-02
1.969000000000000000e+09 2.099907016379876090e-02
1.971000000000000000e+09 2.089812768917287053e-02
1.973000000000000000e+09 2.080996779461063290e-02
1.975000000000000000e+09 2.073358020553193320e-02
1.977000000000000000e+09 2.067541870233293930e-02
1.979000000000000000e+09 2.062480985328936714e-02
1.981000000000000000e+09 2.058122397204514842e-02
1.983000000000000000e+09 2.056235831124431437e-02
1.985000000000000000e+09 2.057710936747511252e-02
1.987000000000000000e+09 2.061180047381938260e-02
1.989000000000000000e+09 2.065380437556100027e-02
1.991000000000000000e+09 2.069848373175737360e-02
1.993000000000000000e+09 2.074887514043674552e-02
1.995000000000000000e+09 2.080648948099810339e-02
1.997000000000000000e+09 2.087077724539076334e-02
1.999000000000000000e+09 2.094364292998381061e-02
2.001000000000000000e+09 2.103370079538865317e-02
2.003000000000000000e+09 2.114403847700910277e-02
2.005000000000000000e+09 2.127567459597292862e-02
2.007000000000000000e+09 2.142307095194213515e-02
2.009000000000000000e+09 2.158963871520723499e-02
2.011000000000000000e+09 2.177983573857572228e-02
2.013000000000000000e+09 2.199405693943510751e-02
2.015000000000000000e+09 2.222749442980003626e-02
2.017000000000000000e+09 2.247516742575349918e-02
2.019000000000000000e+09 2.273803467560718897e-02
2.021000000000000000e+09 2.300883293644765890e-02
2.023000000000000000e+09 2.325239948579403346e-02
2.025000000000000000e+09 2.346636893884708128e-02
2.027000000000000000e+09 2.367089909188705224e-02
2.029000000000000000e+09 2.387480853459924071e-02
2.031000000000000000e+09 2.408613121835717630e-02
2.033000000000000000e+09 2.431586696813119522e-02
2.035000000000000000e+09 2.457452202991031870e-02
2.037000000000000000e+09 2.487218214345517445e-02
2.039000000000000000e+09 2.521221757033936806e-02
2.041000000000000000e+09 2.559353311815479315e-02
2.043000000000000000e+09 2.602887844662762559e-02
2.045000000000000000e+09 2.652557732398314050e-02
2.047000000000000000e+09 2.710222282129141555e-02
2.049000000000000000e+09 2.776305421751557034e-02
2.051000000000000000e+09 2.851650885957629500e-02
2.053000000000000000e+09 2.936176940680437775e-02
2.055000000000000000e+09 3.031167933691041039e-02
2.057000000000000000e+09 3.137739221885939289e-02
2.059000000000000000e+09 3.256795787028055750e-02
2.061000000000000000e+09 3.390349822278045100e-02
2.063000000000000000e+09 3.540902667927570829e-02
2.065000000000000000e+09 3.712082413195601227e-02
2.067000000000000000e+09 3.908474403278008880e-02
2.069000000000000000e+09 4.138473158051839129e-02
2.071000000000000000e+09 4.412640545838290851e-02
2.073000000000000000e+09 4.749263260663684483e-02
2.075000000000000000e+09 5.169177243883978784e-02
2.077000000000000000e+09 5.699571652323363879e-02
2.079000000000000000e+09 6.369473737117832546e-02
2.081000000000000000e+09 7.195783493706184308e-02
2.083000000000000000e+09 8.136697468616492512e-02
2.085000000000000000e+09 9.073910858962230819e-02
2.087000000000000000e+09 9.863972085078066832e-02
2.089000000000000000e+09 1.043249004764445764e-01
2.091000000000000000e+09 1.078918540284217464e-01
2.093000000000000000e+09 1.098059057873832650e-01
2.095000000000000000e+09 1.104890120963727407e-01
2.097000000000000000e+09 1.102532833000602897e-01
2.099000000000000000e+09 1.093247073794225976e-01
2.101000000000000000e+09 1.078535576322581790e-01
2.103000000000000000e+09 1.059371499123380744e-01
2.105000000000000000e+09 1.036218314324528073e-01
2.107000000000000000e+09 1.009160931843568615e-01
2.109000000000000000e+09 9.778438044060275280e-02
2.111000000000000000e+09 9.414821416242856456e-02
2.113000000000000000e+09 8.983998118331221194e-02
2.115000000000000000e+09 8.465801018816919432e-02
2.117000000000000000e+09 7.833153505638572323e-02
2.119000000000000000e+09 7.056914191839919193e-02
2.121000000000000000e+09 6.119977639325420438e-02
2.123000000000000000e+09 5.062599695427819763e-02
2.125000000000000000e+09 4.001838830927100660e-02
2.127000000000000000e+09 3.079802822744688584e-02
2.129000000000000000e+09 2.368772230702090656e-02
2.131000000000000000e+09 1.857343443358951129e-02
2.133000000000000000e+09 1.498116776082795629e-02
2.135000000000000000e+09 1.247530576848102091e-02
2.137000000000000000e+09 1.073159073383721934e-02
2.139000000000000000e+09 9.515963496041709990e-03
2.141000000000000000e+09 8.667808415574526984e-03
2.143000000000000000e+09 8.076943158816176846e-03
2.145000000000000000e+09 7.667071021310651290e-03
2.147000000000000000e+09 7.378656688312475523e-03
2.149000000000000000e+09 7.184122762059047193e-03
2.151000000000000000e+09 7.055111810035552718e-03
2.153000000000000000e+09 6.976972843436617111e-03
2.155000000000000000e+09 6.938209932267311829e-03
2.157000000000000000e+09 6.920142048232004114e-03
2.159000000000000000e+09 6.923610057826705411e-03
2.161000000000000000e+09 6.942500382291432771e-03
2.163000000000000000e+09 6.971779695202355749e-03
2.165000000000000000e+09 7.010110717630683996e-03
2.167000000000000000e+09 7.038692907475290264e-03
2.169000000000000000e+09 7.067478003254745733e-03
2.171000000000000000e+09 7.094888028399902805e-03
2.173000000000000000e+09 7.118277255270587765e-03
2.175000000000000000e+09 7.137749921927638921e-03
2.177000000000000000e+09 7.151173455705514374e-03
2.179000000000000000e+09 7.160896416375495642e-03
2.181000000000000000e+09 7.168926446213023940e-03
2.183000000000000000e+09 7.176318868700974109e-03
2.185000000000000000e+09 7.181457293696777433e-03
2.187000000000000000e+09 7.192096288840529004e-03
2.189000000000000000e+09 7.196708602144967146e-03
2.191000000000000000e+09 7.195595311839293046e-03
2.193000000000000000e+09 7.185751257085041394e-03
2.195000000000000000e+09 7.164416339923067832e-03
2.197000000000000000e+09 7.135656234074955369e-03
2.199000000000000000e+09 7.093518044345995671e-03
2.201000000000000000e+09 7.035385818804169335e-03
2.203000000000000000e+09 6.960369098964174633e-03
2.205000000000000000e+09 6.868496465915242995e-03
2.207000000000000000e+09 6.766026285250036770e-03
2.209000000000000000e+09 6.649164176490541742e-03
2.211000000000000000e+09 6.522464974784918101e-03
2.213000000000000000e+09 6.397872241555159316e-03
2.215000000000000000e+09 6.273298621940336973e-03
2.217000000000000000e+09 6.148820799287784550e-03
2.219000000000000000e+09 6.019176790983986856e-03
2.221000000000000000e+09 5.880174893361705957e-03
2.223000000000000000e+09 5.732349574747237948e-03
2.225000000000000000e+09 5.578110844792420753e-03
2.227000000000000000e+09 5.417226092241190193e-03
2.229000000000000000e+09 5.251064586559784850e-03
2.231000000000000000e+09 5.081036353630041628e-03
2.233000000000000000e+09 4.904965774266837122e-03
2.235000000000000000e+09 4.726078486415049608e-03
2.237000000000000000e+09 4.548737169884865469e-03
2.239000000000000000e+09 4.375104373369635875e-03
2.241000000000000000e+09 4.206951686815198904e-03
2.243000000000000000e+09 4.044555855629824830e-03
2.245000000000000000e+09 3.886271986969724868e-03
2.247000000000000000e+09 3.732004690079959025e-03
2.249000000000000000e+09 3.581761440637535286e-03
2.251000000000000000e+09 3.436322748444524140e-03
2.253000000000000000e+09 3.289675857860318957e-03
2.255000000000000000e+09 3.144401716757295236e-03
2.257000000000000000e+09 3.001441303294220559e-03
2.259000000000000000e+09 2.864704016876344541e-03
2.261000000000000000e+09 2.736346166718086996e-03
2.263000000000000000e+09 2.617106586999038038e-03
2.265000000000000000e+09 2.504757811561233831e-03
2.267000000000000000e+09 2.398289489909002752e-03
2.269000000000000000e+09 2.299489415237976862e-03
2.271000000000000000e+09 2.208175411508140652e-03
2.273000000000000000e+09 2.125524670332740000e-03
2.275000000000000000e+09 2.050466580047837373e-03
2.277000000000000000e+09 1.980249907265967547e-03
2.279000000000000000e+09 1.911633080304717559e-03
2.281000000000000000e+09 1.845329328132649894e-03
2.283000000000000000e+09 1.781613570589591451e-03
2.285000000000000000e+09 1.721334071819063212e-03
2.287000000000000000e+09 1.665625661093291660e-03
2.289000000000000000e+09 1.615322095151086211e-03
2.291000000000000000e+09 1.568449163669751768e-03
2.293000000000000000e+09 1.523201013821173875e-03
2.295000000000000000e+09 1.478668547007662079e-03
2.297000000000000000e+09 1.435953662259613697e-03
2.299000000000000000e+09 1.397604029804903978e-03
2.301000000000000000e+09 1.363907196659860845e-03
2.303000000000000000e+09 1.334139763017907999e-03
2.305000000000000000e+09 1.307523040652263779e-03
2.307000000000000000e+09 1.284923563029110845e-03
2.309000000000000000e+09 1.265460874549357564e-03
2.311000000000000000e+09 1.248381920736500511e-03
2.313000000000000000e+09 1.234640475571747303e-03
2.315000000000000000e+09 1.222568290470335550e-03
2.317000000000000000e+09 1.212605352038623793e-03
2.319000000000000000e+09 1.204844716118404864e-03
2.321000000000000000e+09 1.197865735768500594e-03
2.323000000000000000e+09 1.192013939883544271e-03
2.325000000000000000e+09 1.187541946498086145e-03
2.327000000000000000e+09 1.184259947902212458e-03
2.329000000000000000e+09 1.181089716653889845e-03
2.331000000000000000e+09 1.177741759943796854e-03
2.333000000000000000e+09 1.174885757702112937e-03
2.335000000000000000e+09 1.173116699578667221e-03
2.337000000000000000e+09 1.171958451991840728e-03
2.339000000000000000e+09 1.171757463035826962e-03
2.341000000000000000e+09 1.172711889755991216e-03
2.343000000000000000e+09 1.173902024492892628e-03
2.345000000000000000e+09 1.176982751383430980e-03
2.347000000000000000e+09 1.180905126289438431e-03
2.349000000000000000e+09 1.185271672857828159e-03
2.351000000000000000e+09 1.191049049675701283e-03
2.353000000000000000e+09 1.197725479432985895e-03
2.355000000000000000e+09 1.205775440963572807e-03
2.357000000000000000e+09 1.214076389446502955e-03
2.359000000000000000e+09 1.223271411404230078e-03
2.361000000000000000e+09 1.233061589411801624e-03
2.363000000000000000e+09 1.243843071973061093e-03
2.365000000000000000e+09 1.254203713702841576e-03
2.367000000000000000e+09 1.265093488262614922e-03
2.369000000000000000e+09 1.276190946796921209e-03
2.371000000000000000e+09 1.286424361649823140e-03
2.373000000000000000e+09 1.297001026782965269e-03
2.375000000000000000e+09 1.306970763825707291e-03
2.377000000000000000e+09 1.318260243977094305e-03
2.379000000000000000e+09 1.331203890139017170e-03
2.381000000000000000e+09 1.341925565644175051e-03
2.383000000000000000e+09 1.354190110680777819e-03
2.385000000000000000e+09 1.365462308737412601e-03
2.387000000000000000e+09 1.378979625363867039e-03
2.389000000000000000e+09 1.392075364194251142e-03
2.391000000000000000e+09 1.406772223935847223e-03
2.393000000000000000e+09 1.421874911943071243e-03
2.395000000000000000e+09 1.437365163791325465e-03
2.397000000000000000e+09 1.454132113318342030e-03
2.399000000000000000e+09 1.470753371393657355e-03
2.401000000000000000e+09 1.487587596629571986e-03
2.403000000000000000e+09 1.502702618079296802e-03
2.405000000000000000e+09 1.517712068691603458e-03
2.407000000000000000e+09 1.531504630340843913e-03
2.409000000000000000e+09 1.543366519775914375e-03
2.411000000000000000e+09 1.554766079508903545e-03
2.413000000000000000e+09 1.565449578507237347e-03
2.415000000000000000e+09 1.576018042827002138e-03
2.417000000000000000e+09 1.586587667284367932e-03
2.419000000000000000e+09 1.595717501130775083e-03
2.421000000000000000e+09 1.608185187184581243e-03
2.423000000000000000e+09 1.620558519127175516e-03
2.425000000000000000e+09 1.635841920879883274e-03
2.427000000000000000e+09 1.649540843223761119e-03
2.429000000000000000e+09 1.665676035258920615e-03
2.431000000000000000e+09 1.681507341949276240e-03
2.433000000000000000e+09 1.698625975057433280e-03
2.435000000000000000e+09 1.715430447787759773e-03
2.437000000000000000e+09 1.731475738985531303e-03
2.439000000000000000e+09 1.747461515488582225e-03
2.441000000000000000e+09 1.761723631792022973e-03
2.443000000000000000e+09 1.775618765634875019e-03
2.445000000000000000e+09 1.786832568993220729e-03
2.447000000000000000e+09 1.796456498178333749e-03
2.449000000000000000e+09 1.804674695965232094e-03
2.451000000000000000e+09 1.812980481851148235e-03
2.453000000000000000e+09 1.819900463635182493e-03
2.455000000000000000e+09 1.827313673920542099e-03
2.457000000000000000e+09 1.834024034631014490e-03
2.459000000000000000e+09 1.840936638708288347e-03
2.461000000000000000e+09 1.848641889665625284e-03
2.463000000000000000e+09 1.856047163237556493e-03
2.465000000000000000e+09 1.864054223787538602e-03
2.467000000000000000e+09 1.872681949523470005e-03
2.469000000000000000e+09 1.881683446295107304e-03
2.471000000000000000e+09 1.890576629233064890e-03
2.473000000000000000e+09 1.900166561413881537e-03
2.475000000000000000e+09 1.908910178454065534e-03
2.477000000000000000e+09 1.915721504231251808e-03
2.479000000000000000e+09 1.919245059181717014e-03
2.481000000000000000e+09 1.924780555822224685e-03
2.483000000000000000e+09 1.926279901574985817e-03
2.485000000000000000e+09 1.927106811334435878e-03
2.487000000000000000e+09 1.926158181189097443e-03
2.489000000000000000e+09 1.924662258820550439e-03
2.491000000000000000e+09 1.921932885544842644e-03
2.493000000000000000e+09 1.920490808410740434e-03
2.495000000000000000e+09 1.919375321466940598e-03
2.497000000000000000e+09 1.918351108357509160e-03
2.499000000000000000e+09 1.917582062177289933e-03
2.501000000000000000e+09 1.916596540440024124e-03
2.503000000000000000e+09 1.917443984890513991e-03
2.505000000000000000e+09 1.917409902073877962e-03
2.507000000000000000e+09 1.917722665215197990e-03
2.509000000000000000e+09 1.918478043780167796e-03
2.511000000000000000e+09 1.919318638093232918e-03
2.513000000000000000e+09 1.917984378848260020e-03
2.515000000000000000e+09 1.916713534458381642e-03
2.517000000000000000e+09 1.914167029399728133e-03
2.519000000000000000e+09 1.911803497458653810e-03
2.521000000000000000e+09 1.905224679299012507e-03
2.523000000000000000e+09 1.900647240161928205e-03
2.525000000000000000e+09 1.895249289898757886e-03
2.527000000000000000e+09 1.890734653678797974e-03
2.529000000000000000e+09 1.885907038373785304e-03
2.531000000000000000e+09 1.882037772145193737e-03
2.533000000000000000e+09 1.877729213376900640e-03
2.535000000000000000e+09 1.872834460345701099e-03
2.537000000000000000e+09 1.869321519356020823e-03
2.539000000000000000e+09 1.866923267468574132e-03
2.541000000000000000e+09 1.865022846065695836e-03
2.543000000000000000e+09 1.863552213251601364e-03
2.545000000000000000e+09 1.862901176672888048e-03
2.547000000000000000e+09 1.862257294532462413e-03
2.549000000000000000e+09 1.861217765811283825e-03
2.551000000000000000e+09 1.860235541900995661e-03
2.553000000000000000e+09 1.859922903383262908e-03
2.555000000000000000e+09 1.862101570755593082e-03
2.557000000000000000e+09 1.871519026156849563e-03
2.559000000000000000e+09 1.883741225295184826e-03
2.561000000000000000e+09 1.890774440850563750e-03
2.563000000000000000e+09 1.893328053751994720e-03
2.565000000000000000e+09 1.893127138759610013e-03
2.567000000000000000e+09 1.891478080422631268e-03
2.569000000000000000e+09 1.890189686965359833e-03
2.571000000000000000e+09 1.887948261994018898e-03
2.573000000000000000e+09 1.885727136512481026e-03
2.575000000000000000e+09 1.884378758515221257e-03
2.577000000000000000e+09 1.882018149234430861e-03
2.579000000000000000e+09 1.879263249958847398e-03
2.581000000000000000e+09 1.876836571463141564e-03
2.583000000000000000e+09 1.874865605561647349e-03
2.585000000000000000e+09 1.872380285782012732e-03
2.587000000000000000e+09 1.870731592423192360e-03
2.589000000000000000e+09 1.869280068935686226e-03
2.591000000000000000e+09 1.867251713471960875e-03
2.593000000000000000e+09 1.863338651175439932e-03
2.595000000000000000e+09 1.855304705670615586e-03
2.597000000000000000e+09 1.839126768655367609e-03
2.599000000000000000e+09 1.819477984853195207e-03
2.601000000000000000e+09 1.804441732178856984e-03
2.603000000000000000e+09 1.793509269908115811e-03
2.605000000000000000e+09 1.786226313704540559e-03
2.607000000000000000e+09 1.781794072694399935e-03
2.609000000000000000e+09 1.778674282682069429e-03
2.611000000000000000e+09 1.777780932821215092e-03
2.613000000000000000e+09 1.778644045584699875e-03
2.615000000000000000e+09 1.780639698288348461e-03
2.617000000000000000e+09 1.785162817473481996e-03
2.619000000000000000e+09 1.790807959465845478e-03
2.621000000000000000e+09 1.797968063610444651e-03
2.623000000000000000e+09 1.805188194613333800e-03
2.625000000000000000e+09 1.813548568139400873e-03
2.627000000000000000e+09 1.821406237462846718e-03
2.629000000000000000e+09 1.827998071265375061e-03
2.631000000000000000e+09 1.832658427620351268e-03
