        Frequency / MHz                System Tot. Efficiency [AC1]/abs,dB
----------------------------------------------------------------------
                     690                      -1.7190617
                     780                      -2.8960798
                     870                      -6.4239002
                     960                      -5.2015106
                    1700                      -2.8034996
                    1800                      -4.9454007
                    1900                      -5.9216885
                    2000                      -5.3268693
                    2100                       -3.828187
                    2200                      -2.4390049
                    2300                      -1.5689198
                    2400                      -2.0080857
                    2500                      -3.7013917
                    2600                      -5.6722923
                    2700                      -7.3277372

