        Frequency / GHz                System Tot. Efficiency [AC1]/abs,dB
----------------------------------------------------------------------
                    0.69                      -9.8432291
                    0.78                      -9.8711151
                    0.87                      -9.4160937
                    0.96                       -10.31612
                     1.7                      -7.1984884
                     1.8                      -6.7647234
                     1.9                      -6.4962109
                       2                      -6.4345461
                     2.1                      -6.3890186
                     2.2                       -6.268726
                     2.3                      -6.1217358
                     2.4                      -6.0050343
                     2.5                      -5.9296053
                     2.6                      -5.8866854
                     2.7                      -5.8836856

