Frequency    S1,2_[139]

                       0                      -212.90395
                  0.0035                      -149.08478
                   0.007                      -134.67183
                  0.0105                      -125.65846
                   0.014                       -119.3124
                  0.0175                      -114.65597
                   0.021                      -111.20693
                  0.0245                      -108.67511
                   0.028                      -106.80944
                  0.0315                      -105.24647
                   0.035                      -103.40912
                  0.0385                      -100.83057
                   0.042                      -97.692424
                  0.0455                      -94.498952
                   0.049                      -91.560177
                  0.0525                       -88.97693
                   0.056                      -86.757459
                  0.0595                       -84.88056
                   0.063                      -83.317712
                  0.0665                      -82.037793
                    0.07                      -81.004238
                  0.0735                       -80.16762
                   0.077                      -79.455347
                  0.0805                      -78.764152
                   0.084                      -77.969934
                  0.0875                      -76.969993
                   0.091                      -75.739016
                  0.0945                      -74.342096
                   0.098                      -72.888596
                  0.1015                      -71.478505
                   0.105                      -70.179574
                  0.1085                      -69.028832
                   0.112                      -68.041079
                  0.1155                      -67.215511
                   0.119                      -66.538532
                  0.1225                      -65.983333
                   0.126                      -65.507847
                  0.1295                      -65.054147
                   0.133                      -64.554329
                  0.1365                      -63.947124
                    0.14                      -63.201047
                  0.1435                       -62.32842
                   0.147                      -61.377803
                  0.1505                       -60.41168
                   0.154                      -59.486408
                  0.1575                      -58.642806
                   0.161                      -57.905025
                  0.1645                      -57.282596
                   0.168                      -56.772333
                  0.1715                      -56.359059
                   0.175                      -56.015486
                  0.1785                      -55.702802
                   0.182                      -55.374426
                  0.1855                       -54.98512
                   0.189                      -54.504386
                  0.1925                      -53.927657
                   0.196                       -53.27756
                  0.1995                      -52.594228
                   0.203                      -51.921674
                  0.2065                      -51.297509
                    0.21                      -50.748203
                  0.2135                      -50.288195
                   0.217                      -49.920473
                  0.2205                      -49.637173
                   0.224                      -49.419954
                  0.2275                      -49.240768
                   0.231                      -49.064439
                  0.2345                      -48.854429
                   0.238                      -48.581756
                  0.2415                      -48.233944
                   0.245                      -47.819108
                  0.2485                      -47.362446
                   0.252                      -46.897512
                  0.2555                      -46.457218
                   0.259                      -46.067854
                  0.2625                      -45.746402
                   0.266                      -45.499932
                  0.2695                      -45.325742
                   0.273                       -45.21171
                  0.2765                      -45.136977
                    0.28                      -45.073777
                  0.2835                      -44.991347
                   0.287                       -44.86227
                  0.2905                      -44.669751
                   0.294                      -44.412658
                  0.2975                      -44.105452
                   0.301                      -43.773122
                  0.3045                       -43.44395
                   0.308                      -43.143351
                  0.3115                      -42.890101
                   0.315                      -42.694687
                  0.3185                      -42.558864
                   0.322                      -42.475739
                  0.3255                      -42.430241
                   0.329                      -42.400398
                  0.3325                      -42.360063
                   0.336                       -42.28357
                  0.3395                      -42.151733
                   0.343                      -41.957104
                  0.3465                      -41.706031
                    0.35                      -41.416356
                  0.3535                      -41.112054
                   0.357                      -40.817443
                  0.3605                      -40.552724
                   0.364                      -40.331473
                  0.3675                      -40.159493
                   0.371                      -40.034513
                  0.3745                      -39.946355
                   0.378                      -39.877757
                  0.3815                      -39.806271
                   0.385                      -39.707754
                  0.3885                      -39.561314
                   0.392                      -39.354579
                  0.3955                      -39.087078
                   0.399                      -38.770184
                  0.4025                      -38.423617
                   0.406                      -38.070317
                  0.4095                      -37.731641
                   0.413                      -37.424021
                  0.4165                      -37.157132
                    0.42                      -36.932977
                  0.4235                       -36.74574
                   0.427                      -36.582116
                  0.4305                      -36.422592
                   0.434                      -36.244027
                  0.4375                      -36.023777
                   0.441                      -35.744772
                  0.4445                      -35.399985
                   0.448                      -34.994291
                  0.4515                      -34.542926
                   0.455                      -34.067286
                  0.4585                      -33.590039
                   0.462                      -33.130929
                  0.4655                      -32.704031
                   0.469                      -32.316098
                  0.4725                      -31.965763
                   0.476                      -31.643368
                  0.4795                      -31.331546
                   0.483                      -31.006991
                  0.4865                      -30.643878
                    0.49                      -30.218801
                  0.4935                      -29.716352
                   0.497                      -29.133231
                  0.5005                      -28.479205
                   0.504                      -27.774463
                  0.5075                      -27.044686
                   0.511                      -26.315908
                  0.5145                      -25.610166
                   0.518                      -24.942375
                  0.5215                      -24.318175
                   0.525                      -23.732575
                  0.5285                      -23.169495
                   0.532                      -22.602626
                  0.5355                      -21.998152
                   0.539                      -21.320138
                  0.5425                      -20.538598
                   0.546                      -19.639101
                  0.5495                      -18.630642
                   0.553                      -17.549008
                  0.5565                      -16.453614
                    0.56                      -15.418143
                  0.5635                      -14.515712
                   0.567                      -13.801696
                  0.5705                      -13.301323
                   0.574                      -13.009698
                  0.5775                      -12.903953
                   0.581                      -12.958261
                  0.5845                      -13.153215
                   0.588                      -13.477158
                  0.5915                       -13.92137
                   0.595                      -14.472344
                  0.5985                      -15.104168
                   0.602                      -15.773386
                  0.6055                      -16.418346
                   0.609                      -16.965628
                  0.6125                      -17.345678
                   0.616                      -17.515091
                  0.6195                      -17.473841
                   0.623                      -17.265237
                  0.6265                      -16.959258
                    0.63                      -16.631631
                  0.6335                      -16.348365
                   0.637                      -16.156759
                  0.6405                      -16.081244
                   0.644                      -16.123447
                  0.6475                      -16.266895
                   0.651                      -16.484617
                  0.6545                      -16.746987
                   0.658                      -17.027739
                  0.6615                       -17.30748
                   0.665                      -17.575147
                  0.6685                      -17.827917
                   0.672                      -18.069739
                  0.6755                      -18.308752
                   0.679                       -18.55399
                  0.6825                      -18.812321
                   0.686                      -19.086629
                  0.6895                       -19.37547
                   0.693                      -19.674113
                  0.6965                      -19.976133
                     0.7                       -20.27492
                  0.7035                      -20.564759
                   0.707                      -20.841375
                  0.7105                      -21.102136
                   0.714                      -21.345966
                  0.7175                      -21.573117
                   0.721                      -21.784816
                  0.7245                      -21.982846
                   0.728                      -22.169076
                  0.7315                      -22.345102
                   0.735                       -22.51198
                  0.7385                      -22.670194
                   0.742                      -22.819739
                  0.7455                      -22.960397
                   0.749                      -23.091925
                  0.7525                      -23.214316
                   0.756                      -23.327864
                  0.7595                      -23.433205
                   0.763                      -23.531225
                  0.7665                      -23.622992
                    0.77                      -23.709487
                  0.7735                       -23.79157
                   0.777                      -23.869767
                  0.7805                      -23.944275
                   0.784                      -24.014994
                  0.7875                      -24.081726
                   0.791                      -24.144299
                  0.7945                      -24.202849
                   0.798                       -24.25786
                  0.8015                      -24.310293
                   0.805                      -24.361446
                  0.8085                      -24.412828
                   0.812                      -24.465951
                  0.8155                      -24.522008
                   0.819                      -24.581714
                  0.8225                      -24.645198
                   0.826                      -24.711978
                  0.8295                      -24.781075
                   0.833                      -24.851317
                  0.8365                      -24.921559
                    0.84                      -24.991052
                  0.8435                      -25.059593
                   0.847                      -25.127648
                  0.8505                      -25.196224
                   0.854                       -25.26675
                  0.8575                      -25.340691
                   0.861                      -25.419347
                  0.8645                      -25.503532
                   0.868                      -25.593476
                  0.8715                      -25.688814
                   0.875                      -25.788718
                  0.8785                      -25.892186
                   0.882                      -25.998323
                  0.8855                      -26.106635
                   0.889                      -26.217308
                  0.8925                      -26.331338
                   0.896                      -26.450465
                  0.8995                      -26.577069
                   0.903                      -26.713889
                  0.9065                        -26.8638
                    0.91                      -27.029566
                  0.9135                      -27.213692
                   0.917                       -27.41847
                  0.9205                      -27.646287
                   0.924                      -27.899956
                  0.9275                      -28.183466
                   0.931                      -28.502523
                  0.9345                      -28.865571
                   0.938                      -29.284513
                  0.9415                      -29.775945
                   0.945                       -30.36252
                  0.9485                      -31.075361
                   0.952                       -31.95794
                  0.9555                      -33.073873
                   0.959                      -34.522444
                  0.9625                      -36.473606
                   0.966                      -39.251405
                  0.9695                      -43.493081
                   0.973                        -48.1317
                  0.9765                      -43.593277
                    0.98                      -38.471109
                  0.9835                      -34.938885
                   0.987                      -32.335604
                  0.9905                      -30.318294
                   0.994                       -28.71289
                  0.9975                      -27.418994
                   1.001                      -26.370365
                  1.0045                      -25.518189
                   1.008                      -24.824191
                  1.0115                      -24.257913
                   1.015                      -23.795497
                  1.0185                      -23.418754
                   1.022                      -23.114086
                  1.0255                      -22.871258
                   1.029                      -22.682197
                  1.0325                      -22.539902
                   1.036                      -22.437771
                  1.0395                      -22.369253
                   1.043                      -22.327829
                  1.0465                      -22.307318
                    1.05                      -22.302246
                  1.0535                      -22.308243
                   1.057                      -22.322291
                  1.0605                      -22.342763
                   1.064                       -22.36935
                  1.0675                      -22.402738
                   1.071                      -22.444205
                  1.0745                      -22.495166
                   1.078                      -22.556758
                  1.0815                      -22.629494
                   1.085                      -22.713121
                  1.0885                       -22.80649
                   1.092                      -22.907745
                  1.0955                      -23.014535
                   1.099                      -23.124276
                  1.1025                      -23.234517
                   1.106                       -23.34323
                  1.1095                      -23.449033
                   1.113                      -23.551343
                  1.1165                       -23.65033
                    1.12                      -23.746855
                  1.1235                       -23.84228
                   1.127                      -23.938206
                  1.1305                      -24.036249
                   1.134                      -24.137746
                  1.1375                      -24.243541
                   1.141                      -24.353759
                  1.1445                       -24.46761
                   1.148                      -24.583339
                  1.1515                      -24.698279
                   1.155                      -24.809022
                  1.1585                      -24.911779
                   1.162                      -25.002662
                  1.1655                      -25.078097
                   1.169                      -25.135019
                  1.1725                       -25.17107
                   1.176                      -25.184723
                  1.1795                      -25.175458
                   1.183                      -25.143976
                  1.1865                      -25.092498
                    1.19                        -25.0251
                  1.1935                      -24.947886
                   1.197                      -24.868905
                  1.2005                      -24.797657
                   1.204                      -24.744019
                  1.2075                      -24.716781
                   1.211                      -24.722023
                  1.2145                      -24.761886
                   1.218                      -24.834131
                  1.2215                      -24.932684
                   1.225                      -25.048942
                  1.2285                      -25.173253
                   1.232                      -25.296324
                  1.2355                       -25.41018
                   1.239                      -25.508776
                  1.2425                      -25.588313
                   1.246                       -25.64734
                  1.2495                      -25.686763
                   1.253                      -25.709605
                  1.2565                      -25.720627
                    1.26                      -25.725849
                  1.2635                      -25.731963
                   1.267                      -25.745812
                  1.2705                      -25.773862
                   1.274                      -25.821783
                  1.2775                      -25.893969
                   1.281                      -25.993015
                  1.2845                      -26.119089
                   1.288                      -26.269383
                  1.2915                      -26.437793
                   1.295                      -26.615108
                  1.2985                      -26.790042
                   1.302                      -26.950821
                  1.3055                      -27.087259
                   1.309                      -27.192577
                  1.3125                      -27.264363
                   1.316                      -27.304569
                  1.3195                      -27.318524
                   1.323                      -27.313497
                  1.3265                      -27.297265
                    1.33                       -27.27704
                  1.3335                      -27.258739
                   1.337                      -27.246749
                  1.3405                      -27.243772
                   1.344                      -27.250929
                  1.3475                      -27.267889
                   1.351                      -27.293176
                  1.3545                       -27.32455
                   1.358                      -27.359485
                  1.3615                      -27.395695
                   1.365                      -27.431625
                  1.3685                      -27.466716
                   1.372                      -27.501482
                  1.3755                      -27.537417
                   1.379                      -27.576672
                  1.3825                      -27.621771
                   1.386                      -27.675307
                  1.3895                      -27.739647
                   1.393                      -27.816786
                  1.3965                      -27.908166
                     1.4                      -28.014622
                  1.4035                      -28.136366
                   1.407                      -28.272959
                  1.4105                      -28.423418
                   1.414                      -28.586246
                  1.4175                      -28.759373
                   1.421                      -28.940152
                  1.4245                      -29.125171
                   1.428                      -29.310286
                  1.4315                      -29.490716
                   1.435                      -29.661403
                  1.4385                      -29.817616
                   1.442                       -29.95565
                  1.4455                      -30.073374
                   1.449                      -30.170542
                  1.4525                      -30.248751
                   1.456                      -30.311081
                  1.4595                      -30.361673
                   1.463                      -30.405261
                  1.4665                      -30.446799
                    1.47                      -30.491207
                  1.4735                      -30.543022
                   1.477                      -30.606204
                  1.4805                      -30.683787
                   1.484                       -30.77764
                  1.4875                       -30.88822
                   1.491                      -31.014557
                  1.4945                      -31.154374
                   1.498                      -31.304379
                  1.5015                      -31.460747
                   1.505                      -31.619605
                  1.5085                      -31.777501
                   1.512                      -31.931879
                  1.5155                      -32.081225
                   1.519                      -32.225308
                  1.5225                      -32.364994
                   1.526                      -32.502075
                  1.5295                       -32.63885
                   1.533                      -32.777739
                  1.5365                      -32.920759
                    1.54                      -33.069269
                  1.5435                      -33.223645
                   1.547                      -33.383322
                  1.5505                      -33.546874
                   1.554                      -33.712292
                  1.5575                      -33.877273
                   1.561                      -34.039607
                  1.5645                       -34.19754
                   1.568                      -34.349974
                  1.5715                      -34.496633
                   1.575                      -34.638137
                  1.5785                      -34.775828
                   1.582                       -34.91152
                  1.5855                      -35.047139
                   1.589                        -35.1844
                  1.5925                      -35.324496
                   1.596                      -35.467858
                  1.5995                       -35.61414
                   1.603                      -35.762285
                  1.6065                       -35.91073
                    1.61                      -36.057658
                  1.6135                      -36.201303
                   1.617                      -36.340224
                  1.6205                      -36.473544
                   1.624                      -36.601036
                  1.6275                      -36.723234
                   1.631                      -36.841225
                  1.6345                      -36.956523
                   1.638                      -37.070678
                  1.6415                       -37.18502
                   1.645                      -37.300398
                  1.6485                         -37.417
                   1.652                      -37.534358
                  1.6555                      -37.651423
                   1.659                      -37.766761
                  1.6625                      -37.878806
                   1.666                      -37.986147
                  1.6695                      -38.087696
                   1.673                      -38.182983
                  1.6765                      -38.272138
                    1.68                      -38.355911
                  1.6835                      -38.435522
                   1.687                      -38.512472
                  1.6905                      -38.588146
                   1.694                      -38.663715
                  1.6975                      -38.739719
                   1.701                      -38.816143
                  1.7045                      -38.892325
                   1.708                      -38.967131
                  1.7115                      -39.039148
                   1.715                      -39.106966
                  1.7185                      -39.169444
                   1.722                      -39.225964
                  1.7255                      -39.276592
                   1.729                      -39.322135
                  1.7325                      -39.364079
                   1.736                      -39.404379
                  1.7395                      -39.445075
                   1.743                      -39.488036
                  1.7465                      -39.534498
                    1.75                      -39.584868
                  1.7535                      -39.638579
                   1.757                      -39.694153
                  1.7605                      -39.749487
                   1.764                      -39.802317
                  1.7675                      -39.850833
                   1.771                      -39.894417
                  1.7745                      -39.934104
                   1.778                      -39.972722
                  1.7815                      -40.014523
                   1.785                      -40.064471
                  1.7885                      -40.127294
                   1.792                      -40.206518
                  1.7955                      -40.303782
                   1.799                      -40.418174
                  1.8025                      -40.545599
                   1.806                       -40.67818
                  1.8095                      -40.803549
                   1.813                      -40.904846
                  1.8165                       -40.96167
                    1.82                       -40.95254
                  1.8235                      -40.859384
                   1.827                       -40.67213
                  1.8305                      -40.392284
                   1.834                      -40.032824
                  1.8375                      -39.614563
                   1.841                      -39.160911
                  1.8445                      -38.693095
                   1.848                      -38.226639
                  1.8515                      -37.770418
                   1.855                      -37.326781
                  1.8585                      -36.893021
                   1.862                      -36.463315
                  1.8655                      -36.030975
                   1.869                      -35.590705
                  1.8725                      -35.140199
                   1.876                      -34.680713
                  1.8795                      -34.216854
                   1.883                      -33.755371
                  1.8865                      -33.303789
                    1.89                      -32.869034
                  1.8935                      -32.456207
                   1.897                      -32.068112
                  1.9005                      -31.705002
                   1.904                      -31.364646
                  1.9075                      -31.042853
                   1.911                      -30.734154
                  1.9145                       -30.43271
                   1.918                      -30.133331
                  1.9215                      -29.832296
                   1.925                      -29.528006
                  1.9285                      -29.221197
                   1.932                      -28.914567
                  1.9355                      -28.612231
                   1.939                      -28.318807
                  1.9425                      -28.038615
                   1.946                      -27.774962
                  1.9495                      -27.529631
                   1.953                      -27.302679
                  1.9565                      -27.092442
                    1.96                      -26.895714
                  1.9635                      -26.708295
                   1.967                      -26.525559
                  1.9705                      -26.343262
                   1.974                      -26.158241
                  1.9775                      -25.968964
                   1.981                      -25.775782
                  1.9845                      -25.580822
                   1.988                      -25.387491
                  1.9915                      -25.199856
                   1.995                      -25.021893
                  1.9985                      -24.856835
                   2.002                      -24.706668
                  2.0055                      -24.571807
                   2.009                      -24.451024
                  2.0125                      -24.341623
                   2.016                      -24.239811
                  2.0195                      -24.141271
                   2.023                      -24.041915
                  2.0265                      -23.938577
                    2.03                      -23.829611
                  2.0335                       -23.71519
                   2.037                       -23.59723
                  2.0405                       -23.47901
                   2.044                      -23.364533
                  2.0475                      -23.257808
                   2.051                      -23.162167
                  2.0545                      -23.079703
                   2.058                      -23.010962
                  2.0615                      -22.954807
                   2.065                      -22.908566
                  2.0685                      -22.868429
                   2.072                      -22.830019
                  2.0755                      -22.789166
                   2.079                      -22.742604
                  2.0825                      -22.688623
                   2.086                      -22.627349
                  2.0895                      -22.560723
                   2.093                      -22.492094
                  2.0965                      -22.425581
                     2.1                      -22.365322
                  2.1035                      -22.314771
                   2.107                      -22.276121
                  2.1105                      -22.249964
                   2.114                      -22.235157
                  2.1175                      -22.228988
                   2.121                      -22.227561
                  2.1245                      -22.226392
                   2.128                      -22.221187
                  2.1315                      -22.208602
                   2.135                      -22.186869
                  2.1385                      -22.156157
                   2.142                      -22.118522
                  2.1455                      -22.077533
                   2.149                      -22.037591
                  2.1525                      -22.003147
                   2.156                      -21.977975
                  2.1595                      -21.964561
                   2.163                      -21.963714
                  2.1665                      -21.974447
                    2.17                      -21.994096
                  2.1735                      -22.018687
                   2.177                      -22.043565
                  2.1805                      -22.064199
                   2.184                      -22.076973
                  2.1875                      -22.079955
                   2.191                        -22.0733
                  2.1945                      -22.059329
                   2.198                      -22.042131
                  2.2015                      -22.026897
                   2.205                      -22.019084
                  2.2085                      -22.023574
                   2.212                       -22.04397
                  2.2155                      -22.082091
                   2.219                      -22.137663
                  2.2225                      -22.208279
                   2.226                      -22.289518
                  2.2295                      -22.375343
                   2.233                      -22.458779
                  2.2365                      -22.532748
                    2.24                      -22.591033
                  2.2435                      -22.629197
                   2.247                      -22.645138
                  2.2505                      -22.639235
                   2.254                      -22.613942
                  2.2575                      -22.573012
                   2.261                       -22.52053
                  2.2645                      -22.460041
                   2.268                      -22.393999
                  2.2715                      -22.323562
                   2.275                       -22.24882
                  2.2785                      -22.169265
                   2.282                      -22.084466
                  2.2855                      -21.994698
                   2.289                       -21.90138
                  2.2925                      -21.807239
                   2.296                      -21.716132
                  2.2995                      -21.632681
                   2.303                       -21.56162
                  2.3065                       -21.50721
                    2.31                      -21.472608
                  2.3135                      -21.459375
                   2.317                      -21.467135
                  2.3205                      -21.493427
                   2.324                      -21.533796
                  2.3275                      -21.582254
                   2.331                       -21.63199
                  2.3345                      -21.676524
                   2.338                      -21.710856
                  2.3415                      -21.732551
                   2.345                      -21.742363
                  2.3485                      -21.744169
                   2.352                      -21.744231
                  2.3555                      -21.749922
                   2.359                      -21.768228
                  2.3625                      -21.804193
                   2.366                      -21.859525
                  2.3695                      -21.931379
                   2.373                      -22.011453
                  2.3765                        -22.0858
                    2.38                      -22.135731
                  2.3835                        -22.1404
                   2.387                      -22.081038
                  2.3905                      -21.945903
                   2.394                      -21.733888
                  2.3975                      -21.455097
                   2.401                      -21.127919
                  2.4045                      -20.774465
                   2.408                      -20.416115
                  2.4115                      -20.070823
                   2.415                      -19.751831
                  2.4185                       -19.46773
                   2.422                      -19.222992
                  2.4255                      -19.018713
                   2.429                      -18.853486
                  2.4325                       -18.72394
                   2.436                      -18.625439
                  2.4395                      -18.552658
                   2.443                      -18.500151
                  2.4465                      -18.462937
                    2.45                      -18.436958
                  2.4535                      -18.419427
                   2.457                       -18.40896
                  2.4605                      -18.405423
                   2.464                      -18.409635
                  2.4675                      -18.422795
                   2.471                      -18.445977
                  2.4745                      -18.479587
                   2.478                      -18.522975
                  2.4815                      -18.574332
                   2.485                      -18.630729
                  2.4885                      -18.688514
                   2.492                      -18.743903
                  2.4955                      -18.793674
                   2.499                      -18.835874
                  2.5025                      -18.870282
                   2.506                      -18.898589
                  2.5095                      -18.924187
                   2.513                      -18.951588
                  2.5165                      -18.985717
                    2.52                      -19.031054
                  2.5235                      -19.090947
                   2.527                      -19.167029
                  2.5305                      -19.258966
                   2.534                      -19.364409
                  2.5375                      -19.479384
                   2.541                      -19.598798
                  2.5445                      -19.717433
                   2.548                      -19.830908
                  2.5515                      -19.936581
                   2.555                      -20.034143
                  2.5585                       -20.12569
                   2.562                      -20.215241
                  2.5655                        -20.3078
                   2.569                      -20.408196
                  2.5725                      -20.519882
                   2.576                      -20.643955
                  2.5795                      -20.778413
                   2.583                      -20.917983
                  2.5865                      -21.054499
                    2.59                      -21.177943
                  2.5935                      -21.278259
                   2.597                      -21.347308
                  2.6005                      -21.380919
                   2.604                      -21.379979
                  2.6075                       -21.35035
                   2.611                      -21.301654
                  2.6145                      -21.245279
                   2.618                      -21.192368
                  2.6215                      -21.152086
                   2.625                      -21.130441
                  2.6285                       -21.12968
                   2.632                      -21.148222
                  2.6355                      -21.181019
                   2.639                      -21.220441
                  2.6425                      -21.257578
                   2.646                      -21.283961
                  2.6495                      -21.293294
                   2.653                      -21.282827
                  2.6565                      -21.254022
                    2.66                       -21.21223
                  2.6635                      -21.165582
                   2.667                      -21.123374
                  2.6705                      -21.094513
                   2.674                       -21.08618
                  2.6775                      -21.102874
                   2.681                      -21.146005
                  2.6845                      -21.213741
                   2.688                      -21.301392
                  2.6915                      -21.402068
                   2.695                       -21.50777
                  2.6985                      -21.610687
                   2.702                      -21.704672
                  2.7055                      -21.786378
                   2.709                       -21.85588
                  2.7125                      -21.916643
                   2.716                      -21.974697
                  2.7195                        -22.0374
                   2.723                      -22.111962
                  2.7265                      -22.204192
                    2.73                       -22.31741
                  2.7335                      -22.451843
                   2.737                      -22.604387
                  2.7405                       -22.76889
                   2.744                      -22.936949
                  2.7475                      -23.099165
                   2.751                      -23.246788
                  2.7545                      -23.373513
                   2.758                      -23.476816
                  2.7615                      -23.558504
                   2.765                      -23.624309
                  2.7685                      -23.682604
                   2.772                      -23.742656
                  2.7755                      -23.812905
                   2.779                      -23.899519
                  2.7825                      -24.005399
                   2.786                      -24.129812
                  2.7895                      -24.268385
                   2.793                      -24.413803
                  2.7965                      -24.556893
                     2.8                      -24.688338
                  2.8035                      -24.800497
                   2.807                      -24.889187
                  2.8105                      -24.954746
                   2.814                      -25.002085
                  2.8175                      -25.039699
                   2.821                      -25.077956
                  2.8245                       -25.12717
                   2.828                      -25.195871
                  2.8315                      -25.289517
                   2.835                      -25.409765
                  2.8385                      -25.554211
                   2.842                      -25.716612
                  2.8455                      -25.887648
                   2.849                      -26.056327
                  2.8525                      -26.211743
                   2.856                       -26.34529
                  2.8595                      -26.452443
                   2.863                      -26.533861
                  2.8665                      -26.595233
                    2.87                      -26.645992
                  2.8735                      -26.697237
                   2.877                      -26.759576
                  2.8805                      -26.841301
                   2.884                      -26.947066
                  2.8875                      -27.077225
                   2.891                      -27.227726
                  2.8945                      -27.390529
                   2.898                      -27.554662
                  2.9015                       -27.70797
                   2.905                      -27.839384
                  2.9085                      -27.941331
                   2.912                      -28.011543
                  2.9155                      -28.053759
                   2.919                      -28.076907
                  2.9225                      -28.093091
                   2.926                      -28.115177
                  2.9295                      -28.154436
                   2.933                      -28.218892
                  2.9365                      -28.312251
                    2.94                      -28.433486
                  2.9435                      -28.576953
                   2.947                      -28.733065
                  2.9505                      -28.889494
                   2.954                      -29.033181
                  2.9575                      -29.152658
                   2.961                      -29.240637
                  2.9645                      -29.295617
                   2.968                      -29.322331
                  2.9715                      -29.330563
                   2.975                      -29.332901
                  2.9785                      -29.342124
                   2.982                      -29.369013
                  2.9855                      -29.420782
                   2.989                      -29.500315
                  2.9925                      -29.605928
                   2.996                      -29.731824
                  2.9995                      -29.868887
                   3.003                      -30.006208
                  3.0065                      -30.132919
                    3.01                      -30.240427
                  3.0135                      -30.324353
                   3.017                      -30.385681
                  3.0205                      -30.430661
                   3.024                       -30.46952
                  3.0275                       -30.51436
                   3.031                      -30.576983
                  3.0345                      -30.666938
                   3.038                      -30.790212
                  3.0415                      -30.948364
                   3.045                      -31.138129
                  3.0485                      -31.351496
                   3.052                      -31.576293
                  3.0555                      -31.797507
                   3.059                      -31.999607
                  3.0625                      -32.169474
                   3.066                      -32.299478
                  3.0695                      -32.389568
                   3.073                      -32.447403
                  3.0765                      -32.486469
                    3.08                      -32.522961
                  3.0835                       -32.57251
                   3.087                      -32.647623
                  3.0905                      -32.755985
                   3.094                      -32.899688
                  3.0975                      -33.074955
                   3.101                       -33.27241
                  3.1045                       -33.47806
                   3.108                      -33.675086
                  3.1115                      -33.846735
                   3.115                      -33.979959
                  3.1185                      -34.068718
                   3.122                      -34.115816
                  3.1255                      -34.132258
                   3.129                      -34.134425
                  3.1325                      -34.140335
                   3.136                      -34.166185
                  3.1395                      -34.223954
                   3.143                      -34.320003
                  3.1465                      -34.454513
                    3.15                      -34.621475
                  3.1535                       -34.80916
                   3.157                      -35.001285
                  3.1605                      -35.179397
                   3.164                      -35.326233
                  3.1675                       -35.42982
                   3.171                      -35.486797
                  3.1745                      -35.503558
                   3.178                      -35.494711
                  3.1815                      -35.479488
                   3.185                      -35.477631
                  3.1885                      -35.506125
                   3.192                      -35.577093
                  3.1955                      -35.696829
                   3.199                      -35.865339
                  3.2025                      -36.076292
                   3.206                      -36.317342
                  3.2095                      -36.570925
                   3.213                      -36.816195
                  3.2165                      -37.032559
                    3.22                      -37.204118
                  3.2235                      -37.324006
                   3.227                      -37.396507
                  3.2305                      -37.435928
                   3.234                      -37.462718
                  3.2375                      -37.498644
                   3.241                      -37.562689
                  3.2445                      -37.668374
                   3.248                       -37.82237
                  3.2515                      -38.023773
                   3.255                      -38.263933
                  3.2585                      -38.526598
                   3.262                      -38.789293
                  3.2655                      -39.026299
                   3.269                      -39.213922
                  3.2725                      -39.336969
                   3.276                      -39.393758
                  3.2795                       -39.39696
                   3.283                      -39.369886
                  3.2865                      -39.340116
                    3.29                      -39.333559
                  3.2935                       -39.37047
                   3.297                      -39.463472
                  3.3005                      -39.616873
                   3.304                      -39.826302
                  3.3075                      -40.078559
                   3.311                      -40.351929
                  3.3145                       -40.61785
                   3.318                      -40.845255
                  3.3215                      -41.007633
                   3.325                      -41.091097
                  3.3285                       -41.09946
                   3.332                      -41.053073
                  3.3355                       -40.98224
                   3.339                      -40.919017
                  3.3425                      -40.890863
                   3.346                      -40.917242
                  3.3495                      -41.008381
                   3.353                      -41.164983
                  3.3565                      -41.378128
                    3.36                       -41.62911
                  3.3635                      -41.890242
                   3.367                      -42.127721
                  3.3705                      -42.308019
                   3.374                      -42.407073
                  3.3775                      -42.418637
                   3.381                      -42.356876
                  3.3845                      -42.251392
                   3.388                      -42.137986
                  3.3915                      -42.050068
                   3.395                      -42.013587
                  3.3985                      -42.045006
                   3.402                      -42.150919
                  3.4055                      -42.328035
                   3.409                      -42.562892
                  3.4125                      -42.831687
                   3.416                      -43.101109
                  3.4195                      -43.332484
                   3.423                      -43.490069
                  3.4265                      -43.552147
                    3.43                      -43.519277
                  3.4335                      -43.414239
                   3.437                      -43.273763
                  3.4405                      -43.137419
                   3.444                      -43.039223
                  3.4475                      -43.003576
                   3.451                      -43.044281
                  3.4545                      -43.164659
                   3.458                      -43.357547
                  3.4615                      -43.604779
                   3.465                      -43.876987
                  3.4685                      -44.135324
                   3.472                      -44.337199
                  3.4755                      -44.447206
                   3.479                      -44.449414
                  3.4825                      -44.353949
                   3.486                      -44.192848
                  3.4895                      -44.008518
                   3.493                      -43.841961
                  3.4965                      -43.725567
                     3.5                       -43.68061
