Frequency    S1,2_[69]

                       0                      -212.74978
                  0.0035                      -149.08494
                   0.007                      -134.67249
                  0.0105                      -125.65995
                   0.014                      -119.31504
                  0.0175                      -114.66009
                   0.021                      -111.21285
                  0.0245                      -108.68315
                   0.028                      -106.81992
                  0.0315                      -105.25969
                   0.035                      -103.42539
                  0.0385                      -100.85018
                   0.042                      -97.715665
                  0.0455                      -94.526103
                   0.049                      -91.591508
                  0.0525                      -89.012701
                   0.056                      -86.797918
                  0.0595                      -84.925942
                   0.063                      -83.368241
                  0.0665                      -82.093677
                    0.07                      -81.065669
                  0.0735                      -80.234775
                   0.077                      -79.528385
                  0.0805                      -78.843214
                   0.084                      -78.055141
                  0.0875                      -77.061447
                   0.091                      -75.836796
                  0.0945                      -74.446258
                   0.098                      -72.999172
                  0.1015                      -71.595501
                   0.105                       -70.30297
                  0.1085                       -69.15858
                   0.112                      -68.177105
                  0.1155                      -67.357711
                   0.119                      -66.686776
                  0.1225                      -66.137463
                   0.126                      -65.667675
                  0.1295                      -65.219458
                   0.133                      -64.724879
                  0.1365                       -64.12264
                    0.14                      -63.381224
                  0.1435                      -62.512926
                   0.147                      -61.566274
                  0.1505                      -60.603726
                   0.154                      -59.681613
                  0.1575                      -58.840728
                   0.161                      -58.105204
                  0.1645                      -57.484552
                   0.168                      -56.975572
                  0.1715                      -56.563074
                   0.175                      -56.219759
                  0.1785                      -55.906805
                   0.182                      -55.577621
                  0.1855                      -55.186962
                   0.189                      -54.704324
                  0.1925                      -54.125137
                   0.196                      -53.472027
                  0.1995                      -52.785132
                   0.203                      -52.108474
                  0.2065                      -51.479678
                    0.21                      -50.925234
                  0.2135                      -50.459603
                   0.217                      -50.085795
                  0.2205                       -49.79597
                   0.224                      -49.571812
                  0.2275                      -49.385295
                   0.231                      -49.201264
                  0.2345                      -48.983201
                   0.238                      -48.702147
                  0.2415                       -48.34565
                   0.245                      -47.921853
                  0.2485                      -47.455986
                   0.252                      -46.981635
                  0.2555                      -46.531749
                   0.259                      -46.132656
                  0.2625                      -45.801371
                   0.266                      -45.544999
                  0.2695                      -45.360866
                   0.273                      -45.236873
                  0.2765                       -45.15218
                    0.28                      -45.079036
                  0.2835                      -44.986695
                   0.287                      -44.847756
                  0.2905                      -44.645441
                   0.294                      -44.378639
                  0.2975                      -44.061836
                   0.301                      -43.720045
                  0.3045                      -43.381571
                   0.308                      -43.071855
                  0.3115                       -42.80969
                   0.315                      -42.605577
                  0.3185                      -42.461279
                   0.322                      -42.369905
                  0.3255                      -42.316383
                   0.329                      -42.278739
                  0.3325                      -42.230822
                   0.336                      -42.146967
                  0.3395                      -42.007992
                   0.343                      -41.806458
                  0.3465                      -41.548724
                    0.35                      -41.252646
                  0.3535                      -40.942209
                   0.357                      -40.641739
                  0.3605                      -40.371444
                   0.364                      -40.144896
                  0.3675                      -39.967894
                   0.371                      -39.838153
                  0.3745                      -39.745484
                   0.378                      -39.672607
                  0.3815                      -39.597066
                   0.385                      -39.494708
                  0.3885                      -39.344643
                   0.392                        -39.1345
                  0.3955                      -38.863819
                   0.399                      -38.543981
                  0.4025                      -38.194712
                   0.406                      -37.838961
                  0.4095                      -37.498079
                   0.413                      -37.188494
                  0.4165                      -36.919868
                    0.42                      -36.694184
                  0.4235                      -36.505608
                   0.427                      -36.340816
                  0.4305                      -36.180277
                   0.434                      -36.000844
                  0.4375                      -35.779872
                   0.441                      -35.500297
                  0.4445                      -35.155104
                   0.448                      -34.749183
                  0.4515                      -34.297777
                   0.455                      -33.822294
                  0.4585                        -33.3454
                   0.462                      -32.886831
                  0.4655                      -32.460647
                   0.469                      -32.073577
                  0.4725                      -31.724228
                   0.476                      -31.402917
                  0.4795                      -31.092259
                   0.483                      -30.768938
                  0.4865                      -30.407133
                    0.49                      -29.983454
                  0.4935                       -29.48252
                   0.497                      -28.901057
                  0.5005                      -28.248862
                   0.504                      -27.546148
                  0.5075                      -26.818605
                   0.511                      -26.092264
                  0.5145                      -25.389142
                   0.518                      -24.724116
                  0.5215                      -24.102778
                   0.525                       -23.52009
                  0.5285                      -22.959938
                   0.532                      -22.396006
                  0.5355                      -21.794502
                   0.539                      -21.119551
                  0.5425                      -20.341251
                   0.546                      -19.445272
                  0.5495                      -18.440706
                   0.553                       -17.36341
                  0.5565                      -16.272786
                    0.56                      -15.242386
                  0.5635                      -14.345063
                   0.567                      -13.635878
                  0.5705                       -13.13984
                   0.574                      -12.852044
                  0.5775                      -12.749781
                   0.581                      -12.807438
                  0.5845                      -13.005775
                   0.588                       -13.33322
                  0.5915                       -13.78107
                   0.595                      -14.335813
                  0.5985                      -14.971559
                   0.602                      -15.644925
                  0.6055                      -16.294397
                   0.609                      -16.846728
                  0.6125                      -17.232545
                   0.616                      -17.408592
                  0.6195                      -17.374907
                   0.623                       -17.17474
                  0.6265                      -16.877842
                    0.63                      -16.559525
                  0.6335                       -16.28523
                   0.637                      -16.101657
                  0.6405                      -16.032803
                   0.644                      -16.080172
                  0.6475                      -16.227485
                   0.651                      -16.448145
                  0.6545                      -16.712906
                   0.658                      -16.995768
                  0.6615                      -17.277446
                   0.665                      -17.546852
                  0.6685                      -17.801059
                   0.672                      -18.043909
                  0.6755                      -18.283503
                   0.679                      -18.528952
                  0.6825                      -18.787324
                   0.686                      -19.061769
                  0.6895                      -19.351115
                   0.693                      -19.650838
                  0.6965                      -19.954624
                     0.7                      -20.255879
                  0.7035                      -20.548826
                   0.707                      -20.829084
                  0.7105                      -21.093893
                   0.714                      -21.342059
                  0.7175                      -21.573741
                   0.721                      -21.790116
                  0.7245                      -21.992963
                   0.728                      -22.184185
                  0.7315                       -22.36544
                   0.735                      -22.537844
                  0.7385                      -22.701927
                   0.742                      -22.857685
                  0.7455                      -23.004857
                   0.749                      -23.143118
                  0.7525                      -23.272341
                   0.756                      -23.392685
                  0.7595                      -23.504654
                   0.763                      -23.609023
                  0.7665                      -23.706787
                    0.77                      -23.798902
                  0.7735                      -23.886248
                   0.777                      -23.969411
                  0.7805                      -24.048657
                   0.784                      -24.123948
                  0.7875                      -24.195109
                   0.791                      -24.261936
                  0.7945                      -24.324485
                   0.798                      -24.383121
                  0.8015                      -24.438673
                   0.805                      -24.492328
                  0.8085                      -24.545536
                   0.812                      -24.599821
                  0.8155                      -24.656476
                   0.819                      -24.716386
                  0.8225                        -24.7799
                   0.826                      -24.846765
                  0.8295                      -24.916194
                   0.833                      -24.987138
                  0.8365                      -25.058491
                    0.84                       -25.12947
                  0.8435                      -25.199792
                   0.847                      -25.269844
                  0.8505                      -25.340597
                   0.854                      -25.413521
                  0.8575                      -25.490216
                   0.861                      -25.572202
                  0.8645                      -25.660563
                   0.868                      -25.755809
                  0.8715                      -25.857813
                   0.875                      -25.965901
                  0.8785                      -26.079119
                   0.882                      -26.196518
                  0.8855                      -26.317479
                   0.889                      -26.442033
                  0.8925                      -26.571044
                   0.896                      -26.706187
                  0.8995                      -26.849862
                   0.903                      -27.004914
                  0.9065                      -27.174388
                    0.91                       -27.36124
                  0.9135                      -27.568138
                   0.917                       -27.79747
                  0.9205                      -28.051622
                   0.924                      -28.333309
                  0.9275                      -28.646328
                   0.931                      -28.996141
                  0.9345                      -29.390912
                   0.938                      -29.842258
                  0.9415                      -30.366479
                   0.945                      -30.985906
                  0.9485                       -31.73128
                   0.952                      -32.645577
                  0.9555                      -33.791801
                   0.959                      -35.268558
                  0.9625                      -37.245324
                   0.966                      -40.046872
                  0.9695                      -44.316719
                   0.973                      -48.979458
                  0.9765                      -44.372072
                    0.98                      -39.222109
                  0.9835                      -35.658128
                   0.987                      -33.011672
                  0.9905                      -30.940151
                   0.994                      -29.271649
                  0.9975                      -27.908847
                   1.001                      -26.788937
                  1.0045                      -25.866298
                   1.008                      -25.105147
                  1.0115                      -24.476632
                   1.015                      -23.957641
                  1.0185                      -23.530005
                   1.022                      -23.179578
                  1.0255                      -22.895145
                   1.029                      -22.667344
                  1.0325                      -22.487726
                   1.036                      -22.348219
                  1.0395                      -22.240949
                   1.043                       -22.15834
                  1.0465                      -22.093495
                    1.05                      -22.040572
                  1.0535                      -21.995133
                   1.057                      -21.954298
                  1.0605                      -21.916687
                   1.064                      -21.882238
                  1.0675                      -21.851819
                   1.071                       -21.82678
                  1.0745                      -21.808496
                   1.078                      -21.797986
                  1.0815                      -21.795616
                   1.085                      -21.801029
                  1.0885                      -21.813082
                   1.092                      -21.830077
                  1.0955                      -21.850008
                   1.099                      -21.870812
                  1.1025                      -21.890689
                   1.106                       -21.90833
                  1.1095                      -21.923054
                   1.113                      -21.934876
                  1.1165                      -21.944403
                    1.12                      -21.952729
                  1.1235                      -21.961227
                   1.127                      -21.971329
                  1.1305                      -21.984348
                   1.134                      -22.001284
                  1.1375                      -22.022714
                   1.141                       -22.04867
                  1.1445                      -22.078547
                   1.148                      -22.111081
                  1.1515                       -22.14439
                   1.155                       -22.17605
                  1.1585                      -22.203334
                   1.162                      -22.223351
                  1.1655                       -22.23333
                   1.169                       -22.23074
                  1.1725                      -22.213422
                   1.176                      -22.179686
                  1.1795                      -22.128456
                   1.183                      -22.059445
                  1.1865                       -21.97343
                    1.19                      -21.872552
                  1.1935                      -21.760543
                   1.197                      -21.642794
                  1.2005                      -21.526147
                   1.204                      -21.418299
                  1.2075                      -21.326871
                   1.211                      -21.258217
                  1.2145                      -21.216318
                   1.218                      -21.202041
                  1.2215                      -21.213005
                   1.225                      -21.244143
                  1.2285                       -21.28861
                   1.232                      -21.338912
                  1.2355                      -21.387887
                   1.239                      -21.429462
                  1.2425                      -21.459192
                   1.246                      -21.474535
                  1.2495                      -21.474996
                   1.253                      -21.462016
                  1.2565                      -21.438683
                    1.26                      -21.409344
                  1.2635                       -21.37909
                   1.267                      -21.353258
                  1.2705                      -21.336937
                   1.274                       -21.33452
                  1.2775                      -21.349268
                   1.281                       -21.38285
                  1.2845                      -21.434866
                   1.288                      -21.502528
                  1.2915                       -21.58059
                   1.295                      -21.661765
                  1.2985                      -21.737736
                   1.302                      -21.800509
                  1.3055                      -21.843884
                   1.309                      -21.864533
                  1.3125                      -21.862329
                   1.316                      -21.840007
                  1.3195                      -21.802255
                   1.323                      -21.754637
                  1.3265                      -21.702625
                    1.33                      -21.650925
                  1.3335                      -21.603073
                   1.337                      -21.561356
                  1.3405                      -21.526817
                   1.344                      -21.499429
                  1.3475                      -21.478304
                   1.351                      -21.461988
                  1.3545                      -21.448807
                   1.358                      -21.437216
                  1.3615                      -21.426128
                   1.365                      -21.415138
                  1.3685                      -21.404565
                   1.372                      -21.395331
                  1.3755                      -21.388751
                   1.379                      -21.386234
                  1.3825                      -21.389071
                   1.386                      -21.398298
                  1.3895                      -21.414658
                   1.393                      -21.438692
                  1.3965                      -21.470849
                     1.4                      -21.511683
                  1.4035                      -21.562018
                   1.407                       -21.62306
                  1.4105                       -21.69648
                   1.414                      -21.784328
                  1.4175                      -21.888766
                   1.421                      -22.011706
                  1.4245                      -22.154228
                   1.428                      -22.316096
                  1.4315                      -22.495324
                   1.435                      -22.687938
                  1.4385                      -22.888134
                   1.442                      -23.088662
                  1.4455                      -23.281563
                   1.449                      -23.459044
                  1.4525                      -23.614347
                   1.456                      -23.742609
                  1.4595                      -23.841444
                   1.463                      -23.911269
                  1.4665                      -23.955284
                    1.47                      -23.979059
                  1.4735                      -23.989809
                   1.477                      -23.995472
                  1.4805                      -24.003697
                   1.484                      -24.020962
                  1.4875                      -24.051884
                   1.491                       -24.09887
                  1.4945                      -24.162059
                   1.498                      -24.239546
                  1.5015                      -24.327848
                   1.505                       -24.42252
                  1.5085                      -24.518812
                   1.512                      -24.612418
                  1.5155                      -24.700014
                   1.519                      -24.779778
                  1.5225                      -24.851545
                   1.526                      -24.916748
                  1.5295                      -24.978037
                   1.533                      -25.038732
                  1.5365                      -25.102131
                    1.54                      -25.170956
                  1.5435                      -25.246842
                   1.547                      -25.330132
                  1.5505                      -25.419851
                   1.554                      -25.513893
                  1.5575                      -25.609356
                   1.561                      -25.703013
                  1.5645                      -25.791819
                   1.568                      -25.873403
                  1.5715                      -25.946452
                   1.575                      -26.010951
                  1.5785                      -26.068174
                   1.582                      -26.120404
                  1.5855                      -26.170513
                   1.589                      -26.221423
                  1.5925                      -26.275586
                   1.596                      -26.334587
                  1.5995                      -26.398911
                   1.603                        -26.4679
                  1.6065                      -26.539905
                    1.61                      -26.612537
                  1.6135                      -26.683076
                   1.617                       -26.74893
                  1.6205                      -26.808041
                   1.624                      -26.859296
                  1.6275                      -26.902737
                   1.631                      -26.939559
                  1.6345                      -26.971917
                   1.638                      -27.002508
                  1.6415                      -27.034114
                   1.645                      -27.069112
                  1.6485                      -27.109112
                   1.652                       -27.15475
                  1.6555                      -27.205631
                   1.659                      -27.260443
                  1.6625                      -27.317197
                   1.666                      -27.373568
                  1.6695                      -27.427296
                   1.673                      -27.476594
                  1.6765                      -27.520481
                    1.68                      -27.559027
                  1.6835                       -27.59335
                   1.687                      -27.625446
                  1.6905                      -27.657831
                   1.694                        -27.6931
                  1.6975                      -27.733483
                   1.701                      -27.780503
                  1.7045                      -27.834749
                   1.708                      -27.895835
                  1.7115                      -27.962459
                   1.715                      -28.032609
                  1.7185                      -28.103882
                   1.722                      -28.173823
                  1.7255                      -28.240384
                   1.729                      -28.302238
                  1.7325                      -28.359016
                   1.736                      -28.411346
                  1.7395                      -28.460581
                   1.743                      -28.508366
                  1.7465                      -28.556055
                    1.75                      -28.604086
                  1.7535                      -28.651513
                   1.757                      -28.695665
                  1.7605                      -28.732105
                   1.764                      -28.754929
                  1.7675                      -28.757453
                   1.771                      -28.733389
                  1.7745                      -28.678343
                   1.778                      -28.591349
                  1.7815                      -28.475892
                   1.785                      -28.339968
                  1.7885                      -28.194992
                   1.792                      -28.053814
                  1.7955                      -27.928679
                   1.799                      -27.829529
                  1.8025                      -27.763213
                   1.806                      -27.733381
                  1.8095                       -27.74094
                   1.813                      -27.784676
                  1.8165                      -27.861859
                    1.82                      -27.968739
                  1.8235                      -28.100774
                   1.827                        -28.2528
                  1.8305                      -28.419009
                   1.834                      -28.592954
                  1.8375                      -28.767624
                   1.841                      -28.935624
                  1.8445                      -29.089549
                   1.848                      -29.222685
                  1.8515                      -29.329702
                   1.855                      -29.407431
                  1.8585                      -29.455328
                   1.862                      -29.475542
                  1.8655                      -29.472501
                   1.869                      -29.452088
                  1.8725                       -29.42068
                   1.876                       -29.38418
                  1.8795                      -29.347314
                   1.883                      -29.313152
                  1.8865                       -29.28291
                    1.89                      -29.255996
                  1.8935                      -29.230279
                   1.897                      -29.202499
                  1.9005                      -29.168844
                   1.904                      -29.125586
                  1.9075                      -29.069794
                   1.911                      -28.999859
                  1.9145                      -28.915879
                   1.918                       -28.81971
                  1.9215                      -28.714685
                   1.925                      -28.605141
                  1.9285                      -28.495744
                   1.932                       -28.39083
                  1.9355                      -28.293863
                   1.939                      -28.207012
                  1.9425                      -28.130984
                   1.946                      -28.064989
                  1.9495                      -28.006893
                   1.953                      -27.953542
                  1.9565                      -27.901216
                    1.96                      -27.846156
                  1.9635                      -27.785157
                   1.967                      -27.716075
                  1.9705                      -27.638194
                   1.974                      -27.552367
                  1.9775                       -27.46083
                   1.981                      -27.366829
                  1.9845                       -27.27406
                   1.988                      -27.186043
                  1.9915                      -27.105623
                   1.995                      -27.034539
                  1.9985                      -26.973224
                   2.002                       -26.92076
                  2.0055                       -26.87501
                   2.009                      -26.832882
                  2.0125                      -26.790805
                   2.016                      -26.745217
                  2.0195                      -26.693137
                   2.023                      -26.632676
                  2.0265                      -26.563379
                    2.03                      -26.486296
                  2.0335                      -26.403789
                   2.037                      -26.319112
                  2.0405                       -26.23581
                   2.044                      -26.157167
                  2.0475                       -26.08567
                   2.051                      -26.022688
                  2.0545                       -25.96825
                   2.058                      -25.921099
                  2.0615                      -25.878817
                   2.065                      -25.838159
                  2.0685                      -25.795559
                   2.072                      -25.747659
                  2.0755                        -25.6919
                   2.079                         -25.627
                  2.0825                      -25.553208
                   2.086                       -25.47226
                  2.0895                      -25.387066
                   2.093                      -25.301191
                  2.0965                      -25.218233
                     2.1                      -25.141278
                  2.1035                      -25.072426
                   2.107                      -25.012512
                  2.1105                      -24.960981
                   2.114                      -24.915961
                  2.1175                      -24.874509
                   2.121                         -24.833
                  2.1245                       -24.78773
                   2.128                      -24.735543
                  2.1315                      -24.674423
                   2.135                      -24.603925
                  2.1385                      -24.525296
                   2.142                      -24.441257
                  2.1455                      -24.355534
                   2.149                      -24.272233
                  2.1525                      -24.195167
                   2.156                      -24.127335
                  2.1595                      -24.070478
                   2.163                      -24.024833
                  2.1665                      -23.989067
                    2.17                      -23.960429
                  2.1735                      -23.935106
                   2.177                      -23.908787
                  2.1805                      -23.877466
                   2.184                      -23.838183
                  2.1875                      -23.789715
                   2.191                       -23.73292
                  2.1945                      -23.670683
                   2.198                      -23.607451
                  2.2015                      -23.548539
                   2.205                      -23.499322
                  2.2085                      -23.464441
                   2.212                      -23.447125
                  2.2155                      -23.448652
                   2.219                      -23.467947
                  2.2225                      -23.501431
                   2.226                      -23.543119
                  2.2295                      -23.585148
                   2.233                      -23.618769
                  2.2365                      -23.635679
                    2.24                      -23.629541
                  2.2435                      -23.597189
                   2.247                      -23.539208
                  2.2505                      -23.459654
                   2.254                      -23.365068
                  2.2575                      -23.263126
                   2.261                      -23.161268
                  2.2645                      -23.065643
                   2.268                      -22.980489
                  2.2715                       -22.90791
                   2.275                      -22.848106
                  2.2785                      -22.799822
                   2.282                      -22.761107
                  2.2855                      -22.730063
                   2.289                      -22.705577
                  2.2925                      -22.687797
                   2.296                      -22.678361
                  2.2995                      -22.680298
                   2.303                      -22.697588
                  2.3065                      -22.734568
                    2.31                      -22.795157
                  2.3135                       -22.88206
                   2.317                      -22.996041
                  2.3205                      -23.135411
                   2.324                       -23.29581
                  2.3275                      -23.470558
                   2.331                      -23.651462
                  2.3345                      -23.830308
                   2.338                      -24.000439
                  2.3415                      -24.158275
                   2.345                      -24.304267
                  2.3485                      -24.442868
                   2.352                      -24.581653
                  2.3555                      -24.729658
                   2.359                      -24.895384
                  2.3625                      -25.084633
                   2.366                      -25.298438
                  2.3695                      -25.531271
                   2.373                      -25.769751
                  2.3765                      -25.992769
                    2.38                      -26.173586
                  2.3835                      -26.284638
                   2.387                      -26.304277
                  2.3905                      -26.223079
                   2.394                      -26.046575
                  2.3975                      -25.793111
                   2.401                      -25.488188
                  2.4045                      -25.158611
                   2.408                      -24.828269
                  2.4115                      -24.516421
                   2.415                      -24.237273
                  2.4185                      -24.000531
                   2.422                      -23.812022
                  2.4255                      -23.674246
                   2.429                      -23.587009
                  2.4325                      -23.547683
                   2.436                      -23.551744
                  2.4395                       -23.59332
                   2.443                      -23.665849
                  2.4465                      -23.762878
                    2.45                      -23.878749
                  2.4535                      -24.009177
                   2.457                      -24.151557
                  2.4605                      -24.304871
                   2.464                      -24.469349
                  2.4675                      -24.645776
                   2.471                      -24.834839
                  2.4745                      -25.036441
                   2.478                      -25.249208
                  2.4815                      -25.470401
                   2.485                      -25.695972
                  2.4885                      -25.921182
                   2.492                      -26.141348
                  2.4955                      -26.352754
                   2.499                      -26.553468
                  2.5025                      -26.743855
                   2.506                      -26.926628
                  2.5095                      -27.106432
                   2.513                      -27.289042
                  2.5165                      -27.480359
                    2.52                      -27.685387
                  2.5235                      -27.907383
                   2.527                      -28.147278
                  2.5305                      -28.403489
                   2.534                      -28.672061
                  2.5375                      -28.947341
                   2.541                      -29.222794
                  2.5445                      -29.492337
                   2.548                      -29.751551
                  2.5515                      -29.998665
                   2.555                       -30.23503
                  2.5585                      -30.464921
                   2.562                      -30.694626
                  2.5655                      -30.931106
                   2.569                      -31.180555
                  2.5725                      -31.446979
                   2.576                      -31.731191
                  2.5795                      -32.030112
                   2.583                      -32.336774
                  2.5865                      -32.640939
                    2.59                      -32.930498
                  2.5935                      -33.193694
                   2.597                      -33.421524
                  2.6005                      -33.610086
                   2.604                      -33.761688
                  2.6075                      -33.884464
                   2.611                      -33.990619
                  2.6145                       -34.09389
                   2.618                      -34.207035
                  2.6215                      -34.339863
                   2.625                      -34.497953
                  2.6285                      -34.682122
                   2.632                      -34.888504
                  2.6355                      -35.109237
                   2.639                       -35.33372
                  2.6425                      -35.550521
                   2.646                      -35.749641
                  2.6495                      -35.924742
                   2.653                      -36.074666
                  2.6565                      -36.203786
                    2.66                      -36.321001
                  2.6635                      -36.437786
                   2.667                      -36.565895
                  2.6705                      -36.715348
                   2.674                      -36.892956
                  2.6775                      -37.101465
                   2.681                      -37.339373
                  2.6845                      -37.601211
                   2.688                      -37.878499
                  2.6915                      -38.161067
                   2.695                      -38.438968
                  2.6985                      -38.704444
                   2.702                      -38.953713
                  2.7055                      -39.187817
                   2.709                      -39.412483
                  2.7125                      -39.636741
                   2.716                      -39.871066
                  2.7195                      -40.125222
                   2.723                      -40.406491
                  2.7265                      -40.718416
                    2.73                      -41.060066
                  2.7335                      -41.425997
                   2.737                      -41.806939
                  2.7405                      -42.191257
                   2.744                      -42.567252
                  2.7475                      -42.925963
                   2.751                      -43.263913
                  2.7545                      -43.584744
                   2.758                      -43.899185
                  2.7615                      -44.223618
                   2.765                      -44.577582
                  2.7685                      -44.981402
                   2.772                      -45.454422
                  2.7755                      -46.014034
                   2.779                      -46.675583
                  2.7825                       -47.45278
                   2.786                      -48.358379
                  2.7895                      -49.405024
                   2.793                      -50.605813
                  2.7965                      -51.973459
                     2.8                      -53.515698
                  2.8035                      -55.217107
                   2.807                      -56.986541
                  2.8105                      -58.538979
                   2.814                      -59.323419
                  2.8175                      -58.947806
                   2.821                      -57.728316
                  2.8245                      -56.231123
                   2.828                      -54.771952
                  2.8315                      -53.453897
                   2.835                      -52.292115
                  2.8385                      -51.273603
                   2.842                       -50.37779
                  2.8455                      -49.583377
                   2.849                      -48.870139
                  2.8525                      -48.219411
                   2.856                      -47.615407
                  2.8595                      -47.045582
                   2.863                       -46.50135
                  2.8665                      -45.978442
                    2.87                       -45.47632
                  2.8735                      -44.997159
                   2.877                       -44.54445
                  2.8805                      -44.121575
                   2.884                      -43.730432
                  2.8875                      -43.370677
                   2.891                      -43.039325
                  2.8945                      -42.730777
                   2.898                      -42.437435
                  2.9015                      -42.150778
                   2.905                       -41.86281
                  2.9085                      -41.567557
                   2.912                      -41.262343
                  2.9155                      -40.948429
                   2.919                      -40.630706
                  2.9225                      -40.316565
                   2.926                      -40.014362
                  2.9295                      -39.731761
                   2.933                      -39.474404
                  2.9365                      -39.244967
                    2.94                      -39.042681
                  2.9435                      -38.863326
                   2.947                      -38.699644
                  2.9505                      -38.542179
                   2.954                      -38.380781
                  2.9575                      -38.206266
                   2.961                      -38.012442
                  2.9645                      -37.797378
                   2.968                      -37.563917
                  2.9715                      -37.318963
                   2.975                       -37.07198
                  2.9785                      -36.832921
                   2.982                      -36.610508
                  2.9855                      -36.410789
                   2.989                      -36.236412
                  2.9925                      -36.086263
                   2.996                      -35.955728
                  2.9995                      -35.837303
                   3.003                      -35.721815
                  3.0065                       -35.59996
                    3.01                      -35.464221
                  3.0135                      -35.310585
                   3.017                      -35.139623
                  3.0205                       -34.95645
                   3.024                      -34.769753
                  3.0275                      -34.589996
                   3.031                      -34.427556
                  3.0345                       -34.29096
                   3.038                      -34.185717
                  3.0415                      -34.113534
                   3.045                      -34.071879
                  3.0485                      -34.054093
                   3.052                      -34.049827
                  3.0555                      -34.046305
                   3.059                      -34.030269
                  3.0625                      -33.990539
                   3.066                      -33.920559
                  3.0695                      -33.820137
                   3.073                      -33.695625
                  3.0765                      -33.558356
                    3.08                      -33.422154
                  3.0835                       -33.30057
                   3.087                      -33.204678
                  3.0905                      -33.141488
                   3.094                       -33.11319
                  3.0975                      -33.116767
                   3.101                      -33.144185
                  3.1045                      -33.183225
                   3.108                      -33.219134
                  3.1115                      -33.237182
                   3.115                      -33.225839
                  3.1185                      -33.179642
                   3.122                      -33.100774
                  3.1255                      -32.998602
                   3.129                      -32.887323
                  3.1325                      -32.782828
                   3.136                      -32.699692
                  3.1395                      -32.648975
                   3.143                      -32.636838
                  3.1465                      -32.663909
                    3.15                      -32.725165
                  3.1535                      -32.810368
                   3.157                      -32.905125
                  3.1605                      -32.993104
                   3.164                      -33.059045
                  3.1675                      -33.092328
                   3.171                      -33.089849
                  3.1745                      -33.057027
                   3.178                      -33.006626
                  3.1815                      -32.955766
                   3.185                      -32.922421
                  3.1885                      -32.922496
                   3.192                      -32.967758
                  3.1955                       -33.06476
                   3.199                      -33.214169
                  3.2025                      -33.410498
                   3.206                      -33.642229
                  3.2095                      -33.892372
                   3.213                      -34.140139
                  3.2165                      -34.364277
                    3.22                      -34.547393
                  3.2235                      -34.680524
                   3.227                      -34.765761
                  3.2305                      -34.815695
                   3.234                      -34.849917
                  3.2375                      -34.890162
                   3.241                      -34.955967
                  3.2445                      -35.061647
                   3.248                      -35.214614
                  3.2515                      -35.414483
                   3.255                      -35.652858
                  3.2585                      -35.913513
                   3.262                      -36.173923
                  3.2655                      -36.408423
                   3.269                      -36.593609
                  3.2725                      -36.714799
                   3.276                      -36.770879
                  3.2795                      -36.774866
                   3.283                       -36.75009
                  3.2865                      -36.723808
                    3.29                      -36.721393
                  3.2935                      -36.762433
                   3.297                       -36.85878
                  3.3005                      -37.013886
                   3.304                        -37.2225
                  3.3075                      -37.470676
                   3.311                      -37.736428
                  3.3145                      -37.991816
                   3.318                      -38.207621
                  3.3215                      -38.360251
                   3.325                      -38.438975
                  3.3285                      -38.449813
                   3.332                      -38.413659
                  3.3355                       -38.35986
                   3.339                      -38.318749
                  3.3425                      -38.316054
                   3.346                      -38.369918
                  3.3495                      -38.489778
                   3.353                      -38.676044
                  3.3565                      -38.919935
                    3.36                       -39.20325
                  3.3635                      -39.499058
                   3.367                      -39.774311
                  3.3705                      -39.995827
                   3.374                      -40.139074
                  3.3775                      -40.196446
                   3.381                      -40.180307
                  3.3845                      -40.118711
                   3.388                      -40.046611
                  3.3915                      -39.997305
                   3.395                      -39.997092
                  3.3985                      -40.062977
                   3.402                      -40.202072
                  3.4055                      -40.411463
                   3.409                      -40.677878
                  3.4125                       -40.97751
                   3.416                      -41.276879
                  3.4195                      -41.537059
                   3.423                      -41.722098
                  3.4265                      -41.810281
                    3.43                      -41.802458
                  3.4335                      -41.721898
                   3.437                      -41.605862
                  3.4405                      -41.494371
                   3.444                      -41.421733
                  3.4475                      -41.412495
                   3.451                      -41.480441
                  3.4545                      -41.628717
                   3.458                      -41.849785
                  3.4615                      -42.124863
                   3.465                       -42.42373
                  3.4685                       -42.70659
                   3.472                      -42.930095
                  3.4755                      -43.058739
                   3.479                      -43.077394
                  3.4825                      -42.997679
                   3.486                      -42.853195
                  3.4895                       -42.68746
                   3.493                      -42.542013
                  3.4965                      -42.449317
                     3.5                      -42.430453
