Frequency    S1,1_[7]

                       0                 -1.0423068e-006
                  0.0035                  2.0016642e-007
                   0.007                   3.203567e-007
                  0.0105                 -8.4832531e-007
                   0.014                  -4.633382e-006
                  0.0175                 -1.1710322e-005
                   0.021                 -2.1466338e-005
                  0.0245                 -3.1798597e-005
                   0.028                 -3.9466298e-005
                  0.0315                 -4.1033256e-005
                   0.035                  -3.412418e-005
                  0.0385                 -1.8638032e-005
                   0.042                  2.4379436e-006
                  0.0455                  2.3095637e-005
                   0.049                  3.5210166e-005
                  0.0525                  3.0345022e-005
                   0.056                  2.1243589e-006
                  0.0595                 -5.1626488e-005
                   0.063                  -0.00012713126
                  0.0665                  -0.00021444739
                    0.07                  -0.00029871759
                  0.0735                  -0.00036294256
                   0.077                  -0.00039198504
                  0.0805                  -0.00037689064
                   0.084                   -0.0003180388
                  0.0875                   -0.0002269909
                   0.091                  -0.00012552696
                  0.0945                 -4.2267113e-005
                   0.098                 -7.2565959e-006
                  0.1015                 -4.5083472e-005
                   0.105                  -0.00016875894
                  0.1085                   -0.0003748662
                   0.112                  -0.00064178428
                  0.1155                  -0.00093219875
                   0.119                   -0.0011990891
                  0.1225                   -0.0013951333
                   0.126                   -0.0014836283
                  0.1295                   -0.0014476598
                   0.133                   -0.0012964177
                  0.1365                   -0.0010665292
                    0.14                  -0.00081630508
                  0.1435                  -0.00061636567
                   0.147                  -0.00053551792
                  0.1505                  -0.00062554535
                   0.154                  -0.00090933341
                  0.1575                   -0.0013722353
                   0.161                   -0.0019617897
                  0.1645                   -0.0025948012
                   0.168                    -0.003171816
                  0.1715                   -0.0035977931
                   0.175                    -0.003801802
                  0.1785                   -0.0037548253
                   0.182                   -0.0034789317
                  0.1855                   -0.0030464649
                   0.189                   -0.0025685467
                  0.1925                   -0.0021743599
                   0.196                   -0.0019866606
                  0.1995                   -0.0020951615
                   0.203                   -0.0025374856
                  0.2065                   -0.0032870005
                    0.21                   -0.0042536313
                  0.2135                   -0.0052986373
                   0.217                   -0.0062590364
                  0.2205                     -0.00698026
                   0.224                   -0.0073482852
                  0.2275                    -0.007315959
                   0.231                   -0.0069146621
                  0.2345                   -0.0062523526
                   0.238                   -0.0054946557
                  0.2415                   -0.0048333514
                   0.245                    -0.004450605
                  0.2485                   -0.0044828142
                   0.252                   -0.0049908782
                  0.2555                   -0.0059467013
                   0.259                    -0.007232709
                  0.2625                   -0.0086629517
                   0.266                    -0.010014166
                  0.2695                    -0.011071563
                   0.273                    -0.011670381
                  0.2765                    -0.011732238
                    0.28                    -0.011282251
                  0.2835                    -0.010447689
                   0.287                   -0.0094342317
                  0.2905                   -0.0084896981
                   0.294                   -0.0078565227
                  0.2975                   -0.0077263664
                   0.301                   -0.0082023454
                  0.3045                    -0.009276965
                   0.308                    -0.010829032
                  0.3115                    -0.012642332
                   0.315                    -0.014443384
                  0.3185                    -0.015953617
                   0.322                     -0.01694336
                  0.3255                    -0.017279591
                   0.329                    -0.016954794
                  0.3325                    -0.016090625
                   0.336                    -0.014917442
                  0.3395                    -0.013733774
                   0.343                     -0.01285058
                  0.3465                    -0.012536437
                    0.35                     -0.01296613
                  0.3535                     -0.01418526
                   0.357                    -0.016096796
                  0.3605                    -0.018472086
                   0.364                    -0.020988312
                  0.3675                    -0.023285113
                   0.371                    -0.025036121
                  0.3745                    -0.026014222
                   0.378                     -0.02613945
                  0.3815                    -0.025500528
                   0.385                    -0.024341709
                  0.3885                    -0.023022147
                   0.392                    -0.021952816
                  0.3955                     -0.02152616
                   0.399                    -0.022046468
                  0.4025                    -0.023670191
                   0.406                    -0.026370184
                  0.4095                    -0.029925615
                   0.413                    -0.033951386
                  0.4165                    -0.037959189
                    0.42                    -0.041449818
                  0.4235                    -0.044014174
                   0.427                    -0.045422056
                  0.4305                    -0.045677627
                   0.434                    -0.045030295
                  0.4375                    -0.043939086
                   0.441                    -0.043002114
                  0.4445                    -0.042862618
                   0.448                    -0.044104558
                  0.4515                    -0.047152334
                   0.455                    -0.052178149
                  0.4585                    -0.059043171
                   0.462                    -0.067282402
                  0.4655                    -0.076159967
                   0.469                     -0.08479205
                  0.4725                    -0.092329222
                   0.476                    -0.098148508
                  0.4795                     -0.10201282
                   0.483                     -0.10415486
                  0.4865                     -0.10527362
                    0.49                     -0.10646063
                  0.4935                     -0.10907395
                   0.497                     -0.11457516
                  0.5005                     -0.12433561
                   0.504                     -0.13939815
                  0.5075                     -0.16021002
                   0.511                     -0.18637336
                  0.5145                     -0.21652074
                   0.518                     -0.24845035
                  0.5215                     -0.27958696
                   0.525                     -0.30768164
                  0.5285                     -0.33154057
                   0.532                     -0.35153385
                  0.5355                     -0.36981577
                   0.539                      -0.3903339
                  0.5425                     -0.41880465
                   0.546                     -0.46263948
                  0.5495                      -0.5305029
                   0.553                      -0.6305571
                  0.5565                     -0.76609277
                    0.56                     -0.92856276
                  0.5635                      -1.0932622
                   0.567                      -1.2271625
                  0.5705                      -1.3081969
                   0.574                      -1.3372634
                  0.5775                      -1.3315718
                   0.581                      -1.3106818
                  0.5845                      -1.2881405
                   0.588                       -1.269927
                  0.5915                      -1.2562125
                   0.595                      -1.2443013
                  0.5985                      -1.2319519
                   0.602                      -1.2201699
                  0.6055                      -1.2144586
                   0.609                      -1.2244037
                  0.6125                       -1.262532
                   0.616                      -1.3434033
                  0.6195                      -1.4828794
                   0.623                      -1.6964214
                  0.6265                      -1.9947117
                    0.63                      -2.3757352
                  0.6335                      -2.8157706
                   0.637                      -3.2671976
                  0.6405                      -3.6719007
                   0.644                       -3.986862
                  0.6475                       -4.202539
                   0.651                      -4.3397935
                  0.6545                      -4.4326635
                   0.658                      -4.5126962
                  0.6615                      -4.6013253
                   0.665                      -4.7080332
                  0.6685                      -4.8308982
                   0.672                      -4.9582363
                  0.6755                      -5.0721291
                   0.679                      -5.1544769
                  0.6825                       -5.194096
                   0.686                      -5.1913108
                  0.6895                      -5.1573172
                   0.693                      -5.1093502
                  0.6965                       -5.065104
                     0.7                      -5.0390727
                  0.7035                      -5.0411915
                   0.707                      -5.0768655
                  0.7105                      -5.1474283
                   0.714                      -5.2504284
                  0.7175                      -5.3799107
                   0.721                      -5.5269138
                  0.7245                      -5.6807303
                   0.728                      -5.8311349
                  0.7315                      -5.9710723
                   0.735                      -6.0988347
                  0.7385                      -6.2185848
                   0.742                      -6.3390887
                  0.7455                      -6.4713038
                   0.749                      -6.6259137
                  0.7525                      -6.8112744
                   0.756                      -7.0319934
                  0.7595                      -7.2877406
                   0.763                      -7.5723074
                  0.7665                      -7.8731356
                    0.77                       -8.172158
                  0.7735                      -8.4487955
                   0.777                      -8.6850816
                  0.7805                      -8.8713012
                   0.784                      -9.0090985
                  0.7875                      -9.1100312
                   0.791                       -9.190342
                  0.7945                      -9.2649195
                   0.798                      -9.3424506
                  0.8015                      -9.4230237
                   0.805                      -9.4979061
                  0.8085                      -9.5513391
                   0.812                      -9.5645191
                  0.8155                      -9.5214634
                   0.819                      -9.4148565
                  0.8225                      -9.2495287
                   0.826                      -9.0411178
                  0.8295                      -8.8109268
                   0.833                      -8.5799198
                  0.8365                      -8.3641157
                    0.84                       -8.172442
                  0.8435                      -8.0069153
                   0.847                      -7.8637885
                  0.8505                      -7.7356039
                   0.854                      -7.6131996
                  0.8575                      -7.4879248
                   0.861                      -7.3535931
                  0.8645                      -7.2077654
                   0.868                      -7.0521323
                  0.8715                      -6.8918663
                   0.875                      -6.7340903
                  0.8785                      -6.5861815
                   0.882                       -6.454186
                  0.8855                      -6.3417887
                   0.889                      -6.2498874
                  0.8925                      -6.1767322
                   0.896                      -6.1183701
                  0.8995                      -6.0695099
                   0.903                      -6.0243824
                  0.9065                      -5.9777208
                    0.91                      -5.9256352
                  0.9135                      -5.8661658
                   0.917                        -5.79942
                  0.9205                      -5.7273948
                   0.924                      -5.6532691
                  0.9275                      -5.5806049
                   0.931                      -5.5125558
                  0.9345                       -5.451181
                   0.938                      -5.3970885
                  0.9415                      -5.3493214
                   0.945                      -5.3055647
                  0.9485                      -5.2625578
                   0.952                       -5.216693
                  0.9555                      -5.1645267
                   0.959                      -5.1033956
                  0.9625                        -5.03171
                   0.966                      -4.9491865
                  0.9695                      -4.8567371
                   0.973                      -4.7563693
                  0.9765                      -4.6509285
                    0.98                      -4.5439125
                  0.9835                      -4.4393478
                   0.987                      -4.3417261
                  0.9905                      -4.2558923
                   0.994                      -4.1867898
                  0.9975                      -4.1389534
                   1.001                      -4.1158129
                  1.0045                      -4.1189682
                   1.008                      -4.1476719
                  1.0115                      -4.1986047
                   1.015                       -4.265975
                  1.0185                      -4.3419184
                   1.022                      -4.4173129
                  1.0255                      -4.4830365
                   1.029                      -4.5315111
                  1.0325                      -4.5580894
                   1.036                      -4.5616665
                  1.0395                      -4.5443296
                   1.043                      -4.5102143
                  1.0465                      -4.4640981
                    1.05                      -4.4102077
                  1.0535                      -4.3515126
                   1.057                      -4.2894634
                  1.0605                      -4.2241352
                   1.064                      -4.1545822
                  1.0675                      -4.0793502
                   1.071                      -3.9970199
                  1.0745                      -3.9067029
                   1.078                      -3.8084035
                  1.0815                      -3.7031752
                   1.085                      -3.5930445
                  1.0885                      -3.4807435
                   1.092                      -3.3692838
                  1.0955                      -3.2615082
                   1.099                      -3.1597135
                  1.1025                      -3.0653808
                   1.106                      -2.9790503
                  1.1095                       -2.900343
                   1.113                       -2.828083
                  1.1165                      -2.7605126
                    1.12                      -2.6955526
                  1.1235                      -2.6311115
                   1.127                      -2.5654173
                  1.1305                      -2.4973331
                   1.134                        -2.42663
                  1.1375                      -2.3541252
                   1.141                      -2.2816498
                  1.1445                      -2.2118236
                   1.148                      -2.1476737
                  1.1515                      -2.0921984
                   1.155                      -2.0479804
                  1.1585                      -2.0169384
                   1.162                       -2.000209
                  1.1655                      -1.9981602
                   1.169                      -2.0104506
                  1.1725                      -2.0360513
                   1.176                        -2.07322
                  1.1795                      -2.1193524
                   1.183                       -2.170703
                  1.1865                      -2.2220811
                    1.19                      -2.2665585
                  1.1935                      -2.2955987
                   1.197                      -2.2998709
                  1.2005                      -2.2710749
                   1.204                       -2.204608
                  1.2075                       -2.101928
                   1.211                      -1.9711694
                  1.2145                      -1.8251588
                   1.218                      -1.6778086
                  1.2215                       -1.540652
                   1.225                      -1.4210373
                  1.2285                      -1.3220967
                   1.232                      -1.2436848
                  1.2355                       -1.183614
                   1.239                      -1.1386788
                  1.2425                      -1.1053388
                   1.246                      -1.0801401
                  1.2495                      -1.0599499
                   1.253                      -1.0421187
                  1.2565                      -1.0246007
                    1.26                      -1.0060464
                  1.2635                     -0.98584709
                   1.267                     -0.96408307
                  1.2705                     -0.94137762
                   1.274                     -0.91866669
                  1.2775                     -0.89693953
                   1.281                     -0.87702201
                  1.2845                     -0.85944303
                   1.288                     -0.84438435
                  1.2915                     -0.83170897
                   1.295                      -0.8210262
                  1.2985                     -0.81177325
                   1.302                     -0.80330641
                  1.3055                     -0.79499162
                   1.309                     -0.78629492
                  1.3125                     -0.77685848
                   1.316                     -0.76655395
                  1.3195                     -0.75549329
                   1.323                     -0.74399767
                  1.3265                     -0.73252232
                    1.33                     -0.72156195
                  1.3335                     -0.71155335
                   1.337                     -0.70280392
                  1.3405                     -0.69544751
                   1.344                     -0.68943837
                  1.3475                     -0.68457536
                   1.351                     -0.68054127
                  1.3545                     -0.67695976
                   1.358                     -0.67345225
                  1.3615                     -0.66969445
                   1.365                     -0.66546433
                  1.3685                     -0.66067181
                   1.372                     -0.65536686
                  1.3755                     -0.64972409
                   1.379                     -0.64400007
                  1.3825                     -0.63848318
                   1.386                     -0.63343534
                  1.3895                     -0.62904615
                   1.393                     -0.62540169
                  1.3965                     -0.62247239
                     1.4                     -0.62011755
                  1.4035                     -0.61810808
                   1.407                     -0.61615758
                  1.4105                     -0.61396448
                   1.414                     -0.61125565
                  1.4175                     -0.60783226
                   1.421                     -0.60360585
                  1.4245                     -0.59861596
                   1.428                     -0.59302741
                  1.4315                     -0.58710326
                   1.435                     -0.58115809
                  1.4385                     -0.57550698
                   1.442                     -0.57041665
                  1.4455                     -0.56607249
                   1.449                     -0.56255974
                  1.4525                     -0.55986538
                   1.456                     -0.55788928
                  1.4595                     -0.55646765
                   1.463                      -0.5554005
                  1.4665                     -0.55448016
                    1.47                     -0.55351985
                  1.4735                      -0.5523769
                   1.477                     -0.55097321
                  1.4805                     -0.54929902
                   1.484                     -0.54741455
                  1.4875                     -0.54543322
                   1.491                     -0.54350018
                  1.4945                     -0.54176257
                   1.498                     -0.54034349
                  1.5015                     -0.53932006
                   1.505                     -0.53870976
                  1.5085                     -0.53846902
                   1.512                      -0.5385035
                  1.5155                     -0.53868298
                   1.519                     -0.53886609
                  1.5225                     -0.53892707
                   1.526                     -0.53877628
                  1.5295                     -0.53837999
                   1.533                     -0.53776716
                  1.5365                     -0.53702294
                    1.54                     -0.53627738
                  1.5435                     -0.53567996
                   1.547                     -0.53537567
                  1.5505                     -0.53548104
                   1.554                     -0.53606361
                  1.5575                     -0.53713347
                   1.561                      -0.5386412
                  1.5645                     -0.54048478
                   1.568                     -0.54252864
                  1.5715                     -0.54462481
                   1.575                     -0.54663997
                  1.5785                     -0.54848144
                   1.582                     -0.55011228
                  1.5855                      -0.5515624
                   1.589                      -0.5529237
                  1.5925                     -0.55433411
                   1.596                     -0.55595528
                  1.5995                     -0.55794363
                   1.603                     -0.56042507
                  1.6065                     -0.56347555
                    1.61                     -0.56710366
                  1.6135                     -0.57125212
                   1.617                      -0.5758048
                  1.6205                     -0.58060173
                   1.624                     -0.58547203
                  1.6275                     -0.59025909
                   1.631                     -0.59485437
                  1.6345                     -0.59922187
                   1.638                     -0.60340302
                  1.6415                     -0.60751734
                   1.645                     -0.61174039
                  1.6485                     -0.61627105
                   1.652                     -0.62130329
                  1.6555                     -0.62698726
                   1.659                     -0.63340354
                  1.6625                     -0.64054912
                   1.666                     -0.64832777
                  1.6695                     -0.65656736
                   1.673                     -0.66504225
                  1.6765                     -0.67351264
                    1.68                     -0.68177451
                  1.6835                     -0.68969838
                   1.687                     -0.69726187
                  1.6905                     -0.70456189
                   1.694                      -0.7117947
                  1.6975                     -0.71922918
                   1.701                     -0.72715249
                  1.7045                     -0.73581923
                   1.708                       -0.745405
                  1.7115                     -0.75596422
                   1.715                     -0.76740919
                  1.7185                     -0.77951461
                   1.722                     -0.79193563
                  1.7255                     -0.80427299
                   1.729                     -0.81614062
                  1.7325                      -0.8272473
                   1.736                     -0.83747185
                  1.7395                     -0.84688918
                   1.743                     -0.85576369
                  1.7465                     -0.86449152
                    1.75                     -0.87350282
                  1.7535                     -0.88315748
                   1.757                     -0.89362258
                  1.7605                     -0.90475867
                   1.764                     -0.91604251
                  1.7675                     -0.92651511
                   1.771                     -0.93482978
                  1.7745                     -0.93941396
                   1.778                     -0.93875239
                  1.7815                     -0.93176254
                   1.785                     -0.91811365
                  1.7885                     -0.89837401
                   1.792                     -0.87389838
                  1.7955                     -0.84651328
                   1.799                     -0.81813026
                  1.8025                     -0.79043472
                   1.806                     -0.76471153
                  1.8095                     -0.74180177
                   1.813                     -0.72215317
                  1.8165                     -0.70590189
                    1.82                      -0.6929557
                  1.8235                     -0.68306445
                   1.827                      -0.6758677
                  1.8305                     -0.67092857
                   1.834                     -0.66775359
                  1.8375                     -0.66581571
                   1.841                     -0.66457015
                  1.8445                     -0.66347841
                   1.848                     -0.66203935
                  1.8515                     -0.65981502
                   1.855                     -0.65646029
                  1.8585                     -0.65173964
                   1.862                     -0.64553397
                  1.8655                     -0.63783439
                   1.869                     -0.62872013
                  1.8725                     -0.61833206
                   1.876                     -0.60684215
                  1.8795                     -0.59442618
                   1.883                      -0.5812424
                  1.8865                     -0.56741951
                    1.89                     -0.55305055
                  1.8935                     -0.53819596
                   1.897                     -0.52288953
                  1.9005                     -0.50715059
                   1.904                      -0.4909944
                  1.9075                     -0.47444541
                   1.911                     -0.45754522
                  1.9145                     -0.44035847
                   1.918                     -0.42297362
                  1.9215                     -0.40549743
                   1.925                      -0.3880475
                  1.9285                     -0.37074215
                   1.932                     -0.35368802
                  1.9355                     -0.33697304
                   1.939                     -0.32065998
                  1.9425                     -0.30478643
                   1.946                     -0.28936878
                  1.9495                     -0.27440779
                   1.953                     -0.25989912
                  1.9565                     -0.24584266
                    1.96                      -0.2322489
                  1.9635                     -0.21914481
                   1.967                     -0.20657324
                  1.9705                      -0.1945903
                   1.974                     -0.18325907
                  1.9775                     -0.17264082
                   1.981                     -0.16278901
                  1.9845                     -0.15374499
                   1.988                      -0.1455363
                  1.9915                     -0.13818098
                   1.995                     -0.13169215
                  1.9985                     -0.12608547
                   2.002                     -0.12138487
                  2.0055                     -0.11762577
                   2.009                     -0.11485465
                  2.0125                     -0.11312718
                   2.016                     -0.11250094
                  2.0195                     -0.11302877
                   2.023                     -0.11475388
                  2.0265                     -0.11770702
                    2.03                     -0.12190796
                  2.0335                     -0.12737067
                   2.037                     -0.13411056
                  2.0405                     -0.14215064
                   2.044                     -0.15152521
                  2.0475                     -0.16227861
                   2.051                     -0.17445891
                  2.0545                     -0.18810771
                   2.058                     -0.20324963
                  2.0615                     -0.21988227
                   2.065                     -0.23797155
                  2.0685                     -0.25745671
                   2.072                      -0.2782601
                  2.0755                     -0.30030415
                   2.079                     -0.32352799
                  2.0825                     -0.34790018
                   2.086                     -0.37342061
                  2.0895                     -0.40011154
                   2.093                     -0.42799936
                  2.0965                     -0.45708973
                     2.1                     -0.48734326
                  2.1035                     -0.51865818
                   2.107                     -0.55086709
                  2.1105                     -0.58374836
                   2.114                     -0.61705655
                  2.1175                     -0.65055995
                   2.121                      -0.6840795
                  2.1245                     -0.71752028
                   2.128                     -0.75087649
                  2.1315                     -0.78421815
                   2.135                     -0.81765608
                  2.1385                     -0.85129252
                   2.142                     -0.88517275
                  2.1455                     -0.91924789
                   2.149                     -0.95335766
                  2.1525                     -0.98723983
                   2.156                      -1.0205686
                  2.1595                      -1.0530109
                   2.163                      -1.0842943
                  2.1665                      -1.1142615
                    2.17                       -1.142908
                  2.1735                      -1.1703826
                   2.177                      -1.1969476
                  2.1805                       -1.222919
                   2.184                      -1.2485916
                  2.1875                       -1.274165
                   2.191                      -1.2996959
                  2.1945                      -1.3250735
                   2.198                      -1.3500348
                  2.2015                       -1.374213
                   2.205                      -1.3972123
                  2.2085                      -1.4186942
                   2.212                      -1.4384547
                  2.2155                       -1.456474
                   2.219                      -1.4729318
                  2.2225                      -1.4881679
                   2.226                      -1.5026282
                  2.2295                      -1.5167766
                   2.233                      -1.5310042
                  2.2365                      -1.5455618
                    2.24                      -1.5605231
                  2.2435                      -1.5757689
                   2.247                      -1.5910339
                  2.2505                      -1.6059632
                   2.254                      -1.6202007
                  2.2575                      -1.6334815
                   2.261                      -1.6457018
                  2.2645                      -1.6569664
                   2.268                      -1.6675745
                  2.2715                      -1.6779765
                   2.275                      -1.6886855
                  2.2785                      -1.7001693
                   2.282                      -1.7127582
                  2.2855                      -1.7265699
                   2.289                      -1.7414644
                  2.2925                        -1.75707
                   2.296                       -1.772834
                  2.2995                      -1.7881281
                   2.303                      -1.8023668
                  2.3065                        -1.81513
                    2.31                      -1.8262498
                  2.3135                      -1.8358541
                   2.317                      -1.8443706
                  2.3205                      -1.8524457
                   2.324                      -1.8608301
                  2.3275                      -1.8702577
                   2.331                      -1.8813066
                  2.3345                      -1.8942871
                   2.338                      -1.9091926
                  2.3415                      -1.9257046
                   2.345                      -1.9432468
                  2.3485                       -1.961122
                   2.352                      -1.9786596
                  2.3555                      -1.9954024
                   2.359                      -2.0112441
                  2.3625                      -2.0265214
                   2.366                      -2.0420321
                  2.3695                      -2.0589613
                   2.373                      -2.0787579
                  2.3765                      -2.1029159
                    2.38                      -2.1327692
                  2.3835                      -2.1692643
                   2.387                      -2.2127796
                  2.3905                      -2.2630031
                   2.394                      -2.3188982
                  2.3975                       -2.378766
                   2.401                      -2.4404119
                  2.4045                      -2.5013866
                   2.408                      -2.5592755
                  2.4115                      -2.6119943
                   2.415                      -2.6580285
                  2.4185                      -2.6965875
                   2.422                      -2.7276411
                  2.4255                      -2.7518274
                   2.429                      -2.7702934
                  2.4325                      -2.7844401
                   2.436                      -2.7956854
                  2.4395                      -2.8052498
                   2.443                      -2.8140093
                  2.4465                      -2.8224304
                    2.45                      -2.8306088
                  2.4535                      -2.8383787
                   2.457                      -2.8454481
                  2.4605                       -2.851581
                   2.464                      -2.8567181
                  2.4675                      -2.8610787
                   2.471                      -2.8651775
                  2.4745                      -2.8697564
                   2.478                      -2.8756775
                  2.4815                      -2.8837414
                   2.485                      -2.8945518
                  2.4885                      -2.9083456
                   2.492                      -2.9249272
                  2.4955                      -2.9436692
                   2.499                      -2.9636017
                  2.5025                      -2.9835716
                   2.506                      -3.0024576
                  2.5095                      -3.0193835
                   2.513                       -3.033887
                  2.5165                      -3.0460436
                    2.52                      -3.0564566
                  2.5235                      -3.0661898
                   2.527                      -3.0765878
                  2.5305                      -3.0890418
                   2.534                      -3.1047284
                  2.5375                      -3.1243965
                   2.541                      -3.1482179
                  2.5445                       -3.175729
                   2.548                      -3.2059057
                  2.5515                      -3.2373331
                   2.555                      -3.2684643
                  2.5585                      -3.2978777
                   2.562                      -3.3245405
                  2.5655                      -3.3479812
                   2.569                      -3.3683606
                  2.5725                      -3.3864152
                   2.576                      -3.4032802
                  2.5795                      -3.4202444
                   2.583                      -3.4384531
                  2.5865                      -3.4586315
                    2.59                      -3.4808908
                  2.5935                      -3.5046428
                   2.597                       -3.528653
                  2.6005                      -3.5512149
                   2.604                      -3.5704602
                  2.6075                      -3.5846709
                   2.611                      -3.5926195
                  2.6145                       -3.593842
                   2.618                      -3.5887427
                  2.6215                      -3.5785902
                   2.625                      -3.5653289
                  2.6285                       -3.551254
                   2.632                      -3.5386271
                  2.6355                      -3.5292934
                   2.639                      -3.5243506
                  2.6425                       -3.523963
                   2.646                      -3.5273526
                  2.6495                       -3.532924
                   2.653                      -3.5385955
                  2.6565                      -3.5421423
                    2.66                      -3.5416247
                  2.6635                      -3.5357577
                   2.667                      -3.5241358
                  2.6705                      -3.5073254
                   2.674                      -3.4867851
                  2.6775                      -3.4645439
                   2.681                      -3.4428445
                  2.6845                      -3.4236659
                   2.688                      -3.4083452
                  2.6915                      -3.3973045
                   2.695                        -3.38994
                  2.6985                      -3.3847401
                   2.702                      -3.3795412
                  2.7055                      -3.3719198
                   2.709                      -3.3596486
                  2.7125                      -3.3411137
                   2.716                      -3.3156361
                  2.7195                      -3.2836123
                   2.723                      -3.2464785
                  2.7265                      -3.2064585
                    2.73                      -3.1661589
                  2.7335                      -3.1281054
                   2.737                      -3.0942617
                  2.7405                      -3.0657071
                   2.744                      -3.0424475
                  2.7475                      -3.0234503
                   2.751                      -3.0068506
                  2.7545                      -2.9903057
                   2.758                      -2.9714136
                  2.7615                      -2.9481521
                   2.765                       -2.919263
                  2.7685                      -2.8844722
                   2.772                      -2.8445362
                  2.7755                      -2.8011187
                   2.779                      -2.7564607
                  2.7825                      -2.7129603
                   2.786                      -2.6727278
                  2.7895                      -2.6371791
                   2.793                      -2.6068184
                  2.7965                      -2.5811555
                     2.8                      -2.5588179
                  2.8035                       -2.537825
                   2.807                      -2.5159676
                  2.8105                      -2.4912039
                   2.814                      -2.4620425
                  2.8175                      -2.4278344
                   2.821                      -2.3889049
                  2.8245                      -2.3464891
                   2.828                      -2.3025162
                  2.8315                       -2.259217
                   2.835                      -2.2187218
                  2.8385                      -2.1826535
                   2.842                      -2.1518524
                  2.8455                      -2.1262651
                   2.849                      -2.1049718
                  2.8525                      -2.0864161
                   2.856                      -2.0686804
                  2.8595                      -2.0498649
                   2.863                      -2.0284269
                  2.8665                      -2.0034625
                    2.87                      -1.9748759
                  2.8735                      -1.9433835
                   2.877                      -1.9103829
                  2.8805                      -1.8776503
                   2.884                      -1.8470065
                  2.8875                      -1.8199378
                   2.891                      -1.7973327
                  2.8945                      -1.7793086
                   2.898                      -1.7652039
                  2.9015                      -1.7536961
                   2.905                      -1.7430348
                  2.9085                      -1.7313433
                   2.912                      -1.7169511
                  2.9155                       -1.698687
                   2.919                      -1.6760986
                  2.9225                      -1.6495414
                   2.926                      -1.6201139
                  2.9295                       -1.589444
                   2.933                       -1.559393
                  2.9365                      -1.5316708
                    2.94                      -1.5075529
                  2.9435                      -1.4876437
                   2.947                      -1.4718113
                  2.9505                      -1.4592344
                   2.954                      -1.4485766
                  2.9575                      -1.4382397
                   2.961                      -1.4266608
                  2.9645                       -1.412596
                   2.968                      -1.3953424
                  2.9715                      -1.3748955
                   2.975                      -1.3519236
                  2.9785                      -1.3276681
                   2.982                      -1.3036777
                  2.9855                       -1.281514
                   2.989                      -1.2624528
                  2.9925                      -1.2472381
                   2.996                      -1.2359625
                  2.9995                      -1.2280648
                   3.003                       -1.222429
                  3.0065                      -1.2175911
                    3.01                      -1.2119862
                  3.0135                      -1.2042315
                   3.017                      -1.1933506
                  3.0205                      -1.1789666
                   3.024                      -1.1613492
                  3.0275                      -1.1413768
                   3.031                      -1.1203365
                  3.0345                      -1.0996856
                   3.038                      -1.0807614
                  3.0415                      -1.0645416
                   3.045                      -1.0514718
                  3.0485                      -1.0414245
                   3.052                      -1.0337313
                  3.0555                      -1.0273273
                   3.059                      -1.0209591
                  3.0625                      -1.0134013
                   3.066                      -1.0036864
                  3.0695                      -0.9912958
                   3.073                     -0.97624658
                  3.0765                     -0.95909419
                    3.08                     -0.94082842
                  3.0835                     -0.92267244
                   3.087                     -0.90584447
                  3.0905                     -0.89132812
                   3.094                     -0.87969091
                  3.0975                      -0.8709949
                   3.101                     -0.86480473
                  3.1045                     -0.86027126
                   3.108                     -0.85629292
                  3.1115                     -0.85171029
                   3.115                     -0.84551405
                  3.1185                      -0.8370298
                   3.122                     -0.82604122
                  3.1255                     -0.81283929
                   3.129                     -0.79815691
                  3.1325                     -0.78302839
                   3.136                     -0.76858246
                  3.1395                     -0.75582766
                   3.143                     -0.74546135
                  3.1465                     -0.73775479
                    3.15                     -0.73251072
                  3.1535                     -0.72911958
                   3.157                     -0.72666527
                  3.1605                     -0.72409641
                   3.164                     -0.72041214
                  3.1675                     -0.71484293
                   3.171                      -0.7069928
                  3.1745                     -0.69691747
                   3.178                     -0.68511333
                  3.1815                     -0.67241928
                   3.185                     -0.65985169
                  3.1885                     -0.64840331
                   3.192                      -0.6388591
                  3.1955                     -0.63165454
                   3.199                      -0.6268086
                  3.2025                      -0.6239296
                   3.206                      -0.6222937
                  3.2095                     -0.62097723
                   3.213                     -0.61901981
                  3.2165                     -0.61560095
                    3.22                     -0.61018627
                  3.2235                     -0.60263532
                   3.227                      -0.5932266
                  3.2305                     -0.58260705
                   3.234                      -0.5716602
                  3.2375                      -0.5613377
                   3.241                      -0.5524718
                  3.2445                     -0.54562537
                   3.248                     -0.54099612
                  3.2515                     -0.53839281
                   3.255                     -0.53727339
                  3.2585                     -0.53684882
                   3.262                     -0.53622308
                  3.2655                     -0.53455385
                   3.269                     -0.53120528
                  3.2725                     -0.52586929
                   3.276                     -0.51862773
                  3.2795                     -0.50993388
                   3.283                     -0.50052712
                  3.2865                     -0.49128447
                    3.29                     -0.48305213
                  3.2935                     -0.47648602
                   3.297                     -0.47193545
                  3.3005                     -0.46938903
                   3.304                     -0.46848326
                  3.3075                     -0.46857395
                   3.311                     -0.46885039
                  3.3145                     -0.46848029
                   3.318                     -0.46675935
                  3.3215                     -0.46324322
                   3.325                      -0.4578353
                  3.3285                     -0.45080538
                   3.332                     -0.44273873
                  3.3355                     -0.43441941
                   3.339                      -0.4266795
                  3.3425                     -0.42023657
                   3.346                     -0.41556837
                  3.3495                     -0.41282832
                   3.353                     -0.41182882
                  3.3565                     -0.41207934
                    3.36                     -0.41287504
                  3.3635                     -0.41342462
                   3.367                     -0.41298945
                  3.3705                     -0.41102301
                   3.374                       -0.407273
                  3.3775                     -0.40183463
                   3.381                     -0.39513278
                  3.3845                     -0.38783801
                   3.388                     -0.38073428
                  3.3915                     -0.37456779
                   3.395                     -0.36990885
                  3.3985                     -0.36705107
                   3.402                     -0.36596623
                  3.4055                     -0.36631419
                   3.409                     -0.36750694
                  3.4125                     -0.36881201
                   3.416                     -0.36948354
                  3.4195                     -0.36889927
                   3.423                     -0.36667525
                  3.4265                     -0.36274551
                    3.43                     -0.35737384
                  3.4335                     -0.35110445
                   3.437                     -0.34465508
                  3.4405                     -0.33877399
                   3.444                     -0.33410107
                  3.4475                     -0.33105127
                   3.451                     -0.32974668
                  3.4545                     -0.32999883
                   3.458                     -0.33134671
                  3.4615                     -0.33313788
                   3.465                     -0.33464615
                  3.4685                     -0.33520005
                   3.472                     -0.33430994
                  3.4755                     -0.33176119
                   3.479                     -0.32766063
                  3.4825                     -0.32241578
                   3.486                     -0.31665387
                  3.4895                     -0.31109929
                   3.493                     -0.30643556
                  3.4965                     -0.30317618
                     3.5                     -0.30157801
