7.090000000000000000e+02 5.185464332229989051e-03
7.110000000000000000e+02 5.495836658904669145e-03
7.130000000000000000e+02 5.805006594054001011e-03
7.150000000000000000e+02 6.107342974579488271e-03
7.170000000000000000e+02 6.394622317580416805e-03
7.190000000000000000e+02 6.662724044545171448e-03
7.210000000000000000e+02 6.908435131522579382e-03
7.230000000000000000e+02 7.126560789567645306e-03
7.250000000000000000e+02 7.328090330993013157e-03
7.270000000000000000e+02 7.517881403846091680e-03
7.290000000000000000e+02 7.705266764579768966e-03
7.310000000000000000e+02 7.896432038811854875e-03
7.330000000000000000e+02 8.092971261312330300e-03
7.350000000000000000e+02 8.300113085826316128e-03
7.370000000000000000e+02 8.515640449816315807e-03
7.390000000000000000e+02 8.739188737021074543e-03
7.410000000000000000e+02 8.970853508319370090e-03
7.430000000000000000e+02 9.220798542210487114e-03
7.450000000000000000e+02 9.490022662548900159e-03
7.470000000000000000e+02 9.777029709772446994e-03
7.490000000000000000e+02 1.008318270822702173e-02
7.510000000000000000e+02 1.040249894375797068e-02
7.530000000000000000e+02 1.072757234719275143e-02
7.550000000000000000e+02 1.105275238436560954e-02
7.570000000000000000e+02 1.138018460467682749e-02
7.590000000000000000e+02 1.171152100885793600e-02
7.610000000000000000e+02 1.204934319854880642e-02
7.630000000000000000e+02 1.239047134342420066e-02
7.650000000000000000e+02 1.273927373372757410e-02
7.670000000000000000e+02 1.309427702911568001e-02
7.690000000000000000e+02 1.345410847718694208e-02
7.710000000000000000e+02 1.382011544165613962e-02
7.730000000000000000e+02 1.420280335233165339e-02
7.750000000000000000e+02 1.460473527666304901e-02
7.770000000000000000e+02 1.503259441887469863e-02
7.790000000000000000e+02 1.549238009482501767e-02
7.810000000000000000e+02 1.588364095853693828e-02
7.830000000000000000e+02 1.632874826865804083e-02
7.850000000000000000e+02 1.677361265456319209e-02
7.870000000000000000e+02 1.722186330188820932e-02
7.890000000000000000e+02 1.767411017425271624e-02
7.910000000000000000e+02 1.813446346054538999e-02
7.930000000000000000e+02 1.859758710668206472e-02
7.950000000000000000e+02 1.906418704005907391e-02
7.970000000000000000e+02 1.952300555485736791e-02
7.990000000000000000e+02 1.998129287314374947e-02
8.010000000000000000e+02 2.044123841359862109e-02
8.030000000000000000e+02 2.090705886987781134e-02
8.050000000000000000e+02 2.137842701084704741e-02
8.070000000000000000e+02 2.180733402173420932e-02
8.090000000000000000e+02 2.225388973364115022e-02
8.110000000000000000e+02 2.272181974317695821e-02
8.130000000000000000e+02 2.320609551573215787e-02
8.150000000000000000e+02 2.370955320304359362e-02
8.170000000000000000e+02 2.413857987988237211e-02
8.190000000000000000e+02 2.457993777375934094e-02
8.210000000000000000e+02 2.513623707902363016e-02
8.230000000000000000e+02 2.566597648839019988e-02
8.250000000000000000e+02 2.622147841447200825e-02
8.270000000000000000e+02 2.673322058142002522e-02
8.290000000000000000e+02 2.726742770608363634e-02
8.310000000000000000e+02 2.782797167997536764e-02
8.330000000000000000e+02 2.843575465796360432e-02
8.350000000000000000e+02 2.909184119914902042e-02
8.370000000000000000e+02 2.978420009664019610e-02
8.390000000000000000e+02 3.052950859038159465e-02
8.410000000000000000e+02 3.133900726659330505e-02
8.430000000000000000e+02 3.220310575053070973e-02
8.450000000000000000e+02 3.313426214302851031e-02
8.470000000000000000e+02 3.425544260630581511e-02
8.490000000000000000e+02 3.549216877728959135e-02
8.510000000000000000e+02 3.685685339971652569e-02
8.530000000000000000e+02 3.836168265611995115e-02
8.550000000000000000e+02 4.002369750004015903e-02
8.570000000000000000e+02 4.205950471375229094e-02
8.590000000000000000e+02 4.430872871931882534e-02
8.610000000000000000e+02 4.678508335512813338e-02
8.630000000000000000e+02 4.951897603607896547e-02
8.650000000000000000e+02 5.250978389273994879e-02
8.670000000000000000e+02 5.592927495950941741e-02
8.690000000000000000e+02 5.963536273198975085e-02
8.710000000000000000e+02 6.363395498947259366e-02
8.730000000000000000e+02 6.794719463189267949e-02
8.750000000000000000e+02 7.258815429436263345e-02
8.770000000000000000e+02 7.760701168996744781e-02
8.790000000000000000e+02 8.310018317042787428e-02
8.810000000000000000e+02 8.914388939731721084e-02
8.830000000000000000e+02 9.565521506173785271e-02
8.850000000000000000e+02 1.028293139000238665e-01
8.870000000000000000e+02 1.106235481200926463e-01
8.890000000000000000e+02 1.190838384815822437e-01
8.910000000000000000e+02 1.282022197383972939e-01
8.930000000000000000e+02 1.379765042282638798e-01
8.950000000000000000e+02 1.483611577818926275e-01
8.970000000000000000e+02 1.596797059199839830e-01
8.990000000000000000e+02 1.715235408752487922e-01
9.010000000000000000e+02 1.838340069402115695e-01
9.030000000000000000e+02 1.963816988531018604e-01
9.050000000000000000e+02 2.091318338278261302e-01
9.070000000000000000e+02 2.218878233283195500e-01
9.090000000000000000e+02 2.347280248719229301e-01
9.110000000000000000e+02 2.475471489774591916e-01
9.130000000000000000e+02 2.604247675768828207e-01
9.150000000000000000e+02 2.732133479773588003e-01
9.170000000000000000e+02 2.855471319708208222e-01
9.190000000000000000e+02 2.970327227440592854e-01
9.210000000000000000e+02 3.075541661698392160e-01
9.230000000000000000e+02 3.174086600171515671e-01
9.250000000000000000e+02 3.264093477322906334e-01
9.270000000000000000e+02 3.342352819695762478e-01
9.290000000000000000e+02 3.409818041533281274e-01
9.310000000000000000e+02 3.465638413142823060e-01
9.330000000000000000e+02 3.508608750173344282e-01
9.350000000000000000e+02 3.538816543023848848e-01
9.370000000000000000e+02 3.550671485124746174e-01
9.390000000000000000e+02 3.551524930128074353e-01
9.410000000000000000e+02 3.542020294641279876e-01
1.729000000000000000e+03 2.697565612669607371e-01
1.731000000000000000e+03 2.643206847643697066e-01
1.733000000000000000e+03 2.590570939133199357e-01
1.735000000000000000e+03 2.539272022454104882e-01
1.737000000000000000e+03 2.489211184040545366e-01
1.739000000000000000e+03 2.439464920466256626e-01
1.741000000000000000e+03 2.389876711953007882e-01
1.743000000000000000e+03 2.339507815193928864e-01
1.745000000000000000e+03 2.288213124342343974e-01
1.747000000000000000e+03 2.236959103319960951e-01
1.749000000000000000e+03 2.184796915847629639e-01
1.751000000000000000e+03 2.131989906680562263e-01
1.753000000000000000e+03 2.079671921412719060e-01
1.755000000000000000e+03 2.028026002553603435e-01
1.757000000000000000e+03 1.977959314500591925e-01
1.759000000000000000e+03 1.929417658341476549e-01
1.761000000000000000e+03 1.882903610953990114e-01
1.763000000000000000e+03 1.838256081456839663e-01
1.765000000000000000e+03 1.795799353026260592e-01
1.767000000000000000e+03 1.755087112311523589e-01
1.769000000000000000e+03 1.716581136396274354e-01
1.771000000000000000e+03 1.680027462989034936e-01
1.773000000000000000e+03 1.645433268001139371e-01
1.775000000000000000e+03 1.612545944810747645e-01
1.777000000000000000e+03 1.580696816761173185e-01
1.779000000000000000e+03 1.550067045324348969e-01
1.781000000000000000e+03 1.520159072638675168e-01
1.783000000000000000e+03 1.491027824739193097e-01
1.785000000000000000e+03 1.462341782514342270e-01
1.787000000000000000e+03 1.433657351571583916e-01
1.789000000000000000e+03 1.405422107796213960e-01
1.791000000000000000e+03 1.377408426888180604e-01
1.793000000000000000e+03 1.349187154747397144e-01
1.795000000000000000e+03 1.320782792946918749e-01
1.797000000000000000e+03 1.292618880323979369e-01
1.799000000000000000e+03 1.264855113672085363e-01
1.801000000000000000e+03 1.237935115193273955e-01
1.803000000000000000e+03 1.212295587731865854e-01
1.805000000000000000e+03 1.187789956607346042e-01
1.807000000000000000e+03 1.164397804005982140e-01
1.809000000000000000e+03 1.141981607044965374e-01
1.811000000000000000e+03 1.120448763312361651e-01
1.813000000000000000e+03 1.106164947501726004e-01
1.815000000000000000e+03 1.092606039067753748e-01
1.817000000000000000e+03 1.079769623536427359e-01
1.819000000000000000e+03 1.067485792075637263e-01
1.821000000000000000e+03 1.055607341713923619e-01
1.823000000000000000e+03 1.043774619896681577e-01
1.825000000000000000e+03 1.031795835424847568e-01
1.827000000000000000e+03 1.019379402702615955e-01
1.829000000000000000e+03 1.006313838962030749e-01
1.831000000000000000e+03 9.927051738648816348e-02
1.833000000000000000e+03 9.785339019096464530e-02
1.835000000000000000e+03 9.640717034107675054e-02
1.837000000000000000e+03 9.491617011737858711e-02
1.839000000000000000e+03 9.342890244218014784e-02
1.841000000000000000e+03 9.196079776609650258e-02
1.843000000000000000e+03 9.053077973187684258e-02
1.845000000000000000e+03 8.915553221504925185e-02
1.847000000000000000e+03 8.785097946853445694e-02
1.849000000000000000e+03 8.661173736266634948e-02
1.851000000000000000e+03 8.544279449343966659e-02
1.853000000000000000e+03 8.371536313381978955e-02
1.855000000000000000e+03 8.206393558048465098e-02
1.857000000000000000e+03 8.046720524584106971e-02
1.859000000000000000e+03 7.891334381974103585e-02
1.861000000000000000e+03 7.738703384279022046e-02
1.863000000000000000e+03 7.585602393886045625e-02
1.865000000000000000e+03 7.431921189815192397e-02
1.867000000000000000e+03 7.276337555110655442e-02
1.869000000000000000e+03 7.122541827071052212e-02
1.871000000000000000e+03 6.970170349857522651e-02
1.873000000000000000e+03 6.822998149410966495e-02
1.875000000000000000e+03 6.681672674870224593e-02
1.877000000000000000e+03 6.546343759006230389e-02
1.879000000000000000e+03 6.418256391010429551e-02
1.881000000000000000e+03 6.297936994375497033e-02
1.883000000000000000e+03 6.183890501052426159e-02
1.885000000000000000e+03 6.076161483569424149e-02
1.887000000000000000e+03 5.974031312876968564e-02
1.889000000000000000e+03 5.876367481118659197e-02
1.891000000000000000e+03 5.782537745742004354e-02
1.893000000000000000e+03 5.688994753588092618e-02
1.895000000000000000e+03 5.594600470550079724e-02
1.897000000000000000e+03 5.499280399264332847e-02
1.899000000000000000e+03 5.401539081071994597e-02
1.901000000000000000e+03 5.301308844418409910e-02
1.903000000000000000e+03 5.201306780230575966e-02
1.905000000000000000e+03 5.101404730254843756e-02
1.907000000000000000e+03 5.003792299448119041e-02
1.909000000000000000e+03 4.907325016533819334e-02
1.911000000000000000e+03 4.813555369062653966e-02
1.913000000000000000e+03 4.721143179548192848e-02
1.915000000000000000e+03 4.631272489565371742e-02
1.917000000000000000e+03 4.545788177723245754e-02
1.919000000000000000e+03 4.463728594855915360e-02
1.921000000000000000e+03 4.384759815341374850e-02
1.923000000000000000e+03 4.310683738525706438e-02
1.925000000000000000e+03 4.241318647559513821e-02
1.927000000000000000e+03 4.175691304214157462e-02
1.929000000000000000e+03 4.113596619658897724e-02
1.931000000000000000e+03 4.053629326792741738e-02
1.933000000000000000e+03 3.994830070355531032e-02
1.935000000000000000e+03 3.936554545675736982e-02
1.937000000000000000e+03 3.878356306891411059e-02
1.939000000000000000e+03 3.819382641521067157e-02
1.941000000000000000e+03 3.759772905811471083e-02
1.943000000000000000e+03 3.699766592591309522e-02
1.945000000000000000e+03 3.639783344045098568e-02
1.947000000000000000e+03 3.579851604164194234e-02
1.949000000000000000e+03 3.521478118285523845e-02
1.951000000000000000e+03 3.465381093667441875e-02
1.953000000000000000e+03 3.412471235999527119e-02
1.955000000000000000e+03 3.362950516750743551e-02
1.957000000000000000e+03 3.316455550526683366e-02
1.959000000000000000e+03 3.273229977376480859e-02
1.961000000000000000e+03 3.232771846855955061e-02
1.963000000000000000e+03 3.194197037601845951e-02
1.965000000000000000e+03 3.156737545999311473e-02
1.967000000000000000e+03 3.120361031601498122e-02
1.969000000000000000e+03 3.084553712280961590e-02
1.971000000000000000e+03 3.049072789517993237e-02
1.973000000000000000e+03 3.013318865771804148e-02
1.975000000000000000e+03 2.977574072357824786e-02
1.977000000000000000e+03 2.941396510053913282e-02
1.979000000000000000e+03 2.905714375336624147e-02
1.981000000000000000e+03 2.870511333728940212e-02
1.983000000000000000e+03 2.839405403756940782e-02
1.985000000000000000e+03 2.812772737420709060e-02
1.987000000000000000e+03 2.789498812114361848e-02
1.989000000000000000e+03 2.767737911402419135e-02
1.991000000000000000e+03 2.747491086347018246e-02
1.993000000000000000e+03 2.728418357564011548e-02
1.995000000000000000e+03 2.710580290806180112e-02
1.997000000000000000e+03 2.693560850370467497e-02
1.999000000000000000e+03 2.677752836453943519e-02
2.001000000000000000e+03 2.663175595700447221e-02
2.003000000000000000e+03 2.649899671026331727e-02
2.005000000000000000e+03 2.637741058722785706e-02
2.007000000000000000e+03 2.626935598608465261e-02
2.009000000000000000e+03 2.617322850992012673e-02
2.011000000000000000e+03 2.608995461937618429e-02
2.013000000000000000e+03 2.601945803520746420e-02
2.015000000000000000e+03 2.595538593490633039e-02
2.017000000000000000e+03 2.589732702855904178e-02
2.019000000000000000e+03 2.583747180859858467e-02
2.021000000000000000e+03 2.577334420740131846e-02
2.023000000000000000e+03 2.566322581951834686e-02
2.025000000000000000e+03 2.551115952406824219e-02
2.027000000000000000e+03 2.533199162919075320e-02
2.029000000000000000e+03 2.514781823613106843e-02
2.031000000000000000e+03 2.496420267729311179e-02
2.033000000000000000e+03 2.478996957512760377e-02
2.035000000000000000e+03 2.462833276346716380e-02
2.037000000000000000e+03 2.448104821069116768e-02
2.039000000000000000e+03 2.434509738789029584e-02
2.041000000000000000e+03 2.421960589081104814e-02
2.043000000000000000e+03 2.410458447206529145e-02
2.045000000000000000e+03 2.399911202557051051e-02
2.047000000000000000e+03 2.391596406737668545e-02
2.049000000000000000e+03 2.384330479177610915e-02
2.051000000000000000e+03 2.377474494637423635e-02
2.053000000000000000e+03 2.370277052556446842e-02
2.055000000000000000e+03 2.362687605312948844e-02
2.057000000000000000e+03 2.355359429349869471e-02
2.059000000000000000e+03 2.347501950767154691e-02
2.061000000000000000e+03 2.339118984808260734e-02
2.063000000000000000e+03 2.330410688682250930e-02
2.065000000000000000e+03 2.321056343243452572e-02
2.067000000000000000e+03 2.312327556732178893e-02
2.069000000000000000e+03 2.303256070323585550e-02
2.071000000000000000e+03 2.294302553754656165e-02
2.073000000000000000e+03 2.286170920048316568e-02
2.075000000000000000e+03 2.278690068263417717e-02
2.077000000000000000e+03 2.272365177081366733e-02
2.079000000000000000e+03 2.266939597939347795e-02
2.081000000000000000e+03 2.262681932195196796e-02
2.083000000000000000e+03 2.258781995536698547e-02
2.085000000000000000e+03 2.255669267284113669e-02
2.087000000000000000e+03 2.251725260546516214e-02
2.089000000000000000e+03 2.248366605990089265e-02
2.091000000000000000e+03 2.245451934822293577e-02
2.093000000000000000e+03 2.244015845549083080e-02
2.095000000000000000e+03 2.243627694857103227e-02
2.097000000000000000e+03 2.241708528204640685e-02
2.099000000000000000e+03 2.240788649905454608e-02
2.101000000000000000e+03 2.240092349564340446e-02
2.103000000000000000e+03 2.240136236162443978e-02
2.105000000000000000e+03 2.240680090553965123e-02
2.107000000000000000e+03 2.239157209348607500e-02
2.109000000000000000e+03 2.238442799734470176e-02
2.111000000000000000e+03 2.238371249125313198e-02
2.113000000000000000e+03 2.238515714741473941e-02
2.115000000000000000e+03 2.239465401767885139e-02
2.117000000000000000e+03 2.240052998812668700e-02
2.119000000000000000e+03 2.241828944875079790e-02
2.121000000000000000e+03 2.244642424746873255e-02
2.123000000000000000e+03 2.249338261380813206e-02
2.125000000000000000e+03 2.255521994321793913e-02
2.127000000000000000e+03 2.265710554544729527e-02
2.129000000000000000e+03 2.277647653742062572e-02
2.131000000000000000e+03 2.290934761928809307e-02
2.133000000000000000e+03 2.305067221194386992e-02
2.135000000000000000e+03 2.319691957587380338e-02
2.137000000000000000e+03 2.339596351336144936e-02
2.139000000000000000e+03 2.359427462813749182e-02
2.141000000000000000e+03 2.379390327633439800e-02
2.143000000000000000e+03 2.398622310092613993e-02
2.145000000000000000e+03 2.417242878468640194e-02
2.147000000000000000e+03 2.438117519121001803e-02
2.149000000000000000e+03 2.458520828126113666e-02
2.151000000000000000e+03 2.478481218052866475e-02
2.153000000000000000e+03 2.498684203160186912e-02
2.155000000000000000e+03 2.518748492345564832e-02
2.157000000000000000e+03 2.538576291641099492e-02
2.159000000000000000e+03 2.558618889296939217e-02
2.161000000000000000e+03 2.579085623111172440e-02
2.163000000000000000e+03 2.600398351579331219e-02
2.165000000000000000e+03 2.623092301291061676e-02
2.167000000000000000e+03 2.643640554370020601e-02
2.169000000000000000e+03 2.665153846780279195e-02
2.171000000000000000e+03 2.687831230234184049e-02
2.173000000000000000e+03 2.710416352569810367e-02
2.175000000000000000e+03 2.733063179248310451e-02
2.177000000000000000e+03 2.750279819592546873e-02
2.179000000000000000e+03 2.765904733090971540e-02
2.181000000000000000e+03 2.780169488762053095e-02
2.183000000000000000e+03 2.794096866863087988e-02
2.185000000000000000e+03 2.806936256356389048e-02
2.187000000000000000e+03 2.817026547660302430e-02
2.189000000000000000e+03 2.826685349907290257e-02
2.191000000000000000e+03 2.836535181748281453e-02
2.193000000000000000e+03 2.845689790023753912e-02
2.195000000000000000e+03 2.855019226750553363e-02
2.197000000000000000e+03 2.865278361691295586e-02
2.199000000000000000e+03 2.875944805950005068e-02
2.201000000000000000e+03 2.887402513151985164e-02
2.203000000000000000e+03 2.899053982637733382e-02
2.205000000000000000e+03 2.910747595825160725e-02
2.207000000000000000e+03 2.921667633988945731e-02
2.209000000000000000e+03 2.932191946701791924e-02
2.211000000000000000e+03 2.942017051387113905e-02
2.213000000000000000e+03 2.954263318880846756e-02
2.215000000000000000e+03 2.967709523512307088e-02
2.217000000000000000e+03 2.980879776082822827e-02
2.219000000000000000e+03 2.989891365081731242e-02
2.221000000000000000e+03 2.994146716670072206e-02
2.223000000000000000e+03 2.993967147292080078e-02
2.225000000000000000e+03 2.992991333010398478e-02
2.227000000000000000e+03 2.993293556980922490e-02
2.229000000000000000e+03 2.994075003527402190e-02
2.231000000000000000e+03 2.994843872296942822e-02
2.233000000000000000e+03 2.994884568272960373e-02
2.235000000000000000e+03 2.994876157961188362e-02
2.237000000000000000e+03 2.996964643896965833e-02
2.239000000000000000e+03 3.002525323217915265e-02
2.241000000000000000e+03 3.011218502779655290e-02
2.243000000000000000e+03 3.021433239007692909e-02
2.245000000000000000e+03 3.030004533693179958e-02
2.247000000000000000e+03 3.035687587188710609e-02
2.249000000000000000e+03 3.036559587043265868e-02
2.251000000000000000e+03 3.032965521880699733e-02
2.253000000000000000e+03 3.024737253511303181e-02
2.255000000000000000e+03 3.012757223729130990e-02
2.257000000000000000e+03 2.997094009492715094e-02
2.259000000000000000e+03 2.980658399597578209e-02
2.261000000000000000e+03 2.962366343590780438e-02
2.263000000000000000e+03 2.945733036723096818e-02
2.265000000000000000e+03 2.929942764782965045e-02
2.267000000000000000e+03 2.913265688463074349e-02
2.269000000000000000e+03 2.897164280302639422e-02
2.271000000000000000e+03 2.882327604512557873e-02
2.273000000000000000e+03 2.869643254319272085e-02
2.275000000000000000e+03 2.858049411164917397e-02
2.277000000000000000e+03 2.845378739520602190e-02
2.279000000000000000e+03 2.829378495394458889e-02
2.281000000000000000e+03 2.809215069238105156e-02
2.283000000000000000e+03 2.785621889773167575e-02
2.285000000000000000e+03 2.761181549274384014e-02
2.287000000000000000e+03 2.736982208497164629e-02
2.289000000000000000e+03 2.713571917571205513e-02
2.291000000000000000e+03 2.689421755548147830e-02
2.293000000000000000e+03 2.662078718216656995e-02
2.295000000000000000e+03 2.631362290957230468e-02
2.297000000000000000e+03 2.599028396680136410e-02
2.299000000000000000e+03 2.567991026992760481e-02
2.301000000000000000e+03 2.540842154351852580e-02
2.303000000000000000e+03 2.515322756753234426e-02
2.305000000000000000e+03 2.490013505169267477e-02
2.307000000000000000e+03 2.466258940140895681e-02
2.309000000000000000e+03 2.443008604373412759e-02
2.311000000000000000e+03 2.420309284745518139e-02
2.313000000000000000e+03 2.398368457114192012e-02
2.315000000000000000e+03 2.376758572227138586e-02
2.317000000000000000e+03 2.355836346551465690e-02
2.319000000000000000e+03 2.334828730230668198e-02
2.321000000000000000e+03 2.314063313635791180e-02
2.323000000000000000e+03 2.293223015840357287e-02
2.325000000000000000e+03 2.271516224347729790e-02
2.327000000000000000e+03 2.249870652045357633e-02
2.329000000000000000e+03 2.227139834580256841e-02
2.331000000000000000e+03 2.203933883529035284e-02
2.333000000000000000e+03 2.180319102809789855e-02
2.335000000000000000e+03 2.156906716430329052e-02
2.337000000000000000e+03 2.135324583600641327e-02
2.339000000000000000e+03 2.114516637417505548e-02
2.341000000000000000e+03 2.094584698740810380e-02
2.343000000000000000e+03 2.075084207168034420e-02
2.345000000000000000e+03 2.056486844988593757e-02
2.347000000000000000e+03 2.038547241567108953e-02
2.349000000000000000e+03 2.021310197299322486e-02
2.351000000000000000e+03 2.004361776222462685e-02
2.353000000000000000e+03 1.987985853686786986e-02
2.355000000000000000e+03 1.972097404566105355e-02
2.357000000000000000e+03 1.956611109942739749e-02
2.359000000000000000e+03 1.941323665768856718e-02
2.361000000000000000e+03 1.925681796267423099e-02
2.363000000000000000e+03 1.910010742607698778e-02
2.365000000000000000e+03 1.893863596269808325e-02
2.367000000000000000e+03 1.877621393823300164e-02
2.369000000000000000e+03 1.860959956046030761e-02
2.371000000000000000e+03 1.843818305187786347e-02
2.373000000000000000e+03 1.827006029594360759e-02
2.375000000000000000e+03 1.810604845982222849e-02
2.377000000000000000e+03 1.794606985207137725e-02
2.379000000000000000e+03 1.778856533526445780e-02
2.381000000000000000e+03 1.764177993544233103e-02
2.383000000000000000e+03 1.750107404362453989e-02
2.385000000000000000e+03 1.736756818198613092e-02
2.387000000000000000e+03 1.724049690810142144e-02
2.389000000000000000e+03 1.711851424013451084e-02
2.391000000000000000e+03 1.700187605441373304e-02
2.393000000000000000e+03 1.688515917475716388e-02
2.395000000000000000e+03 1.676836945433283002e-02
2.397000000000000000e+03 1.664350299881490330e-02
2.399000000000000000e+03 1.651657428789803095e-02
2.401000000000000000e+03 1.638650651410725884e-02
2.403000000000000000e+03 1.625299936080857113e-02
2.405000000000000000e+03 1.611782580042816354e-02
2.407000000000000000e+03 1.597694529736984337e-02
2.409000000000000000e+03 1.583342088653419411e-02
2.411000000000000000e+03 1.569204107032568657e-02
2.413000000000000000e+03 1.554863876343863527e-02
2.415000000000000000e+03 1.540505668676467668e-02
2.417000000000000000e+03 1.526848605877401815e-02
2.419000000000000000e+03 1.513773573644307084e-02
2.421000000000000000e+03 1.501152728331647118e-02
2.423000000000000000e+03 1.489086181313804477e-02
2.425000000000000000e+03 1.477858771375818898e-02
2.427000000000000000e+03 1.466922013370979168e-02
2.429000000000000000e+03 1.456535647166839510e-02
2.431000000000000000e+03 1.446949561434947296e-02
2.433000000000000000e+03 1.437683877557202616e-02
2.435000000000000000e+03 1.428535139475682614e-02
2.437000000000000000e+03 1.419950975536371160e-02
2.439000000000000000e+03 1.411074902964671446e-02
2.441000000000000000e+03 1.401977321520757845e-02
2.443000000000000000e+03 1.392099847830222809e-02
2.445000000000000000e+03 1.381597789449584904e-02
2.447000000000000000e+03 1.370322016180274341e-02
2.449000000000000000e+03 1.358338537947711110e-02
2.451000000000000000e+03 1.345893062501736341e-02
2.453000000000000000e+03 1.333124489339865791e-02
2.455000000000000000e+03 1.320273347975669392e-02
2.457000000000000000e+03 1.308025365428266105e-02
2.459000000000000000e+03 1.296055009447169386e-02
2.461000000000000000e+03 1.284188539817010359e-02
2.463000000000000000e+03 1.272540109088949635e-02
2.465000000000000000e+03 1.260686315347294729e-02
2.467000000000000000e+03 1.249579288674624970e-02
2.469000000000000000e+03 1.238615073877820036e-02
2.471000000000000000e+03 1.227475439500244798e-02
2.473000000000000000e+03 1.216375788878963811e-02
2.475000000000000000e+03 1.205082685091555562e-02
2.477000000000000000e+03 1.193390932241403593e-02
2.479000000000000000e+03 1.181777189131728682e-02
2.481000000000000000e+03 1.169662789861964161e-02
2.483000000000000000e+03 1.157607304538618015e-02
2.485000000000000000e+03 1.145538829315519494e-02
2.487000000000000000e+03 1.133097612215737925e-02
2.489000000000000000e+03 1.120846087706576372e-02
2.491000000000000000e+03 1.108724344436863227e-02
2.493000000000000000e+03 1.097214716565163978e-02
2.495000000000000000e+03 1.086353821273514271e-02
2.497000000000000000e+03 1.074960640638804657e-02
2.499000000000000000e+03 1.064199618477832537e-02
2.501000000000000000e+03 1.054129282477228591e-02
2.503000000000000000e+03 1.044263196133298106e-02
2.505000000000000000e+03 1.035036426397605014e-02
2.507000000000000000e+03 1.025462717554209355e-02
2.509000000000000000e+03 1.015950073625837558e-02
2.511000000000000000e+03 1.006660303477999695e-02
2.513000000000000000e+03 9.975383575575690401e-03
2.515000000000000000e+03 9.887320431372099289e-03
2.517000000000000000e+03 9.797325132003474948e-03
2.519000000000000000e+03 9.705241703380568935e-03
2.521000000000000000e+03 9.616760396662897212e-03
2.523000000000000000e+03 9.527030327772521498e-03
2.525000000000000000e+03 9.435413732109319482e-03
2.527000000000000000e+03 9.348467074067889904e-03
2.529000000000000000e+03 9.262149288026969365e-03
2.531000000000000000e+03 9.179149407578256897e-03
2.533000000000000000e+03 9.094547954467954026e-03
2.535000000000000000e+03 9.010863529535539582e-03
2.537000000000000000e+03 8.937763316887260834e-03
2.539000000000000000e+03 8.866287891397888268e-03
2.541000000000000000e+03 8.797301466546052218e-03
2.543000000000000000e+03 8.734553428887551277e-03
2.545000000000000000e+03 8.674356332349895254e-03
2.547000000000000000e+03 8.619635521379852977e-03
2.549000000000000000e+03 8.569234882298850525e-03
2.551000000000000000e+03 8.521487930205309813e-03
2.553000000000000000e+03 8.476682446534511764e-03
2.555000000000000000e+03 8.431881559527556677e-03
2.557000000000000000e+03 8.389597655726232367e-03
2.559000000000000000e+03 8.347234516432733634e-03
2.561000000000000000e+03 8.300716461892895109e-03
2.563000000000000000e+03 8.249333751124913322e-03
2.565000000000000000e+03 8.195676615496999551e-03
2.567000000000000000e+03 8.137490955013615759e-03
2.569000000000000000e+03 8.079711279426972717e-03
2.571000000000000000e+03 8.019912712377671310e-03
2.573000000000000000e+03 7.961798981454874802e-03
2.575000000000000000e+03 7.905937091650602072e-03
2.577000000000000000e+03 7.846829270341868293e-03
2.579000000000000000e+03 7.791585326483350948e-03
2.581000000000000000e+03 7.736358384509469006e-03
2.583000000000000000e+03 7.682466958409448800e-03
2.585000000000000000e+03 7.630596658952633685e-03
2.587000000000000000e+03 7.581941743247261507e-03
2.589000000000000000e+03 7.534497194169476747e-03
2.591000000000000000e+03 7.485588393056238216e-03
2.593000000000000000e+03 7.431877794708911453e-03
2.595000000000000000e+03 7.374062255831109573e-03
2.597000000000000000e+03 7.311225059691075188e-03
2.599000000000000000e+03 7.241680851457576659e-03
2.601000000000000000e+03 7.169466968814106403e-03
2.603000000000000000e+03 7.096124403524375034e-03
2.605000000000000000e+03 7.021715508695353623e-03
2.607000000000000000e+03 6.950608542443263531e-03
2.609000000000000000e+03 6.880296904794953525e-03
2.611000000000000000e+03 6.813786103682282005e-03
2.613000000000000000e+03 6.752030110940811236e-03
2.615000000000000000e+03 6.693162892241215703e-03
2.617000000000000000e+03 6.639777908244718502e-03
2.619000000000000000e+03 6.590085104487775937e-03
2.621000000000000000e+03 6.545251993438029083e-03
2.623000000000000000e+03 6.503426628971472646e-03
2.625000000000000000e+03 6.462926610454070887e-03
2.627000000000000000e+03 6.425411402224858251e-03
2.629000000000000000e+03 6.388478484789189213e-03
2.631000000000000000e+03 6.351274644190906850e-03
