7.090000000000000000e+02 9.676453500298361557e-03
7.110000000000000000e+02 1.032820620695017524e-02
7.130000000000000000e+02 1.098382263781220135e-02
7.150000000000000000e+02 1.163432749896107024e-02
7.170000000000000000e+02 1.226149965720958399e-02
7.190000000000000000e+02 1.285548016160719537e-02
7.210000000000000000e+02 1.341512388795461710e-02
7.230000000000000000e+02 1.392423222299256531e-02
7.250000000000000000e+02 1.440203489313288295e-02
7.270000000000000000e+02 1.485553308815627978e-02
7.290000000000000000e+02 1.530069261114158814e-02
7.310000000000000000e+02 1.574460475950975255e-02
7.330000000000000000e+02 1.619284781462137709e-02
7.350000000000000000e+02 1.665214450757154102e-02
7.370000000000000000e+02 1.711799156004582129e-02
7.390000000000000000e+02 1.758785291487583585e-02
7.410000000000000000e+02 1.806118268169045610e-02
7.430000000000000000e+02 1.855720430225089174e-02
7.450000000000000000e+02 1.907456511716514730e-02
7.470000000000000000e+02 1.960954756823125172e-02
7.490000000000000000e+02 2.016092526298996976e-02
7.510000000000000000e+02 2.072163940944563021e-02
7.530000000000000000e+02 2.127500906142133080e-02
7.550000000000000000e+02 2.181241283574759243e-02
7.570000000000000000e+02 2.234446508492984873e-02
7.590000000000000000e+02 2.287722390253830312e-02
7.610000000000000000e+02 2.341520918913042593e-02
7.630000000000000000e+02 2.396224657156380972e-02
7.650000000000000000e+02 2.452996470781594954e-02
7.670000000000000000e+02 2.512304823382491281e-02
7.690000000000000000e+02 2.574426630963623161e-02
7.710000000000000000e+02 2.640435070237081780e-02
7.730000000000000000e+02 2.713072433379098286e-02
7.750000000000000000e+02 2.794156089222619641e-02
7.770000000000000000e+02 2.886116965354987296e-02
7.790000000000000000e+02 2.991466724027383103e-02
7.810000000000000000e+02 3.088632866723800552e-02
7.830000000000000000e+02 3.206586068598693551e-02
7.850000000000000000e+02 3.335046320618927085e-02
7.870000000000000000e+02 3.477071907331845402e-02
7.890000000000000000e+02 3.634419740238029745e-02
7.910000000000000000e+02 3.809414645396808768e-02
7.930000000000000000e+02 4.002866365921467495e-02
7.950000000000000000e+02 4.216824887949274792e-02
7.970000000000000000e+02 4.451406144575908302e-02
7.990000000000000000e+02 4.710632875373227391e-02
8.010000000000000000e+02 4.998468317130443095e-02
8.030000000000000000e+02 5.318747765708080333e-02
8.050000000000000000e+02 5.675000658112134416e-02
8.070000000000000000e+02 6.052016583998620636e-02
8.090000000000000000e+02 6.473638263820025163e-02
8.110000000000000000e+02 6.945449536121464651e-02
8.130000000000000000e+02 7.469119812691613070e-02
8.150000000000000000e+02 8.048522584482521725e-02
8.170000000000000000e+02 8.637437453857760294e-02
8.190000000000000000e+02 9.274621992252311820e-02
8.210000000000000000e+02 9.981309711421429420e-02
8.230000000000000000e+02 1.071725296306816066e-01
8.250000000000000000e+02 1.148766857202114522e-01
8.270000000000000000e+02 1.224299407117862559e-01
8.290000000000000000e+02 1.301909269626904675e-01
8.310000000000000000e+02 1.381265312451760430e-01
8.330000000000000000e+02 1.462767269254277303e-01
8.350000000000000000e+02 1.545281389471611921e-01
8.370000000000000000e+02 1.625356209555354758e-01
8.390000000000000000e+02 1.703815640840990187e-01
8.410000000000000000e+02 1.779504044076609115e-01
8.430000000000000000e+02 1.849956966556825233e-01
8.450000000000000000e+02 1.913854519943136157e-01
8.470000000000000000e+02 1.974232612698240685e-01
8.490000000000000000e+02 2.026842242717925568e-01
8.510000000000000000e+02 2.070583968998472857e-01
8.530000000000000000e+02 2.104582262587669506e-01
8.550000000000000000e+02 2.128465500262256560e-01
8.570000000000000000e+02 2.150091980113629231e-01
8.590000000000000000e+02 2.162454876233479983e-01
8.610000000000000000e+02 2.165683250316872144e-01
8.630000000000000000e+02 2.161020531734811623e-01
8.650000000000000000e+02 2.148709315856622004e-01
8.670000000000000000e+02 2.135416413900395882e-01
8.690000000000000000e+02 2.115293419290197319e-01
8.710000000000000000e+02 2.088254790780689207e-01
8.730000000000000000e+02 2.054010680105597952e-01
8.750000000000000000e+02 2.013102071968564943e-01
8.770000000000000000e+02 1.968739362466978560e-01
8.790000000000000000e+02 1.920429745612053374e-01
8.810000000000000000e+02 1.869164504931231652e-01
8.830000000000000000e+02 1.815962447872260521e-01
8.850000000000000000e+02 1.763017466730514016e-01
8.870000000000000000e+02 1.708867878695429221e-01
8.890000000000000000e+02 1.655460804456533319e-01
8.910000000000000000e+02 1.603366034664727435e-01
8.930000000000000000e+02 1.553380338928005699e-01
8.950000000000000000e+02 1.505458243711920441e-01
8.970000000000000000e+02 1.458058779578697006e-01
8.990000000000000000e+02 1.412525138862701646e-01
9.010000000000000000e+02 1.368875759598955910e-01
9.030000000000000000e+02 1.326297831223962054e-01
9.050000000000000000e+02 1.285054226377412290e-01
9.070000000000000000e+02 1.243006498020124972e-01
9.090000000000000000e+02 1.202296034405566372e-01
9.110000000000000000e+02 1.163000160603301775e-01
9.130000000000000000e+02 1.125414962978181499e-01
9.150000000000000000e+02 1.089847300975634592e-01
9.170000000000000000e+02 1.055947666241364435e-01
9.190000000000000000e+02 1.022817598848064502e-01
9.210000000000000000e+02 9.904977060743451467e-02
9.230000000000000000e+02 9.608608377074601137e-02
9.250000000000000000e+02 9.329161421190017289e-02
9.270000000000000000e+02 9.063258615035557630e-02
9.290000000000000000e+02 8.814592687141382943e-02
9.310000000000000000e+02 8.581640042514848687e-02
9.330000000000000000e+02 8.359799131193131061e-02
9.350000000000000000e+02 8.147316397639338403e-02
9.370000000000000000e+02 7.922952620202840246e-02
9.390000000000000000e+02 7.706564442640238821e-02
9.410000000000000000e+02 7.497018176496064723e-02
1.729000000000000000e+03 7.426455530427661378e-02
1.731000000000000000e+03 7.263219487911165562e-02
1.733000000000000000e+03 7.109330505162510250e-02
1.735000000000000000e+03 6.962598884797943644e-02
1.737000000000000000e+03 6.821662447496307236e-02
1.739000000000000000e+03 6.683465225829240963e-02
1.741000000000000000e+03 6.547121606673961258e-02
1.743000000000000000e+03 6.409575738974949977e-02
1.745000000000000000e+03 6.269945213440102083e-02
1.747000000000000000e+03 6.130816540605712323e-02
1.749000000000000000e+03 5.989439795092797031e-02
1.751000000000000000e+03 5.846444862786728813e-02
1.753000000000000000e+03 5.704964301753494976e-02
1.755000000000000000e+03 5.566443803389003325e-02
1.757000000000000000e+03 5.433807748206877924e-02
1.759000000000000000e+03 5.306430204642240828e-02
1.761000000000000000e+03 5.186292282399806303e-02
1.763000000000000000e+03 5.072437324530609803e-02
1.765000000000000000e+03 4.966065488405757566e-02
1.767000000000000000e+03 4.865206372808178470e-02
1.769000000000000000e+03 4.771132076172128478e-02
1.771000000000000000e+03 4.682710296088536672e-02
1.773000000000000000e+03 4.599832319271772441e-02
1.775000000000000000e+03 4.522039263279450244e-02
1.777000000000000000e+03 4.446529611174519087e-02
1.779000000000000000e+03 4.374188287547570858e-02
1.781000000000000000e+03 4.303279652235088987e-02
1.783000000000000000e+03 4.234033702440119507e-02
1.785000000000000000e+03 4.165415235734795663e-02
1.787000000000000000e+03 4.096470391426786095e-02
1.789000000000000000e+03 4.027945681269310546e-02
1.791000000000000000e+03 3.959833811944114129e-02
1.793000000000000000e+03 3.891091965379624151e-02
1.795000000000000000e+03 3.821257001347529852e-02
1.797000000000000000e+03 3.751944217099147105e-02
1.799000000000000000e+03 3.683950301917565673e-02
1.801000000000000000e+03 3.618078048704828631e-02
1.803000000000000000e+03 3.555944977186527994e-02
1.805000000000000000e+03 3.496609747518819589e-02
1.807000000000000000e+03 3.440308241458125277e-02
1.809000000000000000e+03 3.386175637580318698e-02
1.811000000000000000e+03 3.334409977835391808e-02
1.813000000000000000e+03 3.304219575882337556e-02
1.815000000000000000e+03 3.275542223069301262e-02
1.817000000000000000e+03 3.248666671353377805e-02
1.819000000000000000e+03 3.223013324863713974e-02
1.821000000000000000e+03 3.198143799154425787e-02
1.823000000000000000e+03 3.172862161965881583e-02
1.825000000000000000e+03 3.146571719487990110e-02
1.827000000000000000e+03 3.118406148915702294e-02
1.829000000000000000e+03 3.088243414238198495e-02
1.831000000000000000e+03 3.056014450368974011e-02
1.833000000000000000e+03 3.021624179678513572e-02
1.835000000000000000e+03 2.986177853006447350e-02
1.837000000000000000e+03 2.948962947921072303e-02
1.839000000000000000e+03 2.911727875985253150e-02
1.841000000000000000e+03 2.875171911789308268e-02
1.843000000000000000e+03 2.839191310388099188e-02
1.845000000000000000e+03 2.804884080043163613e-02
1.847000000000000000e+03 2.772173752000803640e-02
1.849000000000000000e+03 2.741339988257283228e-02
1.851000000000000000e+03 2.712240853214667458e-02
1.853000000000000000e+03 2.665553092064082419e-02
1.855000000000000000e+03 2.620982050975172173e-02
1.857000000000000000e+03 2.577806032665786937e-02
1.859000000000000000e+03 2.535574793282596370e-02
1.861000000000000000e+03 2.494088802772410907e-02
1.863000000000000000e+03 2.452370479863599448e-02
1.865000000000000000e+03 2.410186309325017609e-02
1.867000000000000000e+03 2.366843989352728633e-02
1.869000000000000000e+03 2.323804982637591235e-02
1.871000000000000000e+03 2.281034819328003199e-02
1.873000000000000000e+03 2.239672703730944195e-02
1.875000000000000000e+03 2.199936660674076810e-02
1.877000000000000000e+03 2.161913568215884790e-02
1.879000000000000000e+03 2.125934615293060756e-02
1.881000000000000000e+03 2.092104299917975363e-02
1.883000000000000000e+03 2.060321035009051241e-02
1.885000000000000000e+03 2.030186203280891916e-02
1.887000000000000000e+03 2.001540493019237504e-02
1.889000000000000000e+03 1.974039311897917218e-02
1.891000000000000000e+03 1.947348338026185302e-02
1.893000000000000000e+03 1.920647854087555520e-02
1.895000000000000000e+03 1.893620799624836856e-02
1.897000000000000000e+03 1.865968727854992737e-02
1.899000000000000000e+03 1.837263246697952782e-02
1.901000000000000000e+03 1.807321646645073179e-02
1.903000000000000000e+03 1.777253530477909335e-02
1.905000000000000000e+03 1.747044815563823794e-02
1.907000000000000000e+03 1.717693645587549042e-02
1.909000000000000000e+03 1.688405495914122381e-02
1.911000000000000000e+03 1.659906884054918041e-02
1.913000000000000000e+03 1.631884976882433391e-02
1.915000000000000000e+03 1.604633728761642453e-02
1.917000000000000000e+03 1.578782842687510499e-02
1.919000000000000000e+03 1.553980195284833561e-02
1.921000000000000000e+03 1.529874614533884881e-02
1.923000000000000000e+03 1.507309812171830216e-02
1.925000000000000000e+03 1.486181810622459569e-02
1.927000000000000000e+03 1.466192385371829776e-02
1.929000000000000000e+03 1.447333324745394764e-02
1.931000000000000000e+03 1.429004885375320839e-02
1.933000000000000000e+03 1.410938054896179739e-02
1.935000000000000000e+03 1.392720354800620550e-02
1.937000000000000000e+03 1.374580912776173641e-02
1.939000000000000000e+03 1.356243899565741373e-02
1.941000000000000000e+03 1.337550643890442030e-02
1.943000000000000000e+03 1.318573654671375238e-02
1.945000000000000000e+03 1.299617798585030355e-02
1.947000000000000000e+03 1.280729137078249862e-02
1.949000000000000000e+03 1.262355610700001060e-02
1.951000000000000000e+03 1.244709952489221443e-02
1.953000000000000000e+03 1.228101536273816866e-02
1.955000000000000000e+03 1.212582682323586417e-02
1.957000000000000000e+03 1.198076875201914936e-02
1.959000000000000000e+03 1.184528363446406100e-02
1.961000000000000000e+03 1.172116988085497406e-02
1.963000000000000000e+03 1.160038826978319719e-02
1.965000000000000000e+03 1.148399339522280030e-02
1.967000000000000000e+03 1.137127844793005618e-02
1.969000000000000000e+03 1.125877697815240441e-02
1.971000000000000000e+03 1.114627839854280024e-02
1.973000000000000000e+03 1.103289883918955570e-02
1.975000000000000000e+03 1.091862028548048341e-02
1.977000000000000000e+03 1.080222747575316881e-02
1.979000000000000000e+03 1.068695386050167589e-02
1.981000000000000000e+03 1.057290129618557520e-02
1.983000000000000000e+03 1.047460703841243158e-02
1.985000000000000000e+03 1.039176199095651586e-02
1.987000000000000000e+03 1.031913267643585520e-02
1.989000000000000000e+03 1.025290581368524731e-02
1.991000000000000000e+03 1.019196154473803184e-02
1.993000000000000000e+03 1.013490037200247967e-02
1.995000000000000000e+03 1.008134546390226927e-02
1.997000000000000000e+03 1.003030123798536767e-02
1.999000000000000000e+03 9.983060130620505929e-03
2.001000000000000000e+03 9.938361873652082693e-03
2.003000000000000000e+03 9.899611877659482417e-03
2.005000000000000000e+03 9.863195706559645809e-03
2.007000000000000000e+03 9.830772151039229509e-03
2.009000000000000000e+03 9.802490479544078567e-03
2.011000000000000000e+03 9.780194230507877409e-03
2.013000000000000000e+03 9.761168611981009893e-03
2.015000000000000000e+03 9.742906211304280459e-03
2.017000000000000000e+03 9.726064610012330122e-03
2.019000000000000000e+03 9.707485234068051472e-03
2.021000000000000000e+03 9.687342104248557531e-03
2.023000000000000000e+03 9.648989017196105827e-03
2.025000000000000000e+03 9.594685102543186114e-03
2.027000000000000000e+03 9.532306065602359421e-03
2.029000000000000000e+03 9.468023188037556770e-03
2.031000000000000000e+03 9.403357838720182924e-03
2.033000000000000000e+03 9.340922999429715837e-03
2.035000000000000000e+03 9.284335605038992328e-03
2.037000000000000000e+03 9.232683198651846918e-03
2.039000000000000000e+03 9.183252682059958247e-03
2.041000000000000000e+03 9.139078504006286491e-03
2.043000000000000000e+03 9.096752699894159605e-03
2.045000000000000000e+03 9.059514968203631266e-03
2.047000000000000000e+03 9.028722886120960772e-03
2.049000000000000000e+03 9.001231814716322346e-03
2.051000000000000000e+03 8.974859469787781555e-03
2.053000000000000000e+03 8.946322900785010426e-03
2.055000000000000000e+03 8.917554014087263753e-03
2.057000000000000000e+03 8.887285107978742243e-03
2.059000000000000000e+03 8.856409454806713974e-03
2.061000000000000000e+03 8.822860788493400858e-03
2.063000000000000000e+03 8.787473344193585598e-03
2.065000000000000000e+03 8.750395665496416009e-03
2.067000000000000000e+03 8.712622403886437911e-03
2.069000000000000000e+03 8.674020371278285194e-03
2.071000000000000000e+03 8.636088457636756713e-03
2.073000000000000000e+03 8.601741438048289903e-03
2.075000000000000000e+03 8.569685662975778939e-03
2.077000000000000000e+03 8.540933124435053092e-03
2.079000000000000000e+03 8.516656269758589651e-03
2.081000000000000000e+03 8.494849065260677567e-03
2.083000000000000000e+03 8.476158895031544668e-03
2.085000000000000000e+03 8.457182227593730908e-03
2.087000000000000000e+03 8.436441292085473248e-03
2.089000000000000000e+03 8.417042307337745111e-03
2.091000000000000000e+03 8.398442841153966679e-03
2.093000000000000000e+03 8.385495221029168680e-03
2.095000000000000000e+03 8.374595337951217661e-03
2.097000000000000000e+03 8.359806397639118689e-03
2.099000000000000000e+03 8.345754561030009275e-03
2.101000000000000000e+03 8.334362927458304274e-03
2.103000000000000000e+03 8.325305791278428055e-03
2.105000000000000000e+03 8.318377423142422206e-03
2.107000000000000000e+03 8.306049931223165664e-03
2.109000000000000000e+03 8.294326813963385711e-03
2.111000000000000000e+03 8.286828260594243656e-03
2.113000000000000000e+03 8.279243598681443328e-03
2.115000000000000000e+03 8.273842057512905898e-03
2.117000000000000000e+03 8.268229203255813425e-03
2.119000000000000000e+03 8.266483966344455661e-03
2.121000000000000000e+03 8.268880621229367581e-03
2.123000000000000000e+03 8.275406593483037795e-03
2.125000000000000000e+03 8.288587121075942712e-03
2.127000000000000000e+03 8.315652228310719055e-03
2.129000000000000000e+03 8.349659762470715632e-03
2.131000000000000000e+03 8.387360038179657307e-03
2.133000000000000000e+03 8.427588090354296707e-03
2.135000000000000000e+03 8.469278775486241417e-03
2.137000000000000000e+03 8.528266114101325235e-03
2.139000000000000000e+03 8.588808035963074392e-03
2.141000000000000000e+03 8.647837420271477574e-03
2.143000000000000000e+03 8.704590983220784201e-03
2.145000000000000000e+03 8.760420509003169140e-03
2.147000000000000000e+03 8.823732474947951557e-03
2.149000000000000000e+03 8.888347361358224161e-03
2.151000000000000000e+03 8.950261724355047452e-03
2.153000000000000000e+03 9.014696632826668665e-03
2.155000000000000000e+03 9.078538776266594987e-03
2.157000000000000000e+03 9.143413786439496399e-03
2.159000000000000000e+03 9.209368390312068151e-03
2.161000000000000000e+03 9.277085731494149126e-03
2.163000000000000000e+03 9.349502398939620040e-03
2.165000000000000000e+03 9.427405728305802632e-03
2.167000000000000000e+03 9.498649941394762125e-03
2.169000000000000000e+03 9.572996590015038845e-03
2.171000000000000000e+03 9.651513241706651675e-03
2.173000000000000000e+03 9.730885591514212493e-03
2.175000000000000000e+03 9.809793338089019266e-03
2.177000000000000000e+03 9.871777432806812941e-03
2.179000000000000000e+03 9.927775104927542144e-03
2.181000000000000000e+03 9.978413847654209190e-03
2.183000000000000000e+03 1.002865772288925872e-02
2.185000000000000000e+03 1.007486605865687279e-02
2.187000000000000000e+03 1.011267369249502050e-02
2.189000000000000000e+03 1.014769359297215852e-02
2.191000000000000000e+03 1.018352691951676138e-02
2.193000000000000000e+03 1.021728475603668300e-02
2.195000000000000000e+03 1.025288515242326996e-02
2.197000000000000000e+03 1.028920354324031582e-02
2.199000000000000000e+03 1.032885127162944637e-02
2.201000000000000000e+03 1.037196451305249373e-02
2.203000000000000000e+03 1.041496117410225554e-02
2.205000000000000000e+03 1.045781806776721265e-02
2.207000000000000000e+03 1.049709653455824232e-02
2.209000000000000000e+03 1.053601540760487794e-02
2.211000000000000000e+03 1.057197618596136812e-02
2.213000000000000000e+03 1.061452858292867216e-02
2.215000000000000000e+03 1.066356550089274900e-02
2.217000000000000000e+03 1.070810065409598041e-02
2.219000000000000000e+03 1.073933565707165839e-02
2.221000000000000000e+03 1.075421201477991771e-02
2.223000000000000000e+03 1.075311168960744503e-02
2.225000000000000000e+03 1.074942574921313419e-02
2.227000000000000000e+03 1.075095571155571320e-02
2.229000000000000000e+03 1.075424874615739032e-02
2.231000000000000000e+03 1.075805128398996981e-02
2.233000000000000000e+03 1.075866427086840521e-02
2.235000000000000000e+03 1.075857828352231108e-02
2.237000000000000000e+03 1.076783427506234139e-02
2.239000000000000000e+03 1.078821032742612734e-02
2.241000000000000000e+03 1.081953687433127344e-02
2.243000000000000000e+03 1.085666980680584891e-02
2.245000000000000000e+03 1.088859750786912162e-02
2.247000000000000000e+03 1.090970307013114197e-02
2.249000000000000000e+03 1.091173699617340939e-02
2.251000000000000000e+03 1.089900609954312476e-02
2.253000000000000000e+03 1.086935529299805185e-02
2.255000000000000000e+03 1.082538750277941414e-02
2.257000000000000000e+03 1.077228360310950733e-02
2.259000000000000000e+03 1.071421537649165992e-02
2.261000000000000000e+03 1.064902456549120247e-02
2.263000000000000000e+03 1.059207630734614221e-02
2.265000000000000000e+03 1.053651463920013062e-02
2.267000000000000000e+03 1.047769811761972703e-02
2.269000000000000000e+03 1.042086320283104259e-02
2.271000000000000000e+03 1.036961547834026019e-02
2.273000000000000000e+03 1.032536689794276256e-02
2.275000000000000000e+03 1.028765456085150090e-02
2.277000000000000000e+03 1.024315756744429914e-02
2.279000000000000000e+03 1.018793013797559231e-02
2.281000000000000000e+03 1.011780965155162706e-02
2.283000000000000000e+03 1.003662005845868364e-02
2.285000000000000000e+03 9.950133955115417206e-03
2.287000000000000000e+03 9.866844766404928718e-03
2.289000000000000000e+03 9.785492953701376354e-03
2.291000000000000000e+03 9.702377501253947947e-03
2.293000000000000000e+03 9.608539465236954139e-03
2.295000000000000000e+03 9.503897598502005634e-03
2.297000000000000000e+03 9.392313605033798460e-03
2.299000000000000000e+03 9.285639526405453995e-03
2.301000000000000000e+03 9.194452818100790764e-03
2.303000000000000000e+03 9.107583345670139038e-03
2.305000000000000000e+03 9.021402745983139390e-03
2.307000000000000000e+03 8.941526561840018941e-03
2.309000000000000000e+03 8.864080367509860961e-03
2.311000000000000000e+03 8.787894275388690238e-03
2.313000000000000000e+03 8.715831950212134943e-03
2.315000000000000000e+03 8.641638059346871265e-03
2.317000000000000000e+03 8.573855420723208026e-03
2.319000000000000000e+03 8.505340767788933248e-03
2.321000000000000000e+03 8.437387553069700466e-03
2.323000000000000000e+03 8.369288312503843016e-03
2.325000000000000000e+03 8.299656626258233513e-03
2.327000000000000000e+03 8.228747055680748004e-03
2.329000000000000000e+03 8.154906935660640940e-03
2.331000000000000000e+03 8.078347633653053250e-03
2.333000000000000000e+03 8.001881372789579339e-03
2.335000000000000000e+03 7.925602293004426618e-03
2.337000000000000000e+03 7.856075944610732206e-03
2.339000000000000000e+03 7.790283688096900049e-03
2.341000000000000000e+03 7.728091458765167648e-03
2.343000000000000000e+03 7.666442614655311766e-03
2.345000000000000000e+03 7.609145389637782426e-03
2.347000000000000000e+03 7.552507376094452426e-03
2.349000000000000000e+03 7.499132942583139512e-03
2.351000000000000000e+03 7.445327724735834561e-03
2.353000000000000000e+03 7.395494736728818429e-03
2.355000000000000000e+03 7.348441265967968830e-03
2.357000000000000000e+03 7.300909487817769210e-03
2.359000000000000000e+03 7.254726508156107874e-03
2.361000000000000000e+03 7.208162560873321474e-03
2.363000000000000000e+03 7.160539943239614506e-03
2.365000000000000000e+03 7.111279732229274474e-03
2.367000000000000000e+03 7.061336999267290096e-03
2.369000000000000000e+03 7.010302234357308239e-03
2.371000000000000000e+03 6.959745769859975936e-03
2.373000000000000000e+03 6.908071926725623327e-03
2.375000000000000000e+03 6.857831168142602268e-03
2.377000000000000000e+03 6.808497257704053569e-03
2.379000000000000000e+03 6.761891195200819826e-03
2.381000000000000000e+03 6.716201116033849831e-03
2.383000000000000000e+03 6.675093261117176491e-03
2.385000000000000000e+03 6.634788301320012315e-03
2.387000000000000000e+03 6.598544610012729156e-03
2.389000000000000000e+03 6.562198596875678212e-03
2.391000000000000000e+03 6.529424947477742783e-03
2.393000000000000000e+03 6.494849722618409142e-03
2.395000000000000000e+03 6.458686942117755278e-03
2.397000000000000000e+03 6.421354150518673691e-03
2.399000000000000000e+03 6.381740162674567722e-03
2.401000000000000000e+03 6.339675344187224205e-03
2.403000000000000000e+03 6.296897952603654897e-03
2.405000000000000000e+03 6.253584785480672224e-03
2.407000000000000000e+03 6.207828052618870503e-03
2.409000000000000000e+03 6.161641988277127488e-03
2.411000000000000000e+03 6.114223824266988225e-03
2.413000000000000000e+03 6.066366006760783025e-03
2.415000000000000000e+03 6.018327247440071436e-03
2.417000000000000000e+03 5.972533381145492259e-03
2.419000000000000000e+03 5.927522061545480690e-03
2.421000000000000000e+03 5.885037690816729422e-03
2.423000000000000000e+03 5.844293512303371137e-03
2.425000000000000000e+03 5.806902016615345455e-03
2.427000000000000000e+03 5.768910809455396298e-03
2.429000000000000000e+03 5.734270467233793835e-03
2.431000000000000000e+03 5.703052995955700845e-03
2.433000000000000000e+03 5.672765962577771583e-03
2.435000000000000000e+03 5.644506638150680392e-03
2.437000000000000000e+03 5.616095783496549525e-03
2.439000000000000000e+03 5.588033595121005490e-03
2.441000000000000000e+03 5.559247387036120834e-03
2.443000000000000000e+03 5.528304740211371741e-03
2.445000000000000000e+03 5.493700699105070508e-03
2.447000000000000000e+03 5.456744457413332389e-03
2.449000000000000000e+03 5.416738455276294030e-03
2.451000000000000000e+03 5.374332961342152479e-03
2.453000000000000000e+03 5.330663293218284096e-03
2.455000000000000000e+03 5.286921660667763534e-03
2.457000000000000000e+03 5.245698939608975722e-03
2.459000000000000000e+03 5.205396572354036716e-03
2.461000000000000000e+03 5.166034418353890496e-03
2.463000000000000000e+03 5.124701305014268786e-03
2.465000000000000000e+03 5.085029834921581983e-03
2.467000000000000000e+03 5.047865590486860267e-03
2.469000000000000000e+03 5.011302659033784607e-03
2.471000000000000000e+03 4.972979998503975450e-03
2.473000000000000000e+03 4.935769590982103106e-03
2.475000000000000000e+03 4.897603141241706204e-03
2.477000000000000000e+03 4.858211048348530341e-03
2.479000000000000000e+03 4.818801086964781023e-03
2.481000000000000000e+03 4.779550695342231308e-03
2.483000000000000000e+03 4.738560244596816927e-03
2.485000000000000000e+03 4.698050545555451131e-03
2.487000000000000000e+03 4.654628481693698881e-03
2.489000000000000000e+03 4.613925464820763100e-03
2.491000000000000000e+03 4.572036381307385648e-03
2.493000000000000000e+03 4.533076942479685907e-03
2.495000000000000000e+03 4.497082808535289404e-03
2.497000000000000000e+03 4.458457249219105294e-03
2.499000000000000000e+03 4.421180152986687803e-03
2.501000000000000000e+03 4.387711425182575647e-03
2.503000000000000000e+03 4.356984744502095767e-03
2.505000000000000000e+03 4.326451513951372167e-03
2.507000000000000000e+03 4.295156675140324350e-03
2.509000000000000000e+03 4.264629008680694000e-03
2.511000000000000000e+03 4.235004462106666846e-03
2.513000000000000000e+03 4.205756724451428265e-03
2.515000000000000000e+03 4.178172627953715898e-03
2.517000000000000000e+03 4.150513557223601234e-03
2.519000000000000000e+03 4.122119448212479761e-03
2.521000000000000000e+03 4.093318774240219116e-03
2.523000000000000000e+03 4.064765211868449565e-03
2.525000000000000000e+03 4.036692414367534787e-03
2.527000000000000000e+03 4.010948381065025312e-03
2.529000000000000000e+03 3.983026390211305730e-03
2.531000000000000000e+03 3.958019925560920561e-03
2.533000000000000000e+03 3.932822237791265725e-03
2.535000000000000000e+03 3.907171293992224743e-03
2.537000000000000000e+03 3.885375026310148010e-03
2.539000000000000000e+03 3.864654004625640502e-03
2.541000000000000000e+03 3.844100439093683756e-03
2.543000000000000000e+03 3.824870481505687498e-03
2.545000000000000000e+03 3.808789644285011551e-03
2.547000000000000000e+03 3.795565098011698026e-03
2.549000000000000000e+03 3.783772517702331875e-03
2.551000000000000000e+03 3.773522001417363696e-03
2.553000000000000000e+03 3.764350257974628279e-03
2.555000000000000000e+03 3.755764008284411329e-03
2.557000000000000000e+03 3.749206752218763559e-03
2.559000000000000000e+03 3.742051266112758710e-03
2.561000000000000000e+03 3.732999348863663951e-03
2.563000000000000000e+03 3.723083451596500074e-03
2.565000000000000000e+03 3.710491333520451063e-03
2.567000000000000000e+03 3.696145953036867379e-03
2.569000000000000000e+03 3.681697326361298931e-03
2.571000000000000000e+03 3.666857331256178666e-03
2.573000000000000000e+03 3.652022079665840325e-03
2.575000000000000000e+03 3.637085165145555188e-03
2.577000000000000000e+03 3.621604243655147763e-03
2.579000000000000000e+03 3.607290390723683418e-03
2.581000000000000000e+03 3.593343294437884809e-03
2.583000000000000000e+03 3.580510624060509288e-03
2.585000000000000000e+03 3.568201062387107644e-03
2.587000000000000000e+03 3.556249473976421521e-03
2.589000000000000000e+03 3.544724306889154679e-03
2.591000000000000000e+03 3.533651006502534254e-03
2.593000000000000000e+03 3.521385330521017380e-03
2.595000000000000000e+03 3.506989555536104385e-03
2.597000000000000000e+03 3.488928219329980474e-03
2.599000000000000000e+03 3.469301332895131755e-03
2.601000000000000000e+03 3.447623601973588518e-03
2.603000000000000000e+03 3.424261211107902485e-03
2.605000000000000000e+03 3.401948807158577514e-03
2.607000000000000000e+03 3.380959764286716168e-03
2.609000000000000000e+03 3.360905258568721958e-03
2.611000000000000000e+03 3.340884866230198376e-03
2.613000000000000000e+03 3.322675905601766514e-03
2.615000000000000000e+03 3.305725618690160111e-03
2.617000000000000000e+03 3.291131087517644264e-03
2.619000000000000000e+03 3.277804971726840533e-03
2.621000000000000000e+03 3.267624104089939582e-03
2.623000000000000000e+03 3.258177694734466258e-03
2.625000000000000000e+03 3.250179544431110179e-03
2.627000000000000000e+03 3.244298477725680255e-03
2.629000000000000000e+03 3.239344053239041118e-03
2.631000000000000000e+03 3.234567550037973326e-03
