        Frequency / GHz                System Tot. Efficiency [AC1]/abs,linear
----------------------------------------------------------------------
                    0.69                       0.1393236
                    0.78                      0.12956545
                    0.87                      0.11985327
                    0.96                     0.055915186
                     1.7                     0.072957759
                     1.8                     0.090573519
                     1.9                      0.11680785
                       2                      0.14149173
                     2.1                      0.16048277
                     2.2                      0.19963978
                     2.3                      0.22397641
                     2.4                       0.1422717
                     2.5                     0.097786949
                     2.6                     0.055427952
                     2.7                     0.035417926

