        Frequency / GHz                System Tot. Efficiency [AC1]/abs,dB
----------------------------------------------------------------------
                    0.69                      -7.9438831
                    0.78                        -8.83667
                    0.87                      -9.4822574
                    0.96                      -9.0295389
                     1.7                      -9.4604595
                     1.8                       -6.926714
                     1.9                      -4.5842231
                       2                      -5.1077679
                     2.1                      -7.1077797
                     2.2                      -9.1593783
                     2.3                      -10.781038
                     2.4                       -11.86156
                     2.5                      -12.454398
                     2.6                      -12.693484
                     2.7                      -12.718492

