Frequency    S1,1_[117]

                     0.5                   -0.0044989645
                  0.5025                   -0.0048129597
                   0.505                   -0.0051615578
                  0.5075                   -0.0055357578
                    0.51                   -0.0059247248
                  0.5125                   -0.0063206152
                   0.515                    -0.006722783
                  0.5175                   -0.0071395357
                    0.52                   -0.0075861827
                  0.5225                   -0.0080806638
                   0.525                   -0.0086375471
                  0.5275                   -0.0092630758
                    0.53                   -0.0099533632
                  0.5325                    -0.010696366
                   0.535                    -0.011477573
                  0.5375                    -0.012287382
                    0.54                    -0.013127139
                  0.5425                    -0.014011585
                   0.545                     -0.01496624
                  0.5475                    -0.016020679
                    0.55                    -0.017199825
                  0.5525                    -0.018516534
                   0.555                    -0.019968723
                  0.5575                    -0.021542668
                    0.56                    -0.023221297
                  0.5625                     -0.02499548
                   0.565                    -0.026873261
                  0.5675                    -0.028883635
                    0.57                    -0.031073162
                  0.5725                    -0.033495833
                   0.575                      -0.0361997
                  0.5775                    -0.039216785
                    0.58                     -0.04255774
                  0.5825                    -0.046218086
                   0.585                    -0.050190454
                  0.5875                    -0.054483361
                    0.59                     -0.05913553
                  0.5925                    -0.064221657
                   0.595                    -0.069848807
                  0.5975                    -0.076140738
                     0.6                    -0.083218207
                  0.6025                    -0.091184455
                   0.605                     -0.10012032
                  0.6075                     -0.11009689
                    0.61                     -0.12120113
                  0.6125                      -0.1335695
                   0.615                     -0.14741822
                  0.6175                     -0.16305913
                    0.62                     -0.18089509
                  0.6225                      -0.2014041
                   0.625                     -0.22510962
                  0.6275                     -0.25257038
                    0.63                     -0.28437601
                  0.6325                     -0.32117485
                   0.635                     -0.36368763
                  0.6375                     -0.41267729
                    0.64                     -0.46874022
                  0.6425                     -0.53177876
                   0.645                     -0.59991969
                  0.6475                     -0.66787486
                    0.65                     -0.72556595
                  0.6525                     -0.75967569
                   0.655                     -0.76112811
                  0.6575                     -0.73464913
                    0.66                     -0.69875147
                  0.6625                     -0.67410711
                   0.665                     -0.67381071
                  0.6675                      -0.7028298
                    0.67                     -0.76203746
                  0.6725                     -0.85157696
                   0.675                     -0.97241552
                  0.6775                      -1.1267951
                    0.68                      -1.3183554
                  0.6825                      -1.5523388
                   0.685                      -1.8360928
                  0.6875                      -2.1798366
                    0.69                      -2.5974924
                  0.6925                      -3.1074951
                   0.695                      -3.7335435
                  0.6975                      -4.5053141
                     0.7                      -5.4598619
                  0.7025                      -6.6451688
                   0.705                      -8.1283002
                  0.7075                      -10.013781
                    0.71                      -12.483957
                  0.7125                      -15.888579
                   0.715                      -20.796157
                  0.7175                      -24.180338
                    0.72                      -19.541438
                  0.7225                      -15.471412
                   0.725                      -12.730894
                  0.7275                      -10.776731
                    0.73                      -9.3120621
                  0.7325                      -8.1738342
                   0.735                      -7.2642174
                  0.7375                      -6.5207759
                    0.74                      -5.9022351
                  0.7425                      -5.3807647
                   0.745                      -4.9371393
                  0.7475                      -4.5575404
                    0.75                      -4.2313492
                  0.7525                      -3.9498337
                   0.755                      -3.7054549
                  0.7575                       -3.491635
                    0.76                      -3.3028166
                  0.7625                      -3.1345307
                   0.765                      -2.9834312
                  0.7675                      -2.8471643
                    0.77                      -2.7241166
                  0.7725                      -2.6131034
                   0.775                      -2.5130615
                  0.7775                      -2.4228636
                    0.78                      -2.3412557
                  0.7825                      -2.2669296
                   0.785                      -2.1986532
                  0.7875                      -2.1354187
                    0.79                       -2.076528
                  0.7925                      -2.0215888
                   0.795                      -1.9704329
                  0.7975                      -1.9229771
                     0.8                      -1.8790887
                  0.8025                      -1.8384977
                   0.805                      -1.8007904
                  0.8075                      -1.7654619
                    0.81                      -1.7320209
                  0.8125                      -1.7000841
                   0.815                      -1.6694391
                  0.8175                      -1.6400431
                    0.82                      -1.6119644
                  0.8225                      -1.5852895
                   0.825                      -1.5600363
                  0.8275                      -1.5360999
                    0.83                      -1.5132594
                  0.8325                      -1.4912243
                   0.835                      -1.4697183
                  0.8375                      -1.4485493
                    0.84                      -1.4276534
                  0.8425                       -1.407086
                   0.845                      -1.3869723
                  0.8475                      -1.3674322
                    0.85                      -1.3485154
                  0.8525                      -1.3301668
                   0.855                      -1.3122354
                  0.8575                      -1.2945229
                    0.86                      -1.2768498
                  0.8625                      -1.2591126
                   0.865                      -1.2413114
                  0.8675                      -1.2235381
                    0.87                      -1.2059299
                  0.8725                      -1.1886088
                   0.875                       -1.171629
                  0.8775                      -1.1549559
                    0.88                      -1.1384797
                  0.8825                       -1.122059
                   0.885                      -1.1055741
                  0.8875                      -1.0889741
                    0.89                      -1.0722905
                  0.8925                      -1.0556239
                   0.895                      -1.0391025
                  0.8975                      -1.0228291
                     0.9                      -1.0068476
                  0.9025                     -0.99112739
                   0.905                      -0.9755828
                  0.9075                     -0.96010841
                    0.91                     -0.94462668
                  0.9125                     -0.92911748
                   0.915                     -0.91362762
                  0.9175                      -0.8982506
                    0.92                     -0.88309104
                  0.9225                     -0.86822634
                   0.925                     -0.85367776
                  0.9275                     -0.83940835
                    0.93                     -0.82534032
                  0.9325                     -0.81139094
                   0.935                     -0.79750699
                  0.9375                     -0.78368622
                    0.94                     -0.76997988
                  0.9425                     -0.75647108
                   0.945                      -0.7432436
                  0.9475                      -0.7303486
                    0.95                     -0.71778748
                  0.9525                     -0.70551383
                   0.955                     -0.69345265
                  0.9575                     -0.68153096
                    0.96                     -0.66970874
                  0.9625                     -0.65799204
                   0.965                     -0.64643105
                  0.9675                     -0.63509912
                    0.97                     -0.62406372
                  0.9725                     -0.61336057
                   0.975                     -0.60298005
                  0.9775                     -0.59287136
                    0.98                     -0.58296298
                  0.9825                      -0.5731894
                   0.985                     -0.56351638
                  0.9875                     -0.55395177
                    0.99                     -0.54454046
                  0.9925                     -0.53534592
                   0.995                     -0.52642392
                  0.9975                     -0.51780089
                       1                     -0.50946311
                  1.0025                      -0.5013626
                   1.005                     -0.49343565
                  1.0075                     -0.48562549
                    1.01                     -0.47790322
                  1.0125                     -0.47027713
                   1.015                     -0.46278623
                  1.0175                     -0.45548354
                    1.02                     -0.44841314
                  1.0225                     -0.44159369
                   1.025                     -0.43500983
                  1.0275                     -0.42861785
                    1.03                     -0.42236304
                  1.0325                     -0.41619924
                   1.035                     -0.41010603
                  1.0375                     -0.40409368
                    1.04                     -0.39819784
                  1.0425                     -0.39246382
                   1.045                     -0.38692641
                  1.0475                     -0.38159654
                    1.05                     -0.37645482
                  1.0525                     -0.37146019
                   1.055                     -0.36656413
                  1.0575                     -0.36172908
                    1.06                     -0.35694165
                  1.0625                      -0.3522173
                   1.065                     -0.34759187
                  1.0675                     -0.34310695
                    1.07                     -0.33879208
                  1.0725                     -0.33465333
                   1.075                     -0.33066851
                  1.0775                     -0.32679645
                    1.08                      -0.3229916
                  1.0825                     -0.31922061
                   1.085                     -0.31547425
                  1.0875                      -0.3117704
                    1.09                     -0.30814567
                  1.0925                     -0.30464072
                   1.095                     -0.30128372
                  1.0975                      -0.2980788
                     1.1                     -0.29500463
                  1.1025                     -0.29202133
                   1.105                     -0.28908555
                  1.1075                     -0.28616646
                    1.11                      -0.2832561
                  1.1125                      -0.2803718
                   1.115                      -0.2775483
                  1.1175                     -0.27482409
                    1.12                     -0.27222562
                  1.1225                     -0.26975689
                   1.125                     -0.26739837
                  1.1275                     -0.26511411
                    1.13                     -0.26286509
                  1.1325                     -0.26062388
                   1.135                     -0.25838479
                  1.1375                     -0.25616427
                    1.14                     -0.25399449
                  1.1425                     -0.25190947
                   1.145                     -0.24993197
                  1.1475                     -0.24806395
                    1.15                     -0.24628584
                  1.1525                     -0.24456458
                   1.155                     -0.24286573
                  1.1575                     -0.24116723
                    1.16                     -0.23946708
                  1.1625                     -0.23778386
                   1.165                     -0.23614927
                  1.1675                     -0.23459429
                    1.17                     -0.23313777
                  1.1725                     -0.23177771
                   1.175                     -0.23049287
                  1.1775                     -0.22924903
                    1.18                     -0.22801432
                  1.1825                     -0.22676963
                   1.185                     -0.22551687
                  1.1875                     -0.22427809
                    1.19                     -0.22308635
                  1.1925                     -0.22197331
                   1.195                     -0.22095645
                  1.1975                     -0.22003208
                     1.2                     -0.21917603
                  1.2025                     -0.21835392
                   1.205                     -0.21753218
                  1.2075                     -0.21669287
                    1.21                     -0.21583839
                  1.2125                     -0.21499214
                   1.215                     -0.21418862
                  1.2175                     -0.21345999
                    1.22                     -0.21282467
                  1.2225                     -0.21227944
                   1.225                     -0.21180105
                  1.2275                     -0.21135527
                    1.23                     -0.21090954
                  1.2325                     -0.21044516
                   1.235                     -0.20996503
                  1.2375                     -0.20949114
                    1.24                     -0.20905663
                  1.2425                     -0.20869267
                   1.245                     -0.20841642
                  1.2475                     -0.20822473
                    1.25                     -0.20809558
                  1.2525                     -0.20799725
                   1.255                     -0.20789943
                  1.2575                     -0.20778709
                    1.26                      -0.2076643
                  1.2625                     -0.20755362
                   1.265                     -0.20748705
                  1.2675                      -0.2074926
                    1.27                     -0.20758391
                  1.2725                     -0.20775529
                   1.275                     -0.20798294
                  1.2775                     -0.20823493
                    1.28                     -0.20848448
                  1.2825                     -0.20871988
                   1.285                     -0.20894966
                  1.2875                     -0.20920033
                    1.29                     -0.20950525
                  1.2925                     -0.20989227
                   1.295                     -0.21037241
                  1.2975                     -0.21093609
                     1.3                     -0.21155514
                  1.3025                     -0.21219508
                   1.305                     -0.21282807
                  1.3075                     -0.21344366
                    1.31                     -0.21405424
                  1.3125                      -0.2146901
                   1.315                     -0.21538847
                  1.3175                     -0.21618062
                    1.32                     -0.21707793
                  1.3225                     -0.21806941
                   1.325                     -0.21912502
                  1.3275                     -0.22020693
                    1.33                     -0.22128507
                  1.3325                     -0.22234767
                   1.335                     -0.22340709
                  1.3375                     -0.22449513
                    1.34                     -0.22565134
                  1.3425                     -0.22690809
                   1.345                     -0.22827925
                  1.3475                     -0.22975482
                    1.35                     -0.23130518
                  1.3525                     -0.23289355
                   1.355                      -0.2344898
                  1.3575                     -0.23608304
                    1.36                     -0.23768543
                  1.3625                     -0.23932879
                   1.365                     -0.24105117
                  1.3675                     -0.24288392
                    1.37                     -0.24483847
                  1.3725                     -0.24690374
                   1.375                      -0.2490501
                  1.3775                     -0.25124237
                    1.38                     -0.25345425
                  1.3825                     -0.25567958
                   1.385                     -0.25793587
                  1.3875                     -0.26025762
                    1.39                     -0.26268423
                  1.3925                     -0.26524359
                   1.395                     -0.26794241
                  1.3975                       -0.270763
                     1.4                       -0.273671
                  1.4025                     -0.27662884
                   1.405                     -0.27961249
                  1.4075                      -0.2826211
                    1.41                     -0.28568107
                  1.4125                      -0.2888353
                   1.415                     -0.29212869
                  1.4175                     -0.29559172
                    1.42                     -0.29922772
                  1.4225                     -0.30301215
                   1.425                      -0.3069021
                  1.4275                     -0.31085331
                    1.43                     -0.31483855
                  1.4325                      -0.3188588
                   1.435                     -0.32294552
                  1.4375                     -0.32715112
                    1.44                     -0.33152852
                  1.4425                     -0.33611341
                   1.445                     -0.34091101
                  1.4475                     -0.34589479
                    1.45                     -0.35101659
                  1.4525                     -0.35622657
                   1.455                     -0.36149246
                  1.4575                     -0.36681492
                    1.46                     -0.37222653
                  1.4625                     -0.37778175
                   1.465                     -0.38353812
                  1.4675                     -0.38953341
                    1.47                     -0.39577365
                  1.4725                     -0.40223212
                   1.475                     -0.40885936
                  1.4775                     -0.41560698
                    1.48                      -0.4224446
                  1.4825                     -0.42937496
                   1.485                     -0.43643468
                  1.4875                     -0.44367893
                    1.49                     -0.45116262
                  1.4925                     -0.45891815
                   1.495                     -0.46694333
                  1.4975                     -0.47520406
                     1.5                      -0.4836484
                  1.5025                     -0.49222998
                   1.505                     -0.50092692
                  1.5075                     -0.50975532
                    1.51                     -0.51876302
                  1.5125                     -0.52801437
                   1.515                     -0.53756192
                  1.5175                      -0.5474289
                    1.52                     -0.55759852
                  1.5225                     -0.56801837
                   1.525                     -0.57862435
                  1.5275                     -0.58936571
                    1.53                     -0.60023086
                  1.5325                     -0.61125087
                   1.535                     -0.62249386
                  1.5375                     -0.63404014
                    1.54                     -0.64595229
                  1.5425                     -0.65824843
                   1.545                     -0.67089743
                  1.5475                      -0.6838271
                    1.55                     -0.69695767
                  1.5525                     -0.71022928
                   1.555                     -0.72362885
                  1.5575                      -0.7372034
                    1.56                     -0.75103858
                  1.5625                     -0.76523211
                   1.565                     -0.77985686
                  1.5675                     -0.79493448
                    1.57                     -0.81042845
                  1.5725                      -0.8262558
                   1.575                     -0.84232126
                  1.5775                     -0.85856501
                    1.58                     -0.87497488
                  1.5825                     -0.89160536
                   1.585                     -0.90855345
                  1.5875                     -0.92592657
                    1.59                     -0.94380029
                  1.5925                     -0.96219129
                   1.595                     -0.98105482
                  1.5975                      -1.0003029
                     1.6                      -1.0198433
                  1.6025                      -1.0396182
                   1.605                      -1.0596343
                  1.6075                      -1.0799586
                    1.61                      -1.1007007
                  1.6125                      -1.1219636
                   1.615                      -1.1438096
                  1.6175                      -1.1662355
                    1.62                      -1.1891684
                  1.6225                      -1.2125084
                   1.625                      -1.2361606
                  1.6275                      -1.2600836
                    1.63                      -1.2843113
                  1.6325                      -1.3089428
                   1.635                      -1.3340979
                  1.6375                      -1.3598819
                    1.64                      -1.3863257
                  1.6425                      -1.4133844
                   1.645                      -1.4409398
                  1.6475                      -1.4688502
                    1.65                      -1.4970131
                  1.6525                      -1.5253987
                   1.655                       -1.554064
                  1.6575                      -1.5831398
                    1.66                      -1.6127696
                  1.6625                      -1.6430433
                   1.665                      -1.6739612
                  1.6675                       -1.705415
                    1.67                      -1.7372293
                  1.6725                      -1.7692128
                   1.675                       -1.801231
                  1.6775                      -1.8332592
                    1.68                      -1.8653746
                  1.6825                      -1.8977202
                   1.685                      -1.9304358
                  1.6875                      -1.9635853
                    1.69                       -1.997114
                  1.6925                      -2.0308444
                   1.695                      -2.0645331
                  1.6975                      -2.0979517
                     1.7                      -2.1309512
                  1.7025                      -2.1635128
                   1.705                      -2.1957234
                  1.7075                      -2.2277262
                    1.71                      -2.2596264
                  1.7125                      -2.2914225
                   1.715                       -2.322976
                  1.7175                      -2.3540387
                    1.72                      -2.3843224
                  1.7225                      -2.4135918
                   1.725                      -2.4417408
                  1.7275                      -2.4687877
                    1.73                      -2.4948628
                  1.7325                      -2.5200924
                   1.735                      -2.5445379
                  1.7375                      -2.5681169
                    1.74                      -2.5906138
                  1.7425                        -2.61173
                   1.745                      -2.6311972
                  1.7475                       -2.648847
                    1.75                      -2.6646701
                  1.7525                      -2.6787944
                   1.755                       -2.691414
                  1.7575                      -2.7026745
                    1.76                      -2.7126008
                  1.7625                      -2.7210658
                   1.765                      -2.7278235
                  1.7675                      -2.7326112
                    1.77                      -2.7352429
                  1.7725                      -2.7356814
                   1.775                      -2.7340642
                  1.7775                      -2.7306349
                    1.78                      -2.7256451
                  1.7825                      -2.7192572
                   1.785                      -2.7114842
                  1.7875                      -2.7021953
                    1.79                      -2.6911876
                  1.7925                      -2.6782741
                   1.795                      -2.6633944
                  1.7975                      -2.6466402
                     1.8                      -2.6282438
                  1.8025                      -2.6084969
                   1.805                      -2.5876492
                  1.8075                      -2.5658393
                    1.81                      -2.5430515
                  1.8125                      -2.5191643
                   1.815                      -2.4940293
                  1.8175                      -2.4675412
                    1.82                      -2.4397309
                  1.8225                      -2.4107548
                   1.825                      -2.3808594
                  1.8275                      -2.3503015
                    1.83                      -2.3192633
                  1.8325                      -2.2878145
                   1.835                      -2.2559014
                  1.8375                      -2.2233971
                    1.84                      -2.1901838
                  1.8425                      -2.1562178
                   1.845                      -2.1215617
                  1.8475                      -2.0863819
                    1.85                       -2.050886
                  1.8525                      -2.0152663
                   1.855                      -1.9796271
                  1.8575                      -1.9439676
                    1.86                      -1.9081985
                  1.8625                      -1.8721931
                   1.865                      -1.8358433
                  1.8675                      -1.7991255
                    1.87                      -1.7621023
                  1.8725                      -1.7249098
                   1.875                      -1.6877128
                  1.8775                      -1.6506335
                    1.88                      -1.6137249
                  1.8825                      -1.5769428
                   1.885                      -1.5401784
                  1.8875                      -1.5032956
                    1.89                       -1.466179
                  1.8925                      -1.4287704
                   1.895                      -1.3910818
                  1.8975                      -1.3531586
                     1.9                      -1.3150487
                  1.9025                      -1.2767341
                   1.905                      -1.2380927
                  1.9075                       -1.198864
                    1.91                      -1.1586157
                  1.9125                      -1.1167612
                   1.915                       -1.072599
                  1.9175                      -1.0255759
                    1.92                     -0.97616111
                  1.9225                     -0.92753667
                   1.925                     -0.88586521
                  1.9275                     -0.85501697
                    1.93                     -0.83163885
                  1.9325                     -0.80972089
                   1.935                     -0.78593917
                  1.9375                     -0.75959784
                    1.94                     -0.73105478
                  1.9425                      -0.7008648
                   1.945                     -0.66952829
                  1.9475                     -0.63745468
                    1.95                     -0.60497496
                  1.9525                     -0.57236019
                   1.955                     -0.53982447
                  1.9575                     -0.50752215
                    1.96                     -0.47557508
                  1.9625                     -0.44407667
                   1.965                     -0.41312043
                  1.9675                     -0.38281835
                    1.97                     -0.35332952
                  1.9725                     -0.32488476
                   1.975                      -0.2977958
                  1.9775                     -0.27246946
                    1.98                     -0.24941627
                  1.9825                     -0.22924976
                   1.985                     -0.21268482
                  1.9875                     -0.20054581
                    1.99                     -0.19377638
                  1.9925                     -0.19347044
                   1.995                     -0.20092518
                  1.9975                     -0.21772914
                       2                     -0.24586182
                  2.0025                     -0.28781841
                   2.005                     -0.34667081
                  2.0075                     -0.42610259
                    2.01                     -0.53028341
                  2.0125                     -0.66363035
                   2.015                     -0.83034851
                  2.0175                      -1.0341433
                    2.02                       -1.277622
                  2.0225                      -1.5621918
                   2.025                      -1.8876752
                  2.0275                      -2.2520973
                    2.03                       -2.650879
                  2.0325                      -3.0756997
                   2.035                      -3.5134111
                  2.0375                      -3.9460397
                    2.04                      -4.3523783
                  2.0425                      -4.7120791
                   2.045                      -5.0099505
                  2.0475                      -5.2386216
                    2.05                      -5.3986702
                  2.0525                       -5.495829
                   2.055                      -5.5380341
                  2.0575                      -5.5334239
                    2.06                      -5.4899049
                  2.0625                      -5.4155479
                   2.065                      -5.3188041
                  2.0675                      -5.2082776
                    2.07                      -5.0917234
                  2.0725                      -4.9752696
                   2.075                      -4.8627803
                  2.0775                      -4.7558792
                    2.08                      -4.6544962
                  2.0825                      -4.5576209
                   2.085                      -4.4642057
                  2.0875                      -4.3738536
                    2.09                      -4.2870068
                  2.0925                      -4.2047795
                   2.095                      -4.1284547
                  2.0975                      -4.0589344
                     2.1                      -3.9963532
                  2.1025                      -3.9400016
                   2.105                      -3.8884937
                  2.1075                      -3.8402519
                    2.11                      -3.7939511
                  2.1125                      -3.7489654
                   2.115                      -3.7054498
                  2.1175                      -3.6641625
                    2.12                      -3.6260513
                  2.1225                       -3.591803
                   2.125                         -3.5615
                  2.1275                      -3.5345514
                    2.13                       -3.509849
                  2.1325                      -3.4861637
                   2.135                       -3.462558
                  2.1375                      -3.4387045
                    2.14                      -3.4149456
                  2.1425                      -3.3920918
                   2.145                      -3.3710173
                  2.1475                      -3.3522582
                    2.15                      -3.3357513
                  2.1525                      -3.3208153
                   2.155                      -3.3063882
                  2.1575                      -3.2914287
                    2.16                      -3.2753297
                  2.1625                      -3.2581551
                   2.165                      -3.2405871
                  2.1675                      -3.2236291
                    2.17                      -3.2081388
                  2.1725                      -3.1944512
                   2.175                      -3.1821811
                  2.1775                      -3.1703289
                    2.18                      -3.1576418
                  2.1825                      -3.1431105
                   2.185                      -3.1263919
                  2.1875                      -3.1079777
                    2.19                      -3.0890009
                  2.1925                      -3.0707636
                   2.195                      -3.0541993
                  2.1975                      -3.0394644
                     2.2                      -3.0258411
                  2.2025                       -3.011965
                   2.205                      -2.9963342
                  2.2075                      -2.9779083
                    2.21                      -2.9565542
                  2.2125                      -2.9331291
                   2.215                      -2.9091381
                  2.2175                      -2.8861188
                    2.22                      -2.8650423
                  2.2225                      -2.8458988
                   2.225                      -2.8277157
                  2.2275                       -2.808907
                    2.23                      -2.7878971
                  2.2325                      -2.7637606
                   2.235                      -2.7366312
                  2.2375                      -2.7076407
                    2.24                      -2.6784612
                  2.2425                       -2.650603
                   2.245                      -2.6248246
                  2.2475                       -2.600842
                    2.25                      -2.5774498
                  2.2525                      -2.5530228
                   2.255                       -2.526193
                  2.2575                      -2.4964445
                    2.26                      -2.4643703
                  2.2625                      -2.4314134
                   2.265                      -2.3992502
                  2.2675                      -2.3690913
                    2.27                      -2.3411781
                  2.2725                      -2.3147006
                   2.275                      -2.2881155
                  2.2775                      -2.2597803
                    2.28                      -2.2287003
                  2.2825                      -2.1950055
                   2.285                      -2.1599699
                  2.2875                      -2.1254997
                    2.29                      -2.0933081
                  2.2925                      -2.0642482
                   2.295                      -2.0379135
                  2.2975                      -2.0127925
                     2.3                      -1.9868083
                  2.3025                       -1.958147
                   2.305                      -1.9260791
                  2.3075                      -1.8913806
                    2.31                      -1.8561018
                  2.3125                      -1.8227499
                   2.315                      -1.7933139
                  2.3175                      -1.7684659
                    2.32                      -1.7473246
                  2.3225                      -1.7277093
                   2.325                      -1.7069119
                  2.3275                      -1.6827407
                    2.33                      -1.6544902
                  2.3325                      -1.6234031
                   2.335                      -1.5922808
                  2.3375                      -1.5644163
                    2.34                      -1.5423933
                  2.3425                      -1.5271898
                   2.345                      -1.5179212
                  2.3475                      -1.5121389
                    2.35                      -1.5067054
                  2.3525                      -1.4991036
                   2.355                      -1.4888284
                  2.3575                      -1.4781883
                    2.36                      -1.4720573
                  2.3625                       -1.476793
                   2.365                       -1.499215
                  2.3675                      -1.5463123
                    2.37                       -1.626034
                  2.3725                      -1.7488248
                   2.375                      -1.9301343
                  2.3775                      -2.1934444
                    2.38                      -2.5716495
                  2.3825                      -3.0953669
                   2.385                      -3.7234355
                  2.3875                      -4.1598934
                    2.39                      -3.9178894
                  2.3925                      -3.1235868
                   2.395                      -2.3585805
                  2.3975                      -1.8440266
                     2.4                      -1.5359295
                  2.4025                      -1.3538866
                   2.405                      -1.2406546
                  2.4075                       -1.161409
                    2.41                      -1.0964154
                  2.4125                      -1.0362152
                   2.415                     -0.97849623
                  2.4175                     -0.92514915
                    2.42                     -0.87927188
                  2.4225                     -0.84286406
                   2.425                      -0.8158391
                  2.4275                     -0.79621227
                    2.43                     -0.78084397
                  2.4325                     -0.76641576
                   2.435                     -0.75033916
                  2.4375                     -0.73142154
                    2.44                     -0.71007073
                  2.4425                     -0.68788991
                   2.445                      -0.6668644
                  2.4475                     -0.64853532
                    2.45                     -0.63347793
                  2.4525                     -0.62125316
                   2.455                     -0.61068769
                  2.4575                     -0.60036904
                    2.46                     -0.58916309
                  2.4625                     -0.57662077
                   2.465                     -0.56317231
                  2.4675                     -0.55004797
                    2.47                     -0.53904879
                  2.4725                     -0.53237531
                   2.475                     -0.53258427
                  2.4775                     -0.54215515
                    2.48                     -0.56125753
                  2.4825                     -0.58369721
                   2.485                     -0.59782423
                  2.4875                     -0.59679786
                    2.49                     -0.58364178
                  2.4925                     -0.56509624
                   2.495                     -0.54618045
                  2.4975                     -0.52934699
                     2.5                     -0.51525363
                  2.5025                      -0.5035337
                   2.505                     -0.49332443
                  2.5075                     -0.48368125
                    2.51                     -0.47388592
                  2.5125                     -0.46364443
                   2.515                     -0.45312989
                  2.5175                     -0.44283549
                    2.52                     -0.43334037
                  2.5225                     -0.42504591
                   2.525                     -0.41802502
                  2.5275                     -0.41200202
                    2.53                     -0.40646399
                  2.5325                     -0.40085209
                   2.535                     -0.39475669
                  2.5375                     -0.38805607
                    2.54                     -0.38094834
                  2.5425                     -0.37384893
                   2.545                     -0.36722184
                  2.5475                     -0.36139559
                    2.55                     -0.35644611
                  2.5525                     -0.35218264
                   2.555                     -0.34822649
                  2.5575                     -0.34415712
                    2.56                     -0.33966675
                  2.5625                     -0.33466856
                   2.565                     -0.32931696
                  2.5675                     -0.32393809
                    2.57                     -0.31888904
                  2.5725                     -0.31442506
                   2.575                     -0.31060581
                  2.5775                     -0.30728622
                    2.58                     -0.30418055
                  2.5825                       -0.300971
                   2.585                     -0.29742887
                  2.5875                     -0.29349848
                    2.59                      -0.2893105
                  2.5925                      -0.2851214
                   2.595                     -0.28120839
                  2.5975                     -0.27775748
                     2.6                     -0.27479853
                  2.6025                     -0.27219863
                   2.605                     -0.26971943
                  2.6075                     -0.26710923
                    2.61                     -0.26419887
                  2.6125                     -0.26096697
                   2.615                      -0.2575438
                  2.6175                     -0.25415661
                    2.62                      -0.2510383
                  2.6225                     -0.24833507
                   2.625                      -0.2460528
                  2.6275                     -0.24405885
                    2.63                     -0.24213237
                  2.6325                      -0.2400496
                   2.635                     -0.23766854
                  2.6375                     -0.23498068
                    2.64                     -0.23211457
                  2.6425                     -0.22928224
                   2.645                     -0.22669672
                  2.6475                     -0.22449266
                    2.65                     -0.22267534
                  2.6525                     -0.22112351
                   2.655                      -0.2196354
                  2.6575                     -0.21800439
                    2.66                     -0.21609669
                  2.6625                     -0.21389931
                   2.665                     -0.21152297
                  2.6675                     -0.20915564
                    2.67                     -0.20698948
                  2.6725                     -0.20514816
                   2.675                     -0.20364445
                  2.6775                     -0.20237788
                    2.68                     -0.20117591
                  2.6825                     -0.19985918
                   2.685                     -0.19830885
                  2.6875                     -0.19651119
                    2.69                     -0.19455884
                  2.6925                      -0.1926126
                   2.695                      -0.1908353
                  2.6975                     -0.18933002
                     2.7                     -0.18810302
                  2.7025                     -0.18706421
                   2.705                     -0.18606341
                  2.7075                     -0.18494931
                    2.71                     -0.18362732
                  2.7125                     -0.18209605
                   2.715                     -0.18044698
                  2.7175                     -0.17882616
                    2.72                     -0.17737597
                  2.7225                     -0.17617885
                   2.725                     -0.17522675
                  2.7275                     -0.17442475
                    2.73                     -0.17362781
                  2.7325                     -0.17269667
                   2.735                     -0.17155164
                  2.7375                     -0.17020389
                    2.74                     -0.16875175
                  2.7425                     -0.16734134
                   2.745                     -0.16611056
                  2.7475                     -0.16513616
                    2.75                     -0.16440409
                  2.7525                     -0.16381574
                   2.755                     -0.16322429
                  2.7575                     -0.16249031
                    2.76                     -0.16153426
                  2.7625                      -0.1603673
                   2.765                     -0.15908607
                  2.7675                     -0.15783577
                    2.77                     -0.15675349
                  2.7725                     -0.15591798
                   2.775                     -0.15532068
                  2.7775                     -0.15486999
                    2.78                      -0.1544265
                  2.7825                     -0.15385459
                   2.785                     -0.15307433
                  2.7875                     -0.15209148
                    2.79                     -0.15099351
                  2.7925                     -0.14991438
                   2.795                     -0.14898239
                  2.7975                     -0.14827098
                     2.8                     -0.14777355
                  2.8025                     -0.14740668
                   2.805                     -0.14704329
                  2.8075                     -0.14656124
                    2.81                     -0.14589075
                  2.8125                     -0.14504147
                   2.815                     -0.14409722
                  2.8175                     -0.14318248
                    2.82                     -0.14241254
                  2.8225                     -0.14184828
                   2.825                     -0.14147363
                  2.8275                     -0.14120201
                    2.83                     -0.14091003
                  2.8325                     -0.14048524
                   2.835                     -0.13987075
                  2.8375                     -0.13908805
                    2.84                     -0.13822925
                  2.8425                     -0.13742093
                   2.845                     -0.13677444
                  2.8475                     -0.13634257
                    2.85                     -0.13609893
                  2.8525                      -0.1359469
                   2.855                     -0.13575612
                  2.8575                     -0.13541194
                    2.86                     -0.13486039
                  2.8625                     -0.13412981
                   2.865                     -0.13332046
                  2.8675                     -0.13256639
                    2.87                     -0.13198385
                  2.8725                     -0.13162773
                   2.875                     -0.13147073
                  2.8775                     -0.13141299
                    2.88                     -0.13131915
                  2.8825                     -0.13106936
                   2.885                     -0.13060532
                  2.8875                     -0.12995329
                    2.89                     -0.12921265
                  2.8925                     -0.12851796
                   2.895                     -0.12798669
                  2.8975                     -0.12767541
                     2.9                     -0.12755974
                  2.9025                     -0.12754369
                   2.905                     -0.12749633
                  2.9075                     -0.12730167
                    2.91                     -0.12690366
                  2.9125                     -0.12632812
                   2.915                     -0.12567187
                  2.9175                     -0.12506368
                    2.92                      -0.1246137
                  2.9225                     -0.12437101
                   2.925                     -0.12430555
                  2.9275                     -0.12431988
                    2.93                     -0.12428698
                  2.9325                      -0.1240997
                   2.935                     -0.12371357
                  2.9375                     -0.12316501
                    2.94                     -0.12255766
                  2.9425                     -0.12202078
                   2.945                     -0.12165839
                  2.9475                      -0.1215086
                    2.95                     -0.12152761
                  2.9525                     -0.12160598
                   2.955                     -0.12160987
                  2.9575                     -0.12143314
                    2.96                     -0.12104019
                  2.9625                     -0.12048125
                   2.965                     -0.11987373
                  2.9675                     -0.11935739
                    2.97                     -0.11904017
                  2.9725                     -0.11895674
                   2.975                     -0.11905406
                  2.9775                     -0.11920995
                    2.98                      -0.1192783
                  2.9825                     -0.11914538
                   2.985                     -0.11877447
                  2.9875                     -0.11822139
                    2.99                     -0.11761292
                  2.9925                     -0.11709788
                   2.995                     -0.11679069
                  2.9975                     -0.11672867
                       3                     -0.11685768
