Frequency    S1,1_[103]

                     0.5                   -0.0025152495
                  0.5025                   -0.0026647829
                   0.505                   -0.0028296744
                  0.5075                    -0.003004441
                    0.51                   -0.0031827863
                  0.5125                   -0.0033602146
                   0.515                   -0.0035361696
                  0.5175                   -0.0037147601
                    0.52                   -0.0039035172
                  0.5225                   -0.0041109766
                   0.525                   -0.0043435802
                  0.5275                   -0.0046032976
                    0.53                   -0.0048869654
                  0.5325                   -0.0051875187
                   0.535                   -0.0054969416
                  0.5375                   -0.0058098238
                    0.54                   -0.0061260445
                  0.5425                   -0.0064515959
                   0.545                   -0.0067970138
                  0.5475                     -0.00717405
                    0.55                   -0.0075916952
                  0.5525                   -0.0080530788
                   0.555                    -0.008554574
                  0.5575                   -0.0090876192
                    0.56                   -0.0096424785
                  0.5625                    -0.010212965
                   0.565                    -0.010799889
                  0.5675                    -0.011412079
                    0.57                    -0.012064396
                  0.5725                    -0.012773382
                   0.575                    -0.013551972
                  0.5775                    -0.014405931
                    0.58                     -0.01533241
                  0.5825                    -0.016322714
                   0.585                    -0.017366987
                  0.5875                    -0.018460568
                    0.59                    -0.019608242
                  0.5925                    -0.020825205
                   0.595                    -0.022134807
                  0.5975                    -0.023562628
                     0.6                     -0.02513008
                  0.6025                    -0.026850032
                   0.605                    -0.028725843
                  0.6075                    -0.030755393
                    0.61                    -0.032938116
                  0.6125                    -0.035283176
                   0.615                    -0.037815605
                  0.6175                    -0.040577826
                    0.62                    -0.043625955
                  0.6225                     -0.04702351
                   0.625                    -0.050833309
                  0.6275                     -0.05511433
                    0.63                    -0.059921528
                  0.6325                    -0.065312879
                   0.635                    -0.071355902
                  0.6375                      -0.0781294
                    0.64                     -0.08570225
                  0.6425                    -0.094072016
                   0.645                     -0.10302718
                  0.6475                     -0.11191022
                    0.65                     -0.11933086
                  0.6525                     -0.12315541
                   0.655                     -0.12142415
                  0.6575                     -0.11416293
                    0.66                     -0.10409461
                  0.6625                    -0.094768632
                   0.665                    -0.088362045
                  0.6675                    -0.085353333
                    0.67                    -0.085328206
                  0.6725                    -0.087665928
                   0.675                    -0.091824078
                  0.6775                    -0.097391262
                    0.68                     -0.10406629
                  0.6825                     -0.11163274
                   0.685                     -0.11994833
                  0.6875                     -0.12894358
                    0.69                     -0.13861646
                  0.6925                     -0.14901963
                   0.695                     -0.16023713
                  0.6975                     -0.17235318
                     0.7                     -0.18542487
                  0.7025                     -0.19946819
                   0.705                     -0.21446287
                  0.7075                     -0.23037732
                    0.71                     -0.24720246
                  0.7125                     -0.26497982
                   0.715                     -0.28381721
                  0.7175                     -0.30387465
                    0.72                     -0.32533331
                  0.7225                     -0.34834846
                   0.725                     -0.37301476
                  0.7275                     -0.39935163
                    0.73                     -0.42732036
                  0.7325                     -0.45686636
                   0.735                     -0.48797664
                  0.7375                     -0.52072135
                    0.74                     -0.55526498
                  0.7425                     -0.59183435
                   0.745                     -0.63066292
                  0.7475                     -0.67192142
                    0.75                     -0.71566845
                  0.7525                     -0.76184249
                   0.755                     -0.81030438
                  0.7575                     -0.86091734
                    0.76                     -0.91362117
                  0.7625                     -0.96848487
                   0.765                      -1.0256922
                  0.7675                      -1.0854799
                    0.77                      -1.1480363
                  0.7725                      -1.2134117
                   0.775                      -1.2814755
                  0.7775                      -1.3519483
                    0.78                      -1.4244968
                  0.7825                      -1.4988442
                   0.785                      -1.5748834
                  0.7875                      -1.6526809
                    0.79                      -1.7324273
                  0.7925                      -1.8143072
                   0.795                      -1.8983649
                  0.7975                      -1.9844281
                     0.8                      -2.0721143
                  0.8025                      -2.1609388
                   0.805                      -2.2504695
                  0.8075                      -2.3404762
                    0.81                      -2.4309914
                  0.8125                      -2.5222597
                   0.815                      -2.6145927
                  0.8175                      -2.7081936
                    0.82                      -2.8030249
                  0.8225                      -2.8987856
                   0.825                      -2.9950059
                  0.8275                      -3.0912412
                    0.83                      -3.1872548
                  0.8325                       -3.283141
                   0.835                      -3.3792937
                  0.8375                      -3.4762735
                    0.84                        -3.57458
                  0.8425                      -3.6744668
                   0.845                      -3.7758498
                  0.8475                      -3.8783757
                    0.85                      -3.9816037
                  0.8525                      -4.0852498
                   0.855                      -4.1893703
                  0.8575                      -4.2944172
                    0.86                      -4.4011204
                  0.8625                      -4.5102569
                   0.865                      -4.6223951
                  0.8675                      -4.7377251
                    0.87                      -4.8560249
                  0.8725                      -4.9768263
                   0.875                      -5.0996776
                  0.8775                      -5.2244175
                    0.88                      -5.3513312
                  0.8825                      -5.4811348
                   0.885                      -5.6147544
                  0.8875                      -5.7530085
                    0.89                      -5.8963353
                  0.8925                      -6.0446384
                   0.895                      -6.1973565
                  0.8975                      -6.3537392
                     0.9                      -6.5131796
                  0.9025                       -6.675527
                   0.905                      -6.8411623
                  0.9075                      -7.0108643
                    0.91                      -7.1854116
                  0.9125                      -7.3651815
                   0.915                      -7.5498265
                  0.9175                      -7.7382365
                    0.92                      -7.9287686
                  0.9225                      -8.1196822
                   0.925                      -8.3096207
                  0.9275                       -8.497836
                    0.93                      -8.6840943
                  0.9325                      -8.8681953
                   0.935                      -9.0493588
                  0.9375                      -9.2257316
                    0.94                      -9.3942411
                  0.9425                       -9.550984
                   0.945                      -9.6919539
                  0.9475                      -9.8138802
                    0.95                      -9.9147178
                  0.9525                      -9.9935518
                   0.955                      -10.050012
                  0.9575                      -10.083465
                    0.96                      -10.092493
                  0.9625                      -10.075029
                   0.965                      -10.029062
                  0.9675                      -9.9536424
                    0.97                      -9.8496487
                  0.9725                      -9.7198672
                   0.975                      -9.5683401
                  0.9775                      -9.3992924
                    0.98                      -9.2161982
                  0.9825                       -9.021329
                   0.985                      -8.8159451
                  0.9875                      -8.6009392
                    0.99                      -8.3775336
                  0.9925                      -8.1477499
                   0.995                      -7.9142973
                  0.9975                      -7.6802082
                       1                      -7.4481342
                  1.0025                      -7.2198663
                   1.005                      -6.9962012
                  1.0075                      -6.7770618
                    1.01                       -6.561993
                  1.0125                       -6.350676
                   1.015                      -6.1432527
                  1.0175                      -5.9403938
                    1.02                      -5.7431063
                  1.0225                      -5.5523947
                   1.025                      -5.3688777
                  1.0275                      -5.1926194
                    1.03                      -5.0231567
                  1.0325                      -4.8597367
                   1.035                      -4.7016237
                  1.0375                      -4.5483541
                    1.04                      -4.3998677
                  1.0425                      -4.2564683
                   1.045                      -4.1185959
                  1.0475                      -3.9865845
                    1.05                      -3.8604668
                  1.0525                      -3.7399285
                   1.055                      -3.6243805
                  1.0575                      -3.5131485
                    1.06                      -3.4056831
                  1.0625                      -3.3017122
                   1.065                      -3.2012675
                  1.0675                      -3.1045906
                    1.07                        -3.01196
                  1.0725                      -2.9235282
                   1.075                      -2.8391879
                  1.0775                      -2.7585897
                    1.08                      -2.6812253
                  1.0825                      -2.6065819
                   1.085                      -2.5342881
                  1.0875                      -2.4642146
                    1.09                      -2.3964527
                  1.0925                      -2.3312358
                   1.095                      -2.2687904
                  1.0975                      -2.2092053
                     1.1                      -2.1523762
                  1.1025                      -2.0980036
                   1.105                      -2.0456862
                  1.1075                      -1.9950446
                    1.11                      -1.9458323
                  1.1125                      -1.8979845
                   1.115                      -1.8516182
                  1.1175                      -1.8069339
                    1.12                      -1.7641192
                  1.1225                      -1.7232407
                   1.125                      -1.6842073
                  1.1275                       -1.646789
                    1.13                      -1.6106787
                  1.1325                      -1.5756049
                   1.135                        -1.54141
                  1.1375                      -1.5080771
                    1.14                      -1.4757196
                  1.1425                      -1.4445085
                   1.145                      -1.4145853
                  1.1475                      -1.3859935
                    1.15                      -1.3586423
                  1.1525                      -1.3323449
                   1.155                      -1.3068711
                  1.1575                      -1.2820251
                    1.16                       -1.257715
                  1.1625                      -1.2339657
                   1.165                      -1.2108958
                  1.1675                      -1.1886555
                    1.17                      -1.1673531
                  1.1725                      -1.1470066
                   1.175                      -1.1275277
                  1.1775                      -1.1087409
                    1.18                      -1.0904603
                  1.1825                      -1.0725355
                   1.185                       -1.054917
                  1.1875                      -1.0376553
                    1.19                       -1.020875
                  1.1925                      -1.0047199
                   1.195                      -0.9892877
                  1.1975                     -0.97458625
                     1.2                     -0.96052651
                  1.2025                      -0.9469517
                   1.205                     -0.93369119
                  1.2075                     -0.92062364
                    1.21                     -0.90771168
                  1.2125                     -0.89501369
                   1.215                     -0.88265377
                  1.2175                      -0.8707652
                    1.22                     -0.85944057
                  1.2225                     -0.84869063
                   1.225                     -0.83843756
                  1.2275                     -0.82854468
                    1.23                      -0.8188634
                  1.2325                     -0.80929055
                   1.235                     -0.79979721
                  1.2375                     -0.79043856
                    1.24                      -0.7813228
                  1.2425                     -0.77257017
                   1.245                     -0.76425696
                  1.2475                     -0.75639285
                    1.25                     -0.74890974
                  1.2525                     -0.74169055
                   1.255                     -0.73461557
                  1.2575                     -0.72760255
                    1.26                     -0.72063617
                  1.2625                     -0.71377447
                   1.265                     -0.70711425
                  1.2675                     -0.70075727
                    1.27                     -0.69476184
                  1.2725                     -0.68912464
                   1.275                     -0.68377724
                  1.2775                     -0.67861268
                    1.28                      -0.6735276
                  1.2825                     -0.66846087
                   1.285                     -0.66341621
                  1.2875                     -0.65845823
                    1.29                     -0.65368652
                  1.2925                     -0.64919364
                   1.295                     -0.64502924
                  1.2975                     -0.64117746
                     1.3                     -0.63756194
                  1.3025                     -0.63407683
                   1.305                     -0.63062226
                  1.3075                     -0.62714608
                    1.31                     -0.62365923
                  1.3125                     -0.62023489
                   1.315                     -0.61697514
                  1.3175                     -0.61397524
                    1.32                     -0.61128448
                  1.3225                     -0.60888732
                   1.325                     -0.60670867
                  1.3275                     -0.60464112
                    1.33                     -0.60258796
                  1.3325                     -0.60049638
                   1.335                     -0.59837558
                  1.3375                     -0.59629456
                    1.34                     -0.59435306
                  1.3425                     -0.59264329
                   1.345                      -0.5912144
                  1.3475                     -0.59005585
                    1.35                     -0.58910115
                  1.3525                     -0.58825363
                   1.355                     -0.58742512
                  1.3575                     -0.58656725
                    1.36                     -0.58568985
                  1.3625                     -0.58485555
                   1.365                     -0.58415285
                  1.3675                     -0.58366339
                    1.37                     -0.58342702
                  1.3725                     -0.58343031
                   1.375                     -0.58360968
                  1.3775                     -0.58388009
                    1.38                     -0.58416636
                  1.3825                     -0.58443501
                   1.385                      -0.5847049
                  1.3875                     -0.58504215
                    1.39                     -0.58553101
                  1.3925                     -0.58624206
                   1.395                     -0.58720333
                  1.3975                     -0.58838765
                     1.4                     -0.58972557
                  1.4025                     -0.59113003
                   1.405                     -0.59253288
                  1.4075                      -0.5939103
                    1.41                     -0.59529535
                  1.4125                     -0.59676491
                   1.415                     -0.59841104
                  1.4175                     -0.60030511
                    1.42                     -0.60247055
                  1.4225                     -0.60487208
                   1.425                     -0.60742985
                  1.4275                     -0.61004808
                    1.43                     -0.61265291
                  1.4325                      -0.6152202
                   1.435                     -0.61778621
                  1.4375                     -0.62043416
                    1.44                     -0.62326402
                  1.4425                      -0.6263542
                   1.445                     -0.62973317
                  1.4475                     -0.63336873
                    1.45                     -0.63718058
                  1.4525                     -0.64107045
                   1.455                     -0.64495929
                  1.4575                      -0.6488186
                    1.46                     -0.65267817
                  1.4625                     -0.65661632
                   1.465                     -0.66072964
                  1.4675                     -0.66509495
                    1.47                     -0.66974232
                  1.4725                      -0.6746446
                   1.475                     -0.67972709
                  1.4775                     -0.68490057
                    1.48                     -0.69009332
                  1.4825                     -0.69527947
                   1.485                     -0.70048963
                  1.4875                     -0.70579612
                    1.49                     -0.71128527
                  1.4925                     -0.71702159
                   1.495                     -0.72302339
                  1.4975                     -0.72925514
                     1.5                     -0.73564257
                  1.5025                     -0.74210169
                   1.505                     -0.74857328
                  1.5075                     -0.75504713
                    1.51                     -0.76156592
                  1.5125                     -0.76821032
                   1.515                     -0.77506367
                  1.5175                     -0.78218094
                    1.52                     -0.78956424
                  1.5225                      -0.7971607
                   1.525                     -0.80488077
                  1.5275                     -0.81263387
                    1.53                     -0.82036559
                  1.5325                     -0.82807576
                   1.535                     -0.83582423
                  1.5375                      -0.8437071
                    1.54                     -0.85182161
                  1.5425                     -0.86022509
                   1.545                     -0.86891531
                  1.5475                     -0.87782605
                    1.55                     -0.88685539
                  1.5525                     -0.89589909
                   1.555                     -0.90489273
                  1.5575                      -0.9138385
                    1.56                     -0.92280061
                  1.5625                     -0.93188703
                   1.565                     -0.94120591
                  1.5675                     -0.95082615
                    1.57                     -0.96075244
                  1.5725                     -0.97092167
                   1.575                     -0.98122783
                  1.5775                     -0.99156687
                    1.58                       -1.001869
                  1.5825                      -1.0121312
                   1.585                      -1.0224179
                  1.5875                      -1.0328348
                    1.59                      -1.0434911
                  1.5925                      -1.0544556
                   1.595                      -1.0657363
                  1.5975                      -1.0772758
                     1.6                      -1.0889773
                  1.6025                      -1.1007423
                   1.605                      -1.1125133
                  1.6075                      -1.1242955
                    1.61                      -1.1361581
                  1.6125                      -1.1482049
                   1.615                      -1.1605381
                  1.6175                      -1.1732191
                    1.62                       -1.186242
                  1.6225                      -1.1995435
                   1.625                      -1.2130249
                  1.6275                      -1.2265955
                    1.63                      -1.2402127
                  1.6325                      -1.2539009
                   1.635                      -1.2677456
                  1.6375                      -1.2818656
                    1.64                      -1.2963645
                  1.6425                      -1.3112963
                   1.645                      -1.3266405
                  1.6475                      -1.3423129
                    1.65                      -1.3582019
                  1.6525                      -1.3742093
                   1.655                      -1.3902955
                  1.6575                      -1.4064997
                    1.66                      -1.4229298
                  1.6625                      -1.4397239
                   1.665                      -1.4570022
                  1.6675                      -1.4748217
                    1.67                      -1.4931591
                  1.6725                       -1.511916
                   1.675                      -1.5309599
                  1.6775                      -1.5501813
                    1.68                      -1.5695334
                  1.6825                      -1.5890587
                   1.685                      -1.6088748
                  1.6875                      -1.6291368
                    1.69                      -1.6499808
                  1.6925                       -1.671473
                   1.695                      -1.6935877
                  1.6975                      -1.7162257
                     1.7                      -1.7392461
                  1.7025                      -1.7625312
                   1.705                       -1.786032
                  1.7075                      -1.8097955
                    1.71                      -1.8339499
                  1.7125                      -1.8586567
                   1.715                      -1.8840562
                  1.7175                       -1.910215
                    1.72                      -1.9371013
                  1.7225                      -1.9646026
                   1.725                      -1.9925759
                  1.7275                      -2.0209036
                    1.73                      -2.0495515
                  1.7325                      -2.0785835
                   1.735                      -2.1081486
                  1.7375                      -2.1384276
                    1.74                      -2.1695611
                  1.7425                      -2.2016071
                   1.745                      -2.2345119
                  1.7475                      -2.2681379
                    1.75                      -2.3023215
                  1.7525                      -2.3369463
                   1.755                       -2.371989
                  1.7575                      -2.4075506
                    1.76                      -2.4438152
                  1.7625                      -2.4809979
                   1.765                      -2.5192566
                  1.7675                      -2.5586381
                    1.77                      -2.5990656
                  1.7725                       -2.640367
                   1.775                      -2.6823432
                  1.7775                      -2.7248622
                    1.78                      -2.7679149
                  1.7825                      -2.8116297
                   1.785                      -2.8562374
                  1.7875                      -2.9019852
                    1.79                      -2.9490622
                  1.7925                      -2.9975088
                   1.795                      -3.0472166
                  1.7975                      -3.0979749
                     1.8                      -3.1495549
                  1.8025                      -3.2018032
                   1.805                      -3.2547174
                  1.8075                      -3.3084543
                    1.81                       -3.363289
                  1.8125                      -3.4194932
                   1.815                      -3.4772422
                  1.8175                      -3.5365559
                    1.82                      -3.5972666
                  1.8225                      -3.6590975
                   1.825                      -3.7217653
                  1.8275                      -3.7851014
                    1.83                       -3.849116
                  1.8325                      -3.9139917
                   1.835                      -3.9800042
                  1.8375                      -4.0474173
                    1.84                      -4.1163275
                  1.8425                      -4.1866082
                   1.845                      -4.2579331
                  1.8475                      -4.3298469
                    1.85                      -4.4019329
                  1.8525                      -4.4739155
                   1.855                      -4.5457426
                  1.8575                      -4.6175425
                    1.86                      -4.6894863
                  1.8625                      -4.7616259
                   1.865                      -4.8337562
                  1.8675                      -4.9053359
                    1.87                      -4.9755617
                  1.8725                      -5.0435111
                   1.875                      -5.1083241
                  1.8775                      -5.1693647
                    1.88                       -5.226237
                  1.8825                      -5.2787032
                   1.885                      -5.3264699
                  1.8875                      -5.3689822
                    1.89                        -5.40529
                  1.8925                      -5.4340479
                   1.895                      -5.4536712
                  1.8975                      -5.4625899
                     1.9                      -5.4594796
                  1.9025                      -5.4433679
                   1.905                      -5.4135325
                  1.9075                      -5.3691625
                    1.91                       -5.308742
                  1.9125                      -5.2291562
                   1.915                      -5.1242523
                  1.9175                      -4.9830064
                    1.92                      -4.7898529
                  1.9225                      -4.5358831
                   1.925                      -4.2441134
                  1.9275                      -3.9672966
                    1.93                      -3.7349658
                  1.9325                      -3.5363338
                   1.935                       -3.350816
                  1.9375                       -3.165745
                    1.94                      -2.9762951
                  1.9425                      -2.7818156
                   1.945                      -2.5835856
                  1.9475                      -2.3837017
                    1.95                      -2.1845802
                  1.9525                       -1.988671
                   1.955                      -1.7982329
                  1.9575                      -1.6151313
                    1.96                      -1.4408899
                  1.9625                      -1.2766274
                   1.965                      -1.1231515
                  1.9675                     -0.98102764
                    1.97                     -0.85067763
                  1.9725                      -0.7324489
                   1.975                     -0.62660127
                  1.9775                     -0.53331316
                    1.98                     -0.45266009
                  1.9825                     -0.38456679
                   1.985                     -0.32877828
                  1.9875                     -0.28486921
                    1.99                     -0.25225005
                  1.9925                      -0.2302245
                   1.995                     -0.21804578
                  1.9975                     -0.21499336
                       2                     -0.22042906
                  2.0025                     -0.23383065
                   2.005                     -0.25477603
                  2.0075                     -0.28290707
                    2.01                     -0.31785162
                  2.0125                     -0.35916285
                   2.015                     -0.40625271
                  2.0175                     -0.45844789
                    2.02                     -0.51498864
                  2.0225                     -0.57517788
                   2.025                     -0.63843413
                  2.0275                     -0.70439208
                    2.03                     -0.77287258
                  2.0325                     -0.84380983
                   2.035                     -0.91712452
                  2.0375                     -0.99260646
                    2.04                      -1.0698128
                  2.0425                      -1.1481231
                   2.045                      -1.2268241
                  2.0475                       -1.305248
                    2.05                      -1.3829718
                  2.0525                      -1.4598669
                   2.055                      -1.5360726
                  2.0575                      -1.6118632
                    2.06                      -1.6874126
                  2.0625                      -1.7626627
                   2.065                      -1.8372192
                  2.0675                      -1.9103931
                    2.07                       -1.981429
                  2.0725                      -2.0497182
                   2.075                      -2.1150115
                  2.0775                      -2.1775022
                    2.08                        -2.23772
                  2.0825                      -2.2963232
                   2.085                      -2.3538159
                  2.0875                      -2.4103026
                    2.09                      -2.4654436
                  2.0925                      -2.5185534
                   2.095                      -2.5688613
                  2.0975                      -2.6158222
                     2.1                      -2.6593589
                  2.1025                      -2.6999069
                   2.105                      -2.7383029
                  2.1075                      -2.7754551
                    2.11                      -2.8120614
                  2.1125                       -2.848318
                   2.115                      -2.8838983
                  2.1175                      -2.9180876
                    2.12                      -2.9500968
                  2.1225                      -2.9793989
                   2.125                      -3.0059824
                  2.1275                      -3.0303792
                    2.13                      -3.0535003
                  2.1325                      -3.0762889
                   2.135                      -3.0993894
                  2.1375                      -3.1229132
                    2.14                      -3.1464261
                  2.1425                      -3.1691376
                   2.145                       -3.190254
                  2.1475                      -3.2093301
                    2.15                      -3.2264825
                  2.1525                      -3.2423803
                   2.155                      -3.2580017
                  2.1575                       -3.274259
                    2.16                      -3.2916349
                  2.1625                      -3.3099893
                   2.165                      -3.3286162
                  2.1675                      -3.3465121
                    2.17                      -3.3628161
                  2.1725                      -3.3771766
                   2.175                      -3.3899553
                  2.1775                        -3.40213
                    2.18                      -3.4149446
                  2.1825                      -3.4294323
                   2.185                      -3.4460024
                  2.1875                      -3.4642416
                    2.19                      -3.4830367
                  2.1925                      -3.5009874
                   2.195                      -3.5169519
                  2.1975                      -3.5305365
                     2.2                      -3.5422982
                  2.2025                       -3.553592
                   2.205                      -3.5660936
                  2.2075                        -3.58118
                    2.21                      -3.5993958
                  2.2125                      -3.6202088
                   2.215                      -3.6421644
                  2.2175                      -3.6634123
                    2.22                      -3.6823938
                  2.2225                      -3.6985017
                   2.225                       -3.712337
                  2.2275                      -3.7255361
                    2.23                      -3.7401745
                  2.2325                      -3.7580013
                   2.235                      -3.7797678
                  2.2375                      -3.8049331
                    2.24                      -3.8318203
                  2.2425                      -3.8582496
                   2.245                      -3.8823755
                  2.2475                      -3.9034562
                    2.25                      -3.9222062
                  2.2525                      -3.9405538
                   2.255                      -3.9609178
                  2.2575                      -3.9852722
                    2.26                      -4.0143492
                  2.2625                      -4.0473171
                   2.265                      -4.0820561
                  2.2675                      -4.1159716
                    2.27                      -4.1470745
                  2.2725                       -4.174872
                   2.275                      -4.2007145
                  2.2775                      -4.2273804
                    2.28                      -4.2580346
                  2.2825                       -4.294988
                   2.285                      -4.3386857
                  2.2875                      -4.3873598
                    2.29                        -4.43761
                  2.2925                      -4.4856375
                   2.295                      -4.5289291
                  2.2975                      -4.5674598
                     2.3                      -4.6040588
                  2.3025                      -4.6435969
                   2.305                      -4.6913012
                  2.3075                      -4.7507788
                    2.31                      -4.8224586
                  2.3125                      -4.9030784
                   2.315                      -4.9865068
                  2.3175                      -5.0660542
                    2.32                      -5.1373052
                  2.3225                      -5.2005018
                   2.325                      -5.2610959
                  2.3275                      -5.3282655
                    2.33                      -5.4119025
                  2.3325                      -5.5190617
                   2.335                      -5.6510177
                  2.3375                      -5.8018778
                    2.34                      -5.9595775
                  2.3425                      -6.1100462
                   2.345                      -6.2432613
                  2.3475                      -6.3586995
                    2.35                       -6.466829
                  2.3525                       -6.584986
                   2.355                      -6.7286065
                  2.3575                      -6.9002914
                    2.36                      -7.0784434
                  2.3625                      -7.2101977
                   2.365                      -7.2176227
                  2.3675                      -7.0275428
                    2.37                      -6.6140443
                  2.3725                      -6.0173344
                   2.375                      -5.3184435
                  2.3775                      -4.5994195
                    2.38                      -3.9212249
                  2.3825                      -3.3213214
                   2.385                       -2.820609
                  2.3875                      -2.4302695
                    2.39                      -2.1552327
                  2.3925                      -1.9952706
                   2.395                       -1.943434
                  2.3975                      -1.9840077
                     2.4                      -2.0921165
                  2.4025                      -2.2367694
                   2.405                      -2.3874045
                  2.4075                      -2.5216285
                    2.41                      -2.6302644
                  2.4125                      -2.7172664
                   2.415                      -2.7951596
                  2.4175                      -2.8785011
                    2.42                      -2.9780312
                  2.4225                       -3.097015
                   2.425                      -3.2303835
                  2.4275                      -3.3666718
                    2.43                      -3.4926132
                  2.4325                      -3.5983657
                   2.435                      -3.6813312
                  2.4375                      -3.7468502
                    2.44                      -3.8056393
                  2.4425                      -3.8695985
                   2.445                      -3.9476921
                  2.4475                      -4.0432023
                    2.45                      -4.1531283
                  2.4525                      -4.2696359
                   2.455                      -4.3834118
                  2.4575                      -4.4876126
                    2.46                      -4.5810968
                  2.4625                      -4.6697266
                   2.465                      -4.7654128
                  2.4675                       -4.884044
                    2.47                      -5.0434815
                  2.4725                      -5.2619207
                   2.475                      -5.5531498
                  2.4775                      -5.9087553
                    2.48                       -6.258693
                  2.4825                      -6.4667351
                   2.485                       -6.457711
                  2.4875                      -6.3119998
                    2.49                      -6.1492956
                  2.4925                       -6.031032
                   2.495                      -5.9699744
                  2.4975                      -5.9582141
                     2.5                      -5.9809467
                  2.5025                      -6.0219521
                   2.505                      -6.0669499
                  2.5075                      -6.1063154
                    2.51                      -6.1368295
                  2.5125                      -6.1615261
                   2.515                      -6.1875538
                  2.5175                      -6.2229045
                    2.52                      -6.2730525
                  2.5225                      -6.3387298
                   2.525                      -6.4154396
                  2.5275                       -6.494886
                    2.53                      -6.5679063
                  2.5325                      -6.6277909
                   2.535                      -6.6727712
                  2.5375                      -6.7065749
                    2.54                      -6.7368465
                  2.5425                      -6.7722328
                   2.545                      -6.8191701
                  2.5475                      -6.8795703
                    2.55                      -6.9500991
                  2.5525                      -7.0232678
                   2.555                      -7.0901137
                  2.5575                      -7.1434788
                    2.56                      -7.1806852
                  2.5625                      -7.2044879
                   2.565                       -7.221864
                  2.5675                      -7.2412592
                    2.57                      -7.2694499
                  2.5725                      -7.3091299
                   2.575                      -7.3580151
                  2.5775                      -7.4096769
                    2.58                      -7.4558492
                  2.5825                      -7.4895075
                   2.585                      -7.5075021
                  2.5875                      -7.5117161
                    2.59                      -7.5082345
                  2.5925                      -7.5048912
                   2.595                      -7.5082754
                  2.5975                       -7.521316
                     2.6                      -7.5422713
                  2.6025                      -7.5654266
                   2.605                      -7.5832002
                  2.6075                      -7.5889923
                    2.61                      -7.5797407
                  2.6125                      -7.5571017
                   2.615                      -7.5268183
                  2.6175                      -7.4964723
                    2.62                      -7.4726316
                  2.6225                      -7.4584306
                   2.625                      -7.4524749
                  2.6275                      -7.4493878
                    2.63                      -7.4417821
                  2.6325                      -7.4230082
                   2.635                      -7.3897069
                  2.6375                      -7.3430976
                    2.64                      -7.2885698
                  2.6425                      -7.2336168
                   2.645                       -7.185069
                  2.6475                      -7.1467071
                    2.65                      -7.1179443
                  2.6525                      -7.0941654
                   2.655                      -7.0684249
                  2.6575                      -7.0340018
                    2.66                      -6.9869337
                  2.6625                       -6.927479
                   2.665                      -6.8599993
                  2.6675                      -6.7912288
                    2.67                       -6.727769
                  2.6725                      -6.6737227
                   2.675                      -6.6293939
                  2.6775                      -6.5912967
                    2.68                      -6.5535604
                  2.6825                      -6.5101241
                   2.685                      -6.4570056
                  2.6875                        -6.39382
                    2.69                      -6.3238209
                  2.6925                      -6.2526009
                   2.695                      -6.1858486
                  2.6975                      -6.1272705
                     2.7                      -6.0773379
                  2.7025                      -6.0332475
                   2.705                      -5.9900634
                  2.7075                      -5.9426499
                    2.71                      -5.8876193
                  2.7125                      -5.8246478
                   2.715                      -5.7565911
                  2.7175                      -5.6882901
                    2.72                      -5.6246741
                  2.7225                      -5.5688549
                   2.725                      -5.5210354
                  2.7275                      -5.4784934
                    2.73                      -5.4366415
                  2.7325                      -5.3907904
                   2.735                      -5.3379388
                  2.7375                      -5.2779458
                    2.74                      -5.2136082
                  2.7425                      -5.1495262
                   2.745                      -5.0903512
                  2.7475                      -5.0390413
                    2.75                      -4.9957539
                  2.7525                      -4.9578758
                   2.755                      -4.9209914
                  2.7575                      -4.8805367
                    2.76                      -4.8335014
                  2.7625                      -4.7795806
                   2.765                      -4.7212513
                  2.7675                      -4.6628204
                    2.77                      -4.6087131
                  2.7725                      -4.5618796
                   2.775                      -4.5227304
                  2.7775                      -4.4890561
                    2.78                      -4.4569227
                  2.7825                      -4.4220916
                   2.785                      -4.3816411
                  2.7875                      -4.3350544
                    2.79                      -4.2843489
                  2.7925                      -4.2332424
                   2.795                      -4.1856868
                  2.7975                      -4.1443307
                     2.8                      -4.1096424
                  2.8025                      -4.0797644
                   2.805                      -4.0512951
                  2.8075                      -4.0205833
                    2.81                      -3.9851261
                  2.8125                      -3.9445406
                   2.815                      -3.9006491
                  2.8175                      -3.8567404
                    2.82                      -3.8162327
                  2.8225                      -3.7813245
                   2.825                      -3.7521954
                  2.8275                      -3.7269763
                    2.83                      -3.7024886
                  2.8325                      -3.6754568
                   2.835                      -3.6438076
                  2.8375                      -3.6074622
                    2.84                      -3.5683904
                  2.8425                      -3.5298157
                   2.845                      -3.4949351
                  2.8475                      -3.4656872
                    2.85                      -3.4420175
                  2.8525                      -3.4218965
                   2.855                      -3.4020998
                  2.8575                      -3.3794074
                    2.86                      -3.3518507
                  2.8625                      -3.3194744
                   2.865                      -3.2843258
                  2.8675                      -3.2496635
                    2.87                      -3.2186832
                  2.8725                      -3.1933206
                   2.875                      -3.1735486
                  2.8775                      -3.1573911
                    2.88                      -3.1416774
                  2.8825                      -3.1232129
                   2.885                      -3.0999916
                  2.8875                      -3.0719772
                    2.89                      -3.0410641
                  2.8925                      -3.0103531
                   2.895                      -2.9829133
                  2.8975                      -2.9606294
                     2.9                       -2.943546
                  2.9025                      -2.9298734
                   2.905                      -2.9166938
                  2.9075                      -2.9010584
                    2.91                       -2.881122
                  2.9125                      -2.8568506
                   2.915                      -2.8300187
                  2.9175                      -2.8034668
                    2.92                      -2.7799675
                  2.9225                      -2.7611523
                   2.925                      -2.7469114
                  2.9275                      -2.7354704
                    2.93                      -2.7240823
                  2.9325                      -2.7100895
                   2.935                       -2.691968
                  2.9375                      -2.6699348
                    2.94                      -2.6458775
                  2.9425                      -2.6225789
                   2.945                      -2.6026088
                  2.9475                      -2.5873286
                    2.95                      -2.5763497
                  2.9525                      -2.5676921
                   2.955                      -2.5585304
                  2.9575                      -2.5462738
                    2.96                      -2.5295883
                  2.9625                      -2.5089439
                   2.965                      -2.4864454
                  2.9675                      -2.4650223
                    2.97                      -2.4472783
                  2.9725                      -2.4345034
                   2.975                      -2.4261756
                  2.9775                      -2.4201521
                    2.98                      -2.4134591
                  2.9825                      -2.4034105
                   2.985                      -2.3886507
                  2.9875                      -2.3696979
                    2.99                      -2.3487411
                  2.9925                      -2.3287811
                   2.995                      -2.3124767
                  2.9975                      -2.3011447
                       3                       -2.294291
