7.090000000000000000e+02 1.864162656254229611e-01
7.110000000000000000e+02 1.853991879167407875e-01
7.130000000000000000e+02 1.851280921452491124e-01
7.150000000000000000e+02 1.856894397789887741e-01
7.170000000000000000e+02 1.870468435014062680e-01
7.190000000000000000e+02 1.892182171262887791e-01
7.210000000000000000e+02 1.922570687489342789e-01
7.230000000000000000e+02 1.955565916228280410e-01
7.250000000000000000e+02 1.997110407569212265e-01
7.270000000000000000e+02 2.046386017282963432e-01
7.290000000000000000e+02 2.103551560539972110e-01
7.310000000000000000e+02 2.168150269716585254e-01
7.330000000000000000e+02 2.239460441202732188e-01
7.350000000000000000e+02 2.316956990532887672e-01
7.370000000000000000e+02 2.398421619611643130e-01
7.390000000000000000e+02 2.482387905079452839e-01
7.410000000000000000e+02 2.567554720475974106e-01
7.430000000000000000e+02 2.656122492285756809e-01
7.450000000000000000e+02 2.747698774152188550e-01
7.470000000000000000e+02 2.840967262191023690e-01
7.490000000000000000e+02 2.935396023796219001e-01
7.510000000000000000e+02 3.029011005773058485e-01
7.530000000000000000e+02 3.118937224470758052e-01
7.550000000000000000e+02 3.203127034827606412e-01
7.570000000000000000e+02 3.282087149497640022e-01
7.590000000000000000e+02 3.355391197215095156e-01
7.610000000000000000e+02 3.422676227497026824e-01
7.630000000000000000e+02 3.483522785093149943e-01
7.650000000000000000e+02 3.537861222583750243e-01
7.670000000000000000e+02 3.586109300686233792e-01
7.690000000000000000e+02 3.627621964984779623e-01
7.710000000000000000e+02 3.662733537938833162e-01
7.730000000000000000e+02 3.693783293961497849e-01
7.750000000000000000e+02 3.722303140910943053e-01
7.770000000000000000e+02 3.750840641952757348e-01
7.790000000000000000e+02 3.781205678973753037e-01
7.810000000000000000e+02 3.801032079122303453e-01
7.830000000000000000e+02 3.840291536456320043e-01
7.850000000000000000e+02 3.874945646540749467e-01
7.870000000000000000e+02 3.905506236537246711e-01
7.890000000000000000e+02 3.933962158880236482e-01
7.910000000000000000e+02 3.961929410180460298e-01
7.930000000000000000e+02 3.989236885174322067e-01
7.950000000000000000e+02 4.016677380837021527e-01
7.970000000000000000e+02 4.042292991516170941e-01
7.990000000000000000e+02 4.065942330234785240e-01
8.010000000000000000e+02 4.087735179006628528e-01
8.030000000000000000e+02 4.107450757673404840e-01
8.050000000000000000e+02 4.125640113572554002e-01
8.070000000000000000e+02 4.139186775435981236e-01
8.090000000000000000e+02 4.152550613461560847e-01
8.110000000000000000e+02 4.166537630839887707e-01
8.130000000000000000e+02 4.180406514876557900e-01
8.150000000000000000e+02 4.194056210533936291e-01
8.170000000000000000e+02 4.206719299470110807e-01
8.190000000000000000e+02 4.217272253193319886e-01
8.210000000000000000e+02 4.239072570972687859e-01
8.230000000000000000e+02 4.237639342258490704e-01
8.250000000000000000e+02 4.236111441779351616e-01
8.270000000000000000e+02 4.231716637416899074e-01
8.290000000000000000e+02 4.224976138593130592e-01
8.310000000000000000e+02 4.215760959174825184e-01
8.330000000000000000e+02 4.206127925078056995e-01
8.350000000000000000e+02 4.195432012583479309e-01
8.370000000000000000e+02 4.181723580550214536e-01
8.390000000000000000e+02 4.166573595898213633e-01
8.410000000000000000e+02 4.150739099695832657e-01
8.430000000000000000e+02 4.133863696592702808e-01
8.450000000000000000e+02 4.116553404157758389e-01
8.470000000000000000e+02 4.102696938778086500e-01
8.490000000000000000e+02 4.090506990314720093e-01
8.510000000000000000e+02 4.078985830235540844e-01
8.530000000000000000e+02 4.067317679545451314e-01
8.550000000000000000e+02 4.054630586882992938e-01
8.570000000000000000e+02 4.042402016962196032e-01
8.590000000000000000e+02 4.028812863343424477e-01
8.610000000000000000e+02 4.013589504215125392e-01
8.630000000000000000e+02 3.998236354748636590e-01
8.650000000000000000e+02 3.982383953592985026e-01
8.670000000000000000e+02 3.973373250291895586e-01
8.690000000000000000e+02 3.964656982893205450e-01
8.710000000000000000e+02 3.956038760932962250e-01
8.730000000000000000e+02 3.947585536863129629e-01
8.750000000000000000e+02 3.939991520587065033e-01
8.770000000000000000e+02 3.938735903903247682e-01
8.790000000000000000e+02 3.942175883989835761e-01
8.810000000000000000e+02 3.949714782018433068e-01
8.830000000000000000e+02 3.953800219917273928e-01
8.850000000000000000e+02 3.960635020221767721e-01
8.870000000000000000e+02 3.968751737353440889e-01
8.890000000000000000e+02 3.976183595301001628e-01
8.910000000000000000e+02 3.982560659601306341e-01
8.930000000000000000e+02 3.988726085840700875e-01
8.950000000000000000e+02 3.994840085943788810e-01
8.970000000000000000e+02 4.005539511112948259e-01
8.990000000000000000e+02 4.017590335309382810e-01
9.010000000000000000e+02 4.031595836023557644e-01
9.030000000000000000e+02 4.045772757442201439e-01
9.050000000000000000e+02 4.061574362388019610e-01
9.070000000000000000e+02 4.075835941133272855e-01
9.090000000000000000e+02 4.092262422729029958e-01
9.110000000000000000e+02 4.110467898814138543e-01
9.130000000000000000e+02 4.131576782030513817e-01
9.150000000000000000e+02 4.155099168454040037e-01
9.170000000000000000e+02 4.175987177172217901e-01
9.190000000000000000e+02 4.190961298951725311e-01
9.210000000000000000e+02 4.199609629888346740e-01
9.230000000000000000e+02 4.214589856219453923e-01
9.250000000000000000e+02 4.230057699034178720e-01
9.270000000000000000e+02 4.245001788559269462e-01
9.290000000000000000e+02 4.261333449503506565e-01
9.310000000000000000e+02 4.278999258201773292e-01
9.330000000000000000e+02 4.296791355481465180e-01
9.350000000000000000e+02 4.314633824980380616e-01
9.370000000000000000e+02 4.324544214873372594e-01
9.390000000000000000e+02 4.336995745449828688e-01
9.410000000000000000e+02 4.351861302932890085e-01
1.729000000000000000e+03 7.027023464973947142e-01
1.731000000000000000e+03 7.040224932717762396e-01
1.733000000000000000e+03 7.051138340873271959e-01
1.735000000000000000e+03 7.061964751780637206e-01
1.737000000000000000e+03 7.074574501573808183e-01
1.739000000000000000e+03 7.089689730149554281e-01
1.741000000000000000e+03 7.107801949394427776e-01
1.743000000000000000e+03 7.128723734005530943e-01
1.745000000000000000e+03 7.152357402911658779e-01
1.747000000000000000e+03 7.182175484662294274e-01
1.749000000000000000e+03 7.213146069593706633e-01
1.751000000000000000e+03 7.244267312461378783e-01
1.753000000000000000e+03 7.276980572304436734e-01
1.755000000000000000e+03 7.309971458089378205e-01
1.757000000000000000e+03 7.345380381034001260e-01
1.759000000000000000e+03 7.379018972759320283e-01
1.761000000000000000e+03 7.409833003674850538e-01
1.763000000000000000e+03 7.436380749236148890e-01
1.765000000000000000e+03 7.459117903728504917e-01
1.767000000000000000e+03 7.476422801125114370e-01
1.769000000000000000e+03 7.492723805904940582e-01
1.771000000000000000e+03 7.509586132519912027e-01
1.773000000000000000e+03 7.528586885680548235e-01
1.775000000000000000e+03 7.552709466786132753e-01
1.777000000000000000e+03 7.577163811855089914e-01
1.779000000000000000e+03 7.607444666883858009e-01
1.781000000000000000e+03 7.643199486278594579e-01
1.783000000000000000e+03 7.683466108259107141e-01
1.785000000000000000e+03 7.727997215361452898e-01
1.787000000000000000e+03 7.774625067287181945e-01
1.789000000000000000e+03 7.824018808224896260e-01
1.791000000000000000e+03 7.873797968734177477e-01
1.793000000000000000e+03 7.921385422172797508e-01
1.795000000000000000e+03 7.965313834365317369e-01
1.797000000000000000e+03 8.003649204152457619e-01
1.799000000000000000e+03 8.037407160395833028e-01
1.801000000000000000e+03 8.066528625554343357e-01
1.803000000000000000e+03 8.094425831843528041e-01
1.805000000000000000e+03 8.120476712978635936e-01
1.807000000000000000e+03 8.146164119482451893e-01
1.809000000000000000e+03 8.171335923034913629e-01
1.811000000000000000e+03 8.196210526148177689e-01
1.813000000000000000e+03 8.287072518927347531e-01
1.815000000000000000e+03 8.373644413746620385e-01
1.817000000000000000e+03 8.460083428207568756e-01
1.819000000000000000e+03 8.543958995180811478e-01
1.821000000000000000e+03 8.625566981957488721e-01
1.823000000000000000e+03 8.705186473740511577e-01
1.825000000000000000e+03 8.782371167267241097e-01
1.827000000000000000e+03 8.859067757285152833e-01
1.829000000000000000e+03 8.932695176452448704e-01
1.831000000000000000e+03 9.005089003053470265e-01
1.833000000000000000e+03 9.074991108929525430e-01
1.835000000000000000e+03 9.142503625920488375e-01
1.837000000000000000e+03 9.207611827331957377e-01
1.839000000000000000e+03 9.268426323485822182e-01
1.841000000000000000e+03 9.326284282400422176e-01
1.843000000000000000e+03 9.378224116150900569e-01
1.845000000000000000e+03 9.426203835181972135e-01
1.847000000000000000e+03 9.471259196165776606e-01
1.849000000000000000e+03 9.511714059186080483e-01
1.851000000000000000e+03 9.547340891584871203e-01
1.853000000000000000e+03 9.517595870346007292e-01
1.855000000000000000e+03 9.493188666988036095e-01
1.857000000000000000e+03 9.475652537642409445e-01
1.859000000000000000e+03 9.463649793817026090e-01
1.861000000000000000e+03 9.455475749147398412e-01
1.863000000000000000e+03 9.447149332279241030e-01
1.865000000000000000e+03 9.438263267646543886e-01
1.867000000000000000e+03 9.424342945564059271e-01
1.869000000000000000e+03 9.408594431498331634e-01
1.871000000000000000e+03 9.389827183174144221e-01
1.873000000000000000e+03 9.371129587278642648e-01
1.875000000000000000e+03 9.351864486145422539e-01
1.877000000000000000e+03 9.330556050566287674e-01
1.879000000000000000e+03 9.310126313321998026e-01
1.881000000000000000e+03 9.290429321857233136e-01
1.883000000000000000e+03 9.272234665554144328e-01
1.885000000000000000e+03 9.255569877463867279e-01
1.887000000000000000e+03 9.240763385828913989e-01
1.889000000000000000e+03 9.228855618301241570e-01
1.891000000000000000e+03 9.219171343589943612e-01
1.893000000000000000e+03 9.209264598728228446e-01
1.895000000000000000e+03 9.197729741036481110e-01
1.897000000000000000e+03 9.183719287521037167e-01
1.899000000000000000e+03 9.166814806589768105e-01
1.901000000000000000e+03 9.147705720094467807e-01
1.903000000000000000e+03 9.128195085459858138e-01
1.905000000000000000e+03 9.107836451099980968e-01
1.907000000000000000e+03 9.090261274281079551e-01
1.909000000000000000e+03 9.073179454068589500e-01
1.911000000000000000e+03 9.055874121612028649e-01
1.913000000000000000e+03 9.035336239727073115e-01
1.915000000000000000e+03 9.012406669862891295e-01
1.917000000000000000e+03 8.989637736966855641e-01
1.919000000000000000e+03 8.966068533739470769e-01
1.921000000000000000e+03 8.942512107228740570e-01
1.923000000000000000e+03 8.922692312487520150e-01
1.925000000000000000e+03 8.907219893569109370e-01
1.927000000000000000e+03 8.893647306446880174e-01
1.929000000000000000e+03 8.882890481330565358e-01
1.931000000000000000e+03 8.874790825667815408e-01
1.933000000000000000e+03 8.866511441866640197e-01
1.935000000000000000e+03 8.856755069241393219e-01
1.937000000000000000e+03 8.843728117824940504e-01
1.939000000000000000e+03 8.827909276854815079e-01
1.941000000000000000e+03 8.808784935243746395e-01
1.943000000000000000e+03 8.787075924771766688e-01
1.945000000000000000e+03 8.763605098351460176e-01
1.947000000000000000e+03 8.736116481872659989e-01
1.949000000000000000e+03 8.707160496197590138e-01
1.951000000000000000e+03 8.678787691529084025e-01
1.953000000000000000e+03 8.652720520783290237e-01
1.955000000000000000e+03 8.629358536116104039e-01
1.957000000000000000e+03 8.607763976350092383e-01
1.959000000000000000e+03 8.589162106163367172e-01
1.961000000000000000e+03 8.573244207164532060e-01
1.963000000000000000e+03 8.557501173909547454e-01
1.965000000000000000e+03 8.541441147760922004e-01
1.967000000000000000e+03 8.527336981106298230e-01
1.969000000000000000e+03 8.512458496430238553e-01
1.971000000000000000e+03 8.496097120997969654e-01
1.973000000000000000e+03 8.477909185404081116e-01
1.975000000000000000e+03 8.458481151610883764e-01
1.977000000000000000e+03 8.439884270525427334e-01
1.979000000000000000e+03 8.420855806409524025e-01
1.981000000000000000e+03 8.401234479829605695e-01
1.983000000000000000e+03 8.393015365260774185e-01
1.985000000000000000e+03 8.396375915154974390e-01
1.987000000000000000e+03 8.407508138929435937e-01
1.989000000000000000e+03 8.421191976776113419e-01
1.991000000000000000e+03 8.437598011025589928e-01
1.993000000000000000e+03 8.454330946830728166e-01
1.995000000000000000e+03 8.471798034183889436e-01
1.997000000000000000e+03 8.488014435403417046e-01
1.999000000000000000e+03 8.503895254008092541e-01
2.001000000000000000e+03 8.518592366564562424e-01
2.003000000000000000e+03 8.533108338401660387e-01
2.005000000000000000e+03 8.546537610894537895e-01
2.007000000000000000e+03 8.558111853115322187e-01
2.009000000000000000e+03 8.568716434328499387e-01
2.011000000000000000e+03 8.577911210212236792e-01
2.013000000000000000e+03 8.587181187576857777e-01
2.015000000000000000e+03 8.596405007478631344e-01
2.017000000000000000e+03 8.606809547577394248e-01
2.019000000000000000e+03 8.618867377489338732e-01
2.021000000000000000e+03 8.632759106035710062e-01
2.023000000000000000e+03 8.636813349694714148e-01
2.025000000000000000e+03 8.630611186965977399e-01
2.027000000000000000e+03 8.621250129550508401e-01
2.029000000000000000e+03 8.612116759873773564e-01
2.031000000000000000e+03 8.603338566195443127e-01
2.033000000000000000e+03 8.597265996402080335e-01
2.035000000000000000e+03 8.592833142923753664e-01
2.037000000000000000e+03 8.592885973629744711e-01
2.039000000000000000e+03 8.592477592290763688e-01
2.041000000000000000e+03 8.591010589028070799e-01
2.043000000000000000e+03 8.589028044053267363e-01
2.045000000000000000e+03 8.586717622631472313e-01
2.047000000000000000e+03 8.587059599612858474e-01
2.049000000000000000e+03 8.587468004862752746e-01
2.051000000000000000e+03 8.589059409582495697e-01
2.053000000000000000e+03 8.588419635118081930e-01
2.055000000000000000e+03 8.586227453397429210e-01
2.057000000000000000e+03 8.582838419891006820e-01
2.059000000000000000e+03 8.578642710930890480e-01
2.061000000000000000e+03 8.574971075973849555e-01
2.063000000000000000e+03 8.571171534744272957e-01
2.065000000000000000e+03 8.567576231610650739e-01
2.067000000000000000e+03 8.560602975643206713e-01
2.069000000000000000e+03 8.550356317737982659e-01
2.071000000000000000e+03 8.537040449158109778e-01
2.073000000000000000e+03 8.521586571656816211e-01
2.075000000000000000e+03 8.504707852778068400e-01
2.077000000000000000e+03 8.482319787448389103e-01
2.079000000000000000e+03 8.458607731916086836e-01
2.081000000000000000e+03 8.433729355927439553e-01
2.083000000000000000e+03 8.406398857705571492e-01
2.085000000000000000e+03 8.376740627033758546e-01
2.087000000000000000e+03 8.345287133895487042e-01
2.089000000000000000e+03 8.312602744626695905e-01
2.091000000000000000e+03 8.278890404749060794e-01
2.093000000000000000e+03 8.248495428326344525e-01
2.095000000000000000e+03 8.221357289319870532e-01
2.097000000000000000e+03 8.197234918371085755e-01
2.099000000000000000e+03 8.174975982500134464e-01
2.101000000000000000e+03 8.153183576469765770e-01
2.103000000000000000e+03 8.132156221111920269e-01
2.105000000000000000e+03 8.109733861941831323e-01
2.107000000000000000e+03 8.089359347987803428e-01
2.109000000000000000e+03 8.067012767187997646e-01
2.111000000000000000e+03 8.041828569446710651e-01
2.113000000000000000e+03 8.012645158173844484e-01
2.115000000000000000e+03 7.979118549389326853e-01
2.117000000000000000e+03 7.945216936291132903e-01
2.119000000000000000e+03 7.909039559686463772e-01
2.121000000000000000e+03 7.873245603967649053e-01
2.123000000000000000e+03 7.838789176834665140e-01
2.125000000000000000e+03 7.807207595673683054e-01
2.127000000000000000e+03 7.781153294271013765e-01
2.129000000000000000e+03 7.759490875870076465e-01
2.131000000000000000e+03 7.742545635550001082e-01
2.133000000000000000e+03 7.727462950282546483e-01
2.135000000000000000e+03 7.713969677063208241e-01
2.137000000000000000e+03 7.697448358945366831e-01
2.139000000000000000e+03 7.680841559121305284e-01
2.141000000000000000e+03 7.661862431201768020e-01
2.143000000000000000e+03 7.639707298632383292e-01
2.145000000000000000e+03 7.613179288369111841e-01
2.147000000000000000e+03 7.571434171900202070e-01
2.149000000000000000e+03 7.526258022715971441e-01
2.151000000000000000e+03 7.478053721828096245e-01
2.153000000000000000e+03 7.428694023583894968e-01
2.155000000000000000e+03 7.380098998174252634e-01
2.157000000000000000e+03 7.324005197252884125e-01
2.159000000000000000e+03 7.271190201158089783e-01
2.161000000000000000e+03 7.221302165400010908e-01
2.163000000000000000e+03 7.174774054713978222e-01
2.165000000000000000e+03 7.132193174844098094e-01
2.167000000000000000e+03 7.082292168056317783e-01
2.169000000000000000e+03 7.034783926642724783e-01
2.171000000000000000e+03 6.988060928909549663e-01
2.173000000000000000e+03 6.940934111968430908e-01
2.175000000000000000e+03 6.891432936841902501e-01
2.177000000000000000e+03 6.835374118111752217e-01
2.179000000000000000e+03 6.773432581018195009e-01
2.181000000000000000e+03 6.706855721492995803e-01
2.183000000000000000e+03 6.637047122152279766e-01
2.185000000000000000e+03 6.565729450590349625e-01
2.187000000000000000e+03 6.500271427781830758e-01
2.189000000000000000e+03 6.435049054261383628e-01
2.191000000000000000e+03 6.370829315617883015e-01
2.193000000000000000e+03 6.307478555862364722e-01
2.195000000000000000e+03 6.244821661242091482e-01
2.197000000000000000e+03 6.192738688056943497e-01
2.199000000000000000e+03 6.142475504215071380e-01
2.201000000000000000e+03 6.093710668588271373e-01
2.203000000000000000e+03 6.045464957554393948e-01
2.205000000000000000e+03 5.996747329328389053e-01
2.207000000000000000e+03 5.953275618088388343e-01
2.209000000000000000e+03 5.908688110986970443e-01
2.211000000000000000e+03 5.862815289080731684e-01
2.213000000000000000e+03 5.822162676862786546e-01
2.215000000000000000e+03 5.785611725248596127e-01
2.217000000000000000e+03 5.752236512382430389e-01
2.219000000000000000e+03 5.713953898476719084e-01
2.221000000000000000e+03 5.670285260357363910e-01
2.223000000000000000e+03 5.621900928952322518e-01
2.225000000000000000e+03 5.573760970294463490e-01
2.227000000000000000e+03 5.528024222461704884e-01
2.229000000000000000e+03 5.485864545345654486e-01
2.231000000000000000e+03 5.446562634699974037e-01
2.233000000000000000e+03 5.408196497021517946e-01
2.235000000000000000e+03 5.373254334925090525e-01
2.237000000000000000e+03 5.342136039825013949e-01
2.239000000000000000e+03 5.319622333153697369e-01
2.241000000000000000e+03 5.305978895649714477e-01
2.243000000000000000e+03 5.297735521100818135e-01
2.245000000000000000e+03 5.290040958566719631e-01
2.247000000000000000e+03 5.276655157923518802e-01
2.249000000000000000e+03 5.257005888915807779e-01
2.251000000000000000e+03 5.232017302950571214e-01
2.253000000000000000e+03 5.199971065321401520e-01
2.255000000000000000e+03 5.162485628816971817e-01
2.257000000000000000e+03 5.122164156554295245e-01
2.259000000000000000e+03 5.083144354540207743e-01
2.261000000000000000e+03 5.043798590747240462e-01
2.263000000000000000e+03 5.008970223441802094e-01
2.265000000000000000e+03 4.975909329860489505e-01
2.267000000000000000e+03 4.943971754873568436e-01
2.269000000000000000e+03 4.913468946220166389e-01
2.271000000000000000e+03 4.886201467096775164e-01
2.273000000000000000e+03 4.863646652839384577e-01
2.275000000000000000e+03 4.843683774824071864e-01
2.277000000000000000e+03 4.822968343570256389e-01
2.279000000000000000e+03 4.797553877427230828e-01
2.281000000000000000e+03 4.765874953754277721e-01
2.283000000000000000e+03 4.729564208136668446e-01
2.285000000000000000e+03 4.691927778449033193e-01
2.287000000000000000e+03 4.655966254023605755e-01
2.289000000000000000e+03 4.621284961808642677e-01
2.291000000000000000e+03 4.586555263250823855e-01
2.293000000000000000e+03 4.547991894626617349e-01
2.295000000000000000e+03 4.506777577892178144e-01
2.297000000000000000e+03 4.463351885624212700e-01
2.299000000000000000e+03 4.424129812725504651e-01
2.301000000000000000e+03 4.392948629068313404e-01
2.303000000000000000e+03 4.366657169354890011e-01
2.305000000000000000e+03 4.344981386185416961e-01
2.307000000000000000e+03 4.327936860067167490e-01
2.309000000000000000e+03 4.314714932894884170e-01
2.311000000000000000e+03 4.304398021077120440e-01
2.313000000000000000e+03 4.296176909761214580e-01
2.315000000000000000e+03 4.288760964781944129e-01
2.317000000000000000e+03 4.284098992168163811e-01
2.319000000000000000e+03 4.278618208897156938e-01
2.321000000000000000e+03 4.271665005253765801e-01
2.323000000000000000e+03 4.262903293739517263e-01
2.325000000000000000e+03 4.251817146976377693e-01
2.327000000000000000e+03 4.239329697701856858e-01
2.329000000000000000e+03 4.225722406173270107e-01
2.331000000000000000e+03 4.212134836711474151e-01
2.333000000000000000e+03 4.199406530346041500e-01
2.335000000000000000e+03 4.188199126879251222e-01
2.337000000000000000e+03 4.181364211379838269e-01
2.339000000000000000e+03 4.177213935249163290e-01
2.341000000000000000e+03 4.176334267243879683e-01
2.343000000000000000e+03 4.177959375103428297e-01
2.345000000000000000e+03 4.182068454979321892e-01
2.347000000000000000e+03 4.189023572131077566e-01
2.349000000000000000e+03 4.198629970250828958e-01
2.351000000000000000e+03 4.209872448229319275e-01
2.353000000000000000e+03 4.223134809435842851e-01
2.355000000000000000e+03 4.237993437048880319e-01
2.357000000000000000e+03 4.250289088067612520e-01
2.359000000000000000e+03 4.262810803113011304e-01
2.361000000000000000e+03 4.274774756235061868e-01
2.363000000000000000e+03 4.286147036851248870e-01
2.365000000000000000e+03 4.297063730778206692e-01
2.367000000000000000e+03 4.308887494229998727e-01
2.369000000000000000e+03 4.321654344234147072e-01
2.371000000000000000e+03 4.336838503186741245e-01
2.373000000000000000e+03 4.354945864450139315e-01
2.375000000000000000e+03 4.376043978089175779e-01
2.377000000000000000e+03 4.400982960044692027e-01
2.379000000000000000e+03 4.429413864957360003e-01
2.381000000000000000e+03 4.461651877003870448e-01
2.383000000000000000e+03 4.496852275454911729e-01
2.385000000000000000e+03 4.535102614561431489e-01
2.387000000000000000e+03 4.575637797219742620e-01
2.389000000000000000e+03 4.616472128536790454e-01
2.391000000000000000e+03 4.656743380990085446e-01
2.393000000000000000e+03 4.694675720377788908e-01
2.395000000000000000e+03 4.729083571189094393e-01
2.397000000000000000e+03 4.761513311898899481e-01
2.399000000000000000e+03 4.791003112427627553e-01
2.401000000000000000e+03 4.818100185663286017e-01
2.403000000000000000e+03 4.844370193032010441e-01
2.405000000000000000e+03 4.870466078196796778e-01
2.407000000000000000e+03 4.897865521218659479e-01
2.409000000000000000e+03 4.927753840721755263e-01
2.411000000000000000e+03 4.960487372320475652e-01
2.413000000000000000e+03 4.997235871361730974e-01
2.415000000000000000e+03 5.038610462638776211e-01
2.417000000000000000e+03 5.086554445488944420e-01
2.419000000000000000e+03 5.139209625343461596e-01
2.421000000000000000e+03 5.195220864612728473e-01
2.423000000000000000e+03 5.255071868517645628e-01
2.425000000000000000e+03 5.316944324794113941e-01
2.427000000000000000e+03 5.377452678990017887e-01
2.429000000000000000e+03 5.438549038152188375e-01
2.431000000000000000e+03 5.499263100288639405e-01
2.433000000000000000e+03 5.557978778242604889e-01
2.435000000000000000e+03 5.615545756707009950e-01
2.437000000000000000e+03 5.672201051259048166e-01
2.439000000000000000e+03 5.727764854631047786e-01
2.441000000000000000e+03 5.784041779644669701e-01
2.443000000000000000e+03 5.841886819006730791e-01
2.445000000000000000e+03 5.902566247291152202e-01
2.447000000000000000e+03 5.965035018320989924e-01
2.449000000000000000e+03 6.031432705963148955e-01
2.451000000000000000e+03 6.101662315376218393e-01
2.453000000000000000e+03 6.176022680592887504e-01
2.455000000000000000e+03 6.253754659601435950e-01
2.457000000000000000e+03 6.333764906512939774e-01
2.459000000000000000e+03 6.415106019211948007e-01
2.461000000000000000e+03 6.496925834103609576e-01
2.463000000000000000e+03 6.576111364501627810e-01
2.465000000000000000e+03 6.651880032975446833e-01
2.467000000000000000e+03 6.724559511988916771e-01
2.469000000000000000e+03 6.791874422203602046e-01
2.471000000000000000e+03 6.854778216309211913e-01
2.473000000000000000e+03 6.914664517549075073e-01
2.475000000000000000e+03 6.971666558940596836e-01
2.477000000000000000e+03 7.025185362025477831e-01
2.479000000000000000e+03 7.078549376332788912e-01
2.481000000000000000e+03 7.133051117434144883e-01
2.483000000000000000e+03 7.190917661404379047e-01
2.485000000000000000e+03 7.252950772269063373e-01
2.487000000000000000e+03 7.316615132621583362e-01
2.489000000000000000e+03 7.383102212830356947e-01
2.491000000000000000e+03 7.452399801299397497e-01
2.493000000000000000e+03 7.523400191236451207e-01
2.495000000000000000e+03 7.595266370353283003e-01
2.497000000000000000e+03 7.660980332194249343e-01
2.499000000000000000e+03 7.723692766469472115e-01
2.501000000000000000e+03 7.782527370915142129e-01
2.503000000000000000e+03 7.836047429171263401e-01
2.505000000000000000e+03 7.884279091142853968e-01
2.507000000000000000e+03 7.926239490615626382e-01
2.509000000000000000e+03 7.966853092721564167e-01
2.511000000000000000e+03 8.008364948926575133e-01
2.513000000000000000e+03 8.053008239255508016e-01
2.515000000000000000e+03 8.102593603378427378e-01
2.517000000000000000e+03 8.155628175665213808e-01
2.519000000000000000e+03 8.213898992244210717e-01
2.521000000000000000e+03 8.276501815258808792e-01
2.523000000000000000e+03 8.341004995197867089e-01
2.525000000000000000e+03 8.406190389780974215e-01
2.527000000000000000e+03 8.474068578296058973e-01
2.529000000000000000e+03 8.539443657189809134e-01
2.531000000000000000e+03 8.599266169719362862e-01
2.533000000000000000e+03 8.652230609716599075e-01
2.535000000000000000e+03 8.696907724703860643e-01
2.537000000000000000e+03 8.741381908423523361e-01
2.539000000000000000e+03 8.780356796009770592e-01
2.541000000000000000e+03 8.815974900237358858e-01
2.543000000000000000e+03 8.851372049969274958e-01
2.545000000000000000e+03 8.888314231994706160e-01
2.547000000000000000e+03 8.931682588226101949e-01
2.549000000000000000e+03 8.978406334021789004e-01
2.551000000000000000e+03 9.027876109451665743e-01
2.553000000000000000e+03 9.079124261857027811e-01
2.555000000000000000e+03 9.132087914656225047e-01
2.557000000000000000e+03 9.187764598998510168e-01
2.559000000000000000e+03 9.239895992818856207e-01
2.561000000000000000e+03 9.286220618941785077e-01
2.563000000000000000e+03 9.324923933066322501e-01
2.565000000000000000e+03 9.354402160540192801e-01
2.567000000000000000e+03 9.371118360792557445e-01
2.569000000000000000e+03 9.378462019629597579e-01
2.571000000000000000e+03 9.377203718554594225e-01
2.573000000000000000e+03 9.366632645187661366e-01
2.575000000000000000e+03 9.348679463827290759e-01
2.577000000000000000e+03 9.321081771050602205e-01
2.579000000000000000e+03 9.289670166641894600e-01
2.581000000000000000e+03 9.255771744288822100e-01
2.583000000000000000e+03 9.222929336037296588e-01
2.585000000000000000e+03 9.191748561356060110e-01
2.587000000000000000e+03 9.159911987500062303e-01
2.589000000000000000e+03 9.128708829051424001e-01
2.591000000000000000e+03 9.096622132378612280e-01
2.593000000000000000e+03 9.061663227983962621e-01
2.595000000000000000e+03 9.020734426119217941e-01
2.597000000000000000e+03 8.970817641057425851e-01
2.599000000000000000e+03 8.914788537564719562e-01
2.601000000000000000e+03 8.852547781588241405e-01
2.603000000000000000e+03 8.786567531475363291e-01
2.605000000000000000e+03 8.717971187012585332e-01
2.607000000000000000e+03 8.650337579594806758e-01
2.609000000000000000e+03 8.582844471828066091e-01
2.611000000000000000e+03 8.517567329122414099e-01
2.613000000000000000e+03 8.457922449534108766e-01
2.615000000000000000e+03 8.404992427450778125e-01
2.617000000000000000e+03 8.357771717553205137e-01
2.619000000000000000e+03 8.317058917424660081e-01
2.621000000000000000e+03 8.281803069324037425e-01
2.623000000000000000e+03 8.247898299023028734e-01
2.625000000000000000e+03 8.214194320974635977e-01
2.627000000000000000e+03 8.183042486711888941e-01
2.629000000000000000e+03 8.148493608793292431e-01
2.631000000000000000e+03 8.108895765068487860e-01
