7.090000000000000000e+02 1.323648224272489515e-01
7.110000000000000000e+02 1.387040426070649257e-01
7.130000000000000000e+02 1.454380640150741144e-01
7.150000000000000000e+02 1.526760511077293880e-01
7.170000000000000000e+02 1.604672131841226590e-01
7.190000000000000000e+02 1.689928556551232863e-01
7.210000000000000000e+02 1.783924216280277086e-01
7.230000000000000000e+02 1.885616382198830598e-01
7.250000000000000000e+02 1.996984251763137819e-01
7.270000000000000000e+02 2.117252090633204575e-01
7.290000000000000000e+02 2.246788497663900763e-01
7.310000000000000000e+02 2.384718908717656516e-01
7.330000000000000000e+02 2.529410934768043240e-01
7.350000000000000000e+02 2.679517063836858171e-01
7.370000000000000000e+02 2.831829801460881146e-01
7.390000000000000000e+02 2.984016587081367300e-01
7.410000000000000000e+02 3.134118866008778759e-01
7.430000000000000000e+02 3.285836509507799041e-01
7.450000000000000000e+02 3.438615545787119254e-01
7.470000000000000000e+02 3.591546959174575782e-01
7.490000000000000000e+02 3.745010731674702775e-01
7.510000000000000000e+02 3.897909221290800086e-01
7.530000000000000000e+02 4.048073225075189407e-01
7.550000000000000000e+02 4.194061822568271869e-01
7.570000000000000000e+02 4.336666965543137797e-01
7.590000000000000000e+02 4.475001692280616283e-01
7.610000000000000000e+02 4.608240588323547771e-01
7.630000000000000000e+02 4.733908089454053059e-01
7.650000000000000000e+02 4.851219314032415020e-01
7.670000000000000000e+02 4.958274493977496977e-01
7.690000000000000000e+02 5.053055068307649167e-01
7.710000000000000000e+02 5.134847024809234828e-01
7.730000000000000000e+02 5.206127933089882420e-01
7.750000000000000000e+02 5.268096960076603663e-01
7.770000000000000000e+02 5.323371975730055716e-01
7.790000000000000000e+02 5.374226019360611728e-01
7.810000000000000000e+02 5.388181415137700547e-01
7.830000000000000000e+02 5.403543143426472461e-01
7.850000000000000000e+02 5.407293076152246414e-01
7.870000000000000000e+02 5.401351581607591879e-01
7.890000000000000000e+02 5.386593793795220186e-01
7.910000000000000000e+02 5.363926883019882741e-01
7.930000000000000000e+02 5.333035604862687018e-01
7.950000000000000000e+02 5.294542549087012384e-01
7.970000000000000000e+02 5.247112910542225395e-01
7.990000000000000000e+02 5.191026544499128814e-01
8.010000000000000000e+02 5.127120982065344057e-01
8.030000000000000000e+02 5.057253538002557391e-01
8.050000000000000000e+02 4.982205059571567229e-01
8.070000000000000000e+02 4.898050510171232386e-01
8.090000000000000000e+02 4.813071359213181855e-01
8.110000000000000000e+02 4.728279739749015609e-01
8.130000000000000000e+02 4.641981328470621837e-01
8.150000000000000000e+02 4.554028843569288831e-01
8.170000000000000000e+02 4.451343821220136165e-01
8.190000000000000000e+02 4.345930276451545615e-01
8.210000000000000000e+02 4.271813570708402064e-01
8.230000000000000000e+02 4.185292365844873186e-01
8.250000000000000000e+02 4.099379508654805160e-01
8.270000000000000000e+02 4.007761413525421368e-01
8.290000000000000000e+02 3.914978191423972298e-01
8.310000000000000000e+02 3.821076532477586940e-01
8.330000000000000000e+02 3.728349829066368026e-01
8.350000000000000000e+02 3.636311059666875733e-01
8.370000000000000000e+02 3.543827675766169638e-01
8.390000000000000000e+02 3.451759608498130572e-01
8.410000000000000000e+02 3.359663116559739038e-01
8.430000000000000000e+02 3.266794437098426984e-01
8.450000000000000000e+02 3.173416841130036192e-01
8.470000000000000000e+02 3.086756387029613857e-01
8.490000000000000000e+02 3.000208336411545607e-01
8.510000000000000000e+02 2.913481211764628043e-01
8.530000000000000000e+02 2.826859553294497895e-01
8.550000000000000000e+02 2.740257563522024986e-01
8.570000000000000000e+02 2.669066784638740031e-01
8.590000000000000000e+02 2.598728453348666534e-01
8.610000000000000000e+02 2.529237469607187316e-01
8.630000000000000000e+02 2.462076297326616092e-01
8.650000000000000000e+02 2.397435905735191553e-01
8.670000000000000000e+02 2.340594494397083281e-01
8.690000000000000000e+02 2.286399724388010479e-01
8.710000000000000000e+02 2.235009473052113338e-01
8.730000000000000000e+02 2.185868724740135383e-01
8.750000000000000000e+02 2.139527909726113286e-01
8.770000000000000000e+02 2.097135927969691616e-01
8.790000000000000000e+02 2.059407374339595753e-01
8.810000000000000000e+02 2.026541172110696565e-01
8.830000000000000000e+02 1.998089512501769194e-01
8.850000000000000000e+02 1.975383856765571544e-01
8.870000000000000000e+02 1.958010143819272075e-01
8.890000000000000000e+02 1.944368293535234660e-01
8.910000000000000000e+02 1.933862357806729604e-01
8.930000000000000000e+02 1.926345988721560876e-01
8.950000000000000000e+02 1.920987510109608276e-01
8.970000000000000000e+02 1.915727351723910954e-01
8.990000000000000000e+02 1.911494305412604067e-01
9.010000000000000000e+02 1.908062327620402843e-01
9.030000000000000000e+02 1.903960233012604586e-01
9.050000000000000000e+02 1.899397096392585194e-01
9.070000000000000000e+02 1.893035949620649472e-01
9.090000000000000000e+02 1.886199146566983620e-01
9.110000000000000000e+02 1.878840645854625846e-01
9.130000000000000000e+02 1.871669061009292312e-01
9.150000000000000000e+02 1.864956325076715660e-01
9.170000000000000000e+02 1.857616419531224750e-01
9.190000000000000000e+02 1.848287182419312280e-01
9.210000000000000000e+02 1.837138560363307249e-01
9.230000000000000000e+02 1.827219679290678633e-01
9.250000000000000000e+02 1.817570520710116710e-01
9.270000000000000000e+02 1.806014155915198760e-01
9.290000000000000000e+02 1.794778993264669609e-01
9.310000000000000000e+02 1.783667629267682297e-01
9.330000000000000000e+02 1.771843539534420364e-01
9.350000000000000000e+02 1.759192936798919249e-01
9.370000000000000000e+02 1.744807920427448034e-01
9.390000000000000000e+02 1.729697261928488383e-01
9.410000000000000000e+02 1.713906749520186790e-01
1.729000000000000000e+03 2.474359779219470479e-01
1.731000000000000000e+03 2.435259714569797951e-01
1.733000000000000000e+03 2.395917602345139785e-01
1.735000000000000000e+03 2.355922995464312109e-01
1.737000000000000000e+03 2.314206070927285197e-01
1.739000000000000000e+03 2.271246092038609887e-01
1.741000000000000000e+03 2.227238503997942543e-01
1.743000000000000000e+03 2.181848536004813155e-01
1.745000000000000000e+03 2.135943993312985345e-01
1.747000000000000000e+03 2.090533605019035679e-01
1.749000000000000000e+03 2.045868976444112641e-01
1.751000000000000000e+03 2.002384796597401762e-01
1.753000000000000000e+03 1.961090140301465778e-01
1.755000000000000000e+03 1.922157724629167397e-01
1.757000000000000000e+03 1.884130091237501137e-01
1.759000000000000000e+03 1.848226808098134277e-01
1.761000000000000000e+03 1.814255730726993532e-01
1.763000000000000000e+03 1.781693037147789871e-01
1.765000000000000000e+03 1.750061502149665160e-01
1.767000000000000000e+03 1.717484953468003672e-01
1.769000000000000000e+03 1.685022287258363116e-01
1.771000000000000000e+03 1.652281391519011544e-01
1.773000000000000000e+03 1.619146185075048261e-01
1.775000000000000000e+03 1.585639993961616701e-01
1.777000000000000000e+03 1.550907471742120625e-01
1.779000000000000000e+03 1.515932374656555337e-01
1.781000000000000000e+03 1.480673296447926057e-01
1.783000000000000000e+03 1.445950364023620982e-01
1.785000000000000000e+03 1.411992705339328857e-01
1.787000000000000000e+03 1.379059286098204273e-01
1.789000000000000000e+03 1.347748533143768301e-01
1.791000000000000000e+03 1.318187192716800682e-01
1.793000000000000000e+03 1.290013029188090965e-01
1.795000000000000000e+03 1.262941505223998118e-01
1.797000000000000000e+03 1.238131264566486589e-01
1.799000000000000000e+03 1.214394130863170468e-01
1.801000000000000000e+03 1.191659711937043675e-01
1.803000000000000000e+03 1.169785467429621251e-01
1.805000000000000000e+03 1.148330700898298473e-01
1.807000000000000000e+03 1.128168014521299944e-01
1.809000000000000000e+03 1.108049454329164268e-01
1.811000000000000000e+03 1.087940499144558620e-01
1.813000000000000000e+03 1.074728005157069566e-01
1.815000000000000000e+03 1.061385680564734812e-01
1.817000000000000000e+03 1.048734035694062761e-01
1.819000000000000000e+03 1.036158872199507003e-01
1.821000000000000000e+03 1.023944571322665809e-01
1.823000000000000000e+03 1.012029941015709505e-01
1.825000000000000000e+03 1.000511619626843485e-01
1.827000000000000000e+03 9.897729645012873223e-02
1.829000000000000000e+03 9.793436082357309669e-02
1.831000000000000000e+03 9.693077184051251960e-02
1.833000000000000000e+03 9.596194933272082783e-02
1.835000000000000000e+03 9.504427234312147477e-02
1.837000000000000000e+03 9.413630773498291027e-02
1.839000000000000000e+03 9.326265276556278128e-02
1.841000000000000000e+03 9.241160431070498393e-02
1.843000000000000000e+03 9.157326798393600198e-02
1.845000000000000000e+03 9.075673698545957957e-02
1.847000000000000000e+03 8.999411734233589422e-02
1.849000000000000000e+03 8.923654999903575524e-02
1.851000000000000000e+03 8.847500003074856845e-02
1.853000000000000000e+03 8.702756060476005140e-02
1.855000000000000000e+03 8.559494941450020156e-02
1.857000000000000000e+03 8.421653248915947354e-02
1.859000000000000000e+03 8.285703312072377480e-02
1.861000000000000000e+03 8.152553403669060561e-02
1.863000000000000000e+03 8.019469799232985252e-02
1.865000000000000000e+03 7.888069340503496563e-02
1.867000000000000000e+03 7.763753134919032517e-02
1.869000000000000000e+03 7.643513176552181598e-02
1.871000000000000000e+03 7.527549434100472281e-02
1.873000000000000000e+03 7.418000148685842399e-02
1.875000000000000000e+03 7.314215113287236836e-02
1.877000000000000000e+03 7.216629879266212022e-02
1.879000000000000000e+03 7.123254515753198179e-02
1.881000000000000000e+03 7.033798522947473653e-02
1.883000000000000000e+03 6.946623239504015612e-02
1.885000000000000000e+03 6.860647861226047695e-02
1.887000000000000000e+03 6.773243473723698782e-02
1.889000000000000000e+03 6.684860387213431565e-02
1.891000000000000000e+03 6.594912548686120146e-02
1.893000000000000000e+03 6.501370923881677477e-02
1.895000000000000000e+03 6.404763987066283693e-02
1.897000000000000000e+03 6.303557546582258531e-02
1.899000000000000000e+03 6.201870125050095578e-02
1.901000000000000000e+03 6.100682439106108051e-02
1.903000000000000000e+03 6.004412890182590778e-02
1.905000000000000000e+03 5.913544781171926196e-02
1.907000000000000000e+03 5.824432216038322868e-02
1.909000000000000000e+03 5.741841673599511892e-02
1.911000000000000000e+03 5.665945975995360234e-02
1.913000000000000000e+03 5.593680562248475735e-02
1.915000000000000000e+03 5.524605899226899680e-02
1.917000000000000000e+03 5.455069904393125557e-02
1.919000000000000000e+03 5.386893699305081440e-02
1.921000000000000000e+03 5.319489075118931376e-02
1.923000000000000000e+03 5.254799175294731783e-02
1.925000000000000000e+03 5.192331543291245355e-02
1.927000000000000000e+03 5.130857827502031954e-02
1.929000000000000000e+03 5.070917603219198683e-02
1.931000000000000000e+03 5.011706466703184926e-02
1.933000000000000000e+03 4.952177468067171101e-02
1.935000000000000000e+03 4.892234913934006418e-02
1.937000000000000000e+03 4.832876192907353818e-02
1.939000000000000000e+03 4.774347880546570000e-02
1.941000000000000000e+03 4.717129539406659383e-02
1.943000000000000000e+03 4.662787553706275456e-02
1.945000000000000000e+03 4.611615815392004769e-02
1.947000000000000000e+03 4.563676185307364436e-02
1.949000000000000000e+03 4.518622952206596821e-02
1.951000000000000000e+03 4.476119518690199056e-02
1.953000000000000000e+03 4.436505168445960268e-02
1.955000000000000000e+03 4.398956746983856414e-02
1.957000000000000000e+03 4.364121688130640636e-02
1.959000000000000000e+03 4.330656129191191861e-02
1.961000000000000000e+03 4.298098052701675859e-02
1.963000000000000000e+03 4.264234284882063158e-02
1.965000000000000000e+03 4.227745751151974068e-02
1.967000000000000000e+03 4.188948074449130865e-02
1.969000000000000000e+03 4.146857746998999089e-02
1.971000000000000000e+03 4.102685409978199665e-02
1.973000000000000000e+03 4.057534905711345646e-02
1.975000000000000000e+03 4.012293039206214773e-02
1.977000000000000000e+03 3.967284336709189091e-02
1.979000000000000000e+03 3.923935135187507639e-02
1.981000000000000000e+03 3.882871488715045755e-02
1.983000000000000000e+03 3.847848745667283715e-02
1.985000000000000000e+03 3.819075940696516069e-02
1.987000000000000000e+03 3.794606598096023770e-02
1.989000000000000000e+03 3.772860683645222479e-02
1.991000000000000000e+03 3.753231465929661448e-02
1.993000000000000000e+03 3.734359774578367708e-02
1.995000000000000000e+03 3.715802652945551093e-02
1.997000000000000000e+03 3.696364104138152168e-02
1.999000000000000000e+03 3.676125063257229542e-02
2.001000000000000000e+03 3.654673939135012761e-02
2.003000000000000000e+03 3.632511316831835146e-02
2.005000000000000000e+03 3.609455114885028182e-02
2.007000000000000000e+03 3.584455627574673758e-02
2.009000000000000000e+03 3.559474724683856645e-02
2.011000000000000000e+03 3.534838964039938719e-02
2.013000000000000000e+03 3.510920930316786814e-02
2.015000000000000000e+03 3.488103617261227585e-02
2.017000000000000000e+03 3.467729740986184167e-02
2.019000000000000000e+03 3.449443306659476238e-02
2.021000000000000000e+03 3.433339987825852202e-02
2.023000000000000000e+03 3.414963320166466282e-02
2.025000000000000000e+03 3.394240760044881650e-02
2.027000000000000000e+03 3.372833477798005408e-02
2.029000000000000000e+03 3.351926159566914060e-02
2.031000000000000000e+03 3.331434136159966419e-02
2.033000000000000000e+03 3.311937997353696372e-02
2.035000000000000000e+03 3.293367675946067691e-02
2.037000000000000000e+03 3.276050421607675650e-02
2.039000000000000000e+03 3.258749343023787520e-02
2.041000000000000000e+03 3.240564955073430703e-02
2.043000000000000000e+03 3.221082616053230763e-02
2.045000000000000000e+03 3.200837420275533252e-02
2.047000000000000000e+03 3.182680358791150493e-02
2.049000000000000000e+03 3.163791288595749901e-02
2.051000000000000000e+03 3.144283813068517175e-02
2.053000000000000000e+03 3.123912968481330071e-02
2.055000000000000000e+03 3.103395544817263291e-02
2.057000000000000000e+03 3.084043940186135049e-02
2.059000000000000000e+03 3.064963534238675930e-02
2.061000000000000000e+03 3.047194242921190052e-02
2.063000000000000000e+03 3.030346614523628593e-02
2.065000000000000000e+03 3.014211893540460346e-02
2.067000000000000000e+03 2.999237096831518928e-02
2.069000000000000000e+03 2.984769302466992735e-02
2.071000000000000000e+03 2.970141096540762984e-02
2.073000000000000000e+03 2.955885303994533822e-02
2.075000000000000000e+03 2.941582834949567349e-02
2.077000000000000000e+03 2.924903730689156628e-02
2.079000000000000000e+03 2.907148310601430016e-02
2.081000000000000000e+03 2.888370327505885085e-02
2.083000000000000000e+03 2.867631255286254288e-02
2.085000000000000000e+03 2.844920433290089659e-02
2.087000000000000000e+03 2.818207449721607180e-02
2.089000000000000000e+03 2.790932007823730340e-02
2.091000000000000000e+03 2.763375765515230925e-02
2.093000000000000000e+03 2.737398475668129799e-02
2.095000000000000000e+03 2.713520485352514944e-02
2.097000000000000000e+03 2.689326900925906316e-02
2.099000000000000000e+03 2.667194022153290128e-02
2.101000000000000000e+03 2.646410349822303151e-02
2.103000000000000000e+03 2.626954402182297976e-02
2.105000000000000000e+03 2.608787685451668253e-02
2.107000000000000000e+03 2.591430905793218678e-02
2.109000000000000000e+03 2.574439046728571601e-02
2.111000000000000000e+03 2.557646200067391698e-02
2.113000000000000000e+03 2.540369416456466495e-02
2.115000000000000000e+03 2.522359954892700040e-02
2.117000000000000000e+03 2.504629581512001282e-02
2.119000000000000000e+03 2.486348017434332133e-02
2.121000000000000000e+03 2.467281269786967754e-02
2.123000000000000000e+03 2.448558332898529560e-02
2.125000000000000000e+03 2.430206939609571778e-02
2.127000000000000000e+03 2.414607383156437692e-02
2.129000000000000000e+03 2.400207003871844547e-02
2.131000000000000000e+03 2.387050158944108158e-02
2.133000000000000000e+03 2.375260285089945272e-02
2.135000000000000000e+03 2.364613263256643699e-02
2.137000000000000000e+03 2.356022370267498930e-02
2.139000000000000000e+03 2.349276165544200365e-02
2.141000000000000000e+03 2.344112828509583440e-02
2.143000000000000000e+03 2.340363243391956408e-02
2.145000000000000000e+03 2.338003318382037010e-02
2.147000000000000000e+03 2.334225092563375903e-02
2.149000000000000000e+03 2.331766531375673718e-02
2.151000000000000000e+03 2.330382785199041490e-02
2.153000000000000000e+03 2.330045368312120765e-02
2.155000000000000000e+03 2.330495667621450620e-02
2.157000000000000000e+03 2.328838899021152056e-02
2.159000000000000000e+03 2.327718765297331904e-02
2.161000000000000000e+03 2.327346445811653147e-02
2.163000000000000000e+03 2.328038253002236505e-02
2.165000000000000000e+03 2.330033286668022063e-02
2.167000000000000000e+03 2.329723678521902069e-02
2.169000000000000000e+03 2.331407768029129454e-02
2.171000000000000000e+03 2.335313099210426652e-02
2.173000000000000000e+03 2.340973935993921964e-02
2.175000000000000000e+03 2.348605914435193329e-02
2.177000000000000000e+03 2.357046466555423603e-02
2.179000000000000000e+03 2.366910197386076428e-02
2.181000000000000000e+03 2.378445237166040491e-02
2.183000000000000000e+03 2.392742688208557983e-02
2.185000000000000000e+03 2.409004609701270727e-02
2.187000000000000000e+03 2.429458344709962969e-02
2.189000000000000000e+03 2.451690667604334781e-02
2.191000000000000000e+03 2.475872777564827251e-02
2.193000000000000000e+03 2.500854847076770457e-02
2.195000000000000000e+03 2.526296616514195001e-02
2.197000000000000000e+03 2.553483011731861110e-02
2.199000000000000000e+03 2.580204780312900931e-02
2.201000000000000000e+03 2.606381494988131708e-02
2.203000000000000000e+03 2.631333653121319810e-02
2.205000000000000000e+03 2.655567635891507156e-02
2.207000000000000000e+03 2.679850947354758817e-02
2.209000000000000000e+03 2.703186784557508673e-02
2.211000000000000000e+03 2.725905444919276416e-02
2.213000000000000000e+03 2.750798922993843987e-02
2.215000000000000000e+03 2.777595986432419492e-02
2.217000000000000000e+03 2.805487850302768732e-02
2.219000000000000000e+03 2.830985487561316766e-02
2.221000000000000000e+03 2.853671091261237441e-02
2.223000000000000000e+03 2.872996876314340767e-02
2.225000000000000000e+03 2.891140221116956024e-02
2.227000000000000000e+03 2.908792503831088283e-02
2.229000000000000000e+03 2.926170427756101186e-02
2.231000000000000000e+03 2.942201211070758979e-02
2.233000000000000000e+03 2.954692405844143790e-02
2.235000000000000000e+03 2.964974133103090784e-02
2.237000000000000000e+03 2.973936363372886235e-02
2.239000000000000000e+03 2.983633106965799531e-02
2.241000000000000000e+03 2.994029508962097255e-02
2.243000000000000000e+03 3.003343633513270994e-02
2.245000000000000000e+03 3.009139774910018356e-02
2.247000000000000000e+03 3.010376914300065196e-02
2.249000000000000000e+03 3.007125086756012866e-02
2.251000000000000000e+03 3.000913561065308294e-02
2.253000000000000000e+03 2.992037348776574110e-02
2.255000000000000000e+03 2.981291785718347478e-02
2.257000000000000000e+03 2.968764014382267377e-02
2.259000000000000000e+03 2.956595454235649845e-02
2.261000000000000000e+03 2.942693010694723277e-02
2.263000000000000000e+03 2.930732488142741982e-02
2.265000000000000000e+03 2.919142313410132139e-02
2.267000000000000000e+03 2.906499666525688003e-02
2.269000000000000000e+03 2.892747193870813527e-02
2.271000000000000000e+03 2.878747487528478949e-02
2.273000000000000000e+03 2.865221997068386622e-02
2.275000000000000000e+03 2.850679462741255443e-02
2.277000000000000000e+03 2.833412698907952776e-02
2.279000000000000000e+03 2.811601207815200495e-02
2.281000000000000000e+03 2.785073594879921080e-02
2.283000000000000000e+03 2.756106999638495078e-02
2.285000000000000000e+03 2.727162288252233877e-02
2.287000000000000000e+03 2.699989145399024626e-02
2.289000000000000000e+03 2.675065940424324260e-02
2.291000000000000000e+03 2.651007092097534129e-02
2.293000000000000000e+03 2.625529941065498502e-02
2.295000000000000000e+03 2.598137898354141093e-02
2.297000000000000000e+03 2.568622458258209423e-02
2.299000000000000000e+03 2.540009595925087418e-02
2.301000000000000000e+03 2.514512973463972276e-02
2.303000000000000000e+03 2.488915551502407161e-02
2.305000000000000000e+03 2.462267134023121001e-02
2.307000000000000000e+03 2.434227492309017776e-02
2.309000000000000000e+03 2.404294780935653519e-02
2.311000000000000000e+03 2.372579802300167628e-02
2.313000000000000000e+03 2.339878317751523107e-02
2.315000000000000000e+03 2.305964594283976127e-02
2.317000000000000000e+03 2.272119978450204414e-02
2.319000000000000000e+03 2.238153987085221217e-02
2.321000000000000000e+03 2.204932219470327748e-02
2.323000000000000000e+03 2.172701578317913496e-02
2.325000000000000000e+03 2.141565023834361356e-02
2.327000000000000000e+03 2.112616167324909630e-02
2.329000000000000000e+03 2.084682380956736150e-02
2.331000000000000000e+03 2.058090774887359753e-02
2.333000000000000000e+03 2.032602434140285547e-02
2.335000000000000000e+03 2.008258837695849758e-02
2.337000000000000000e+03 1.987003181296024407e-02
2.339000000000000000e+03 1.966101217802258480e-02
2.341000000000000000e+03 1.945749516138290877e-02
2.343000000000000000e+03 1.924955256925937885e-02
2.345000000000000000e+03 1.904038333694650642e-02
2.347000000000000000e+03 1.883445631247821633e-02
2.349000000000000000e+03 1.862527359640966940e-02
2.351000000000000000e+03 1.840875615465392690e-02
2.353000000000000000e+03 1.819508862392265822e-02
2.355000000000000000e+03 1.798504851275991440e-02
2.357000000000000000e+03 1.778195004109350136e-02
2.359000000000000000e+03 1.758780927104065112e-02
2.361000000000000000e+03 1.740522710377514354e-02
2.363000000000000000e+03 1.723146123392585091e-02
2.365000000000000000e+03 1.706942760271025830e-02
2.367000000000000000e+03 1.691985715660063866e-02
2.369000000000000000e+03 1.678071376829428502e-02
2.371000000000000000e+03 1.665095137034891537e-02
2.373000000000000000e+03 1.652752532646105735e-02
2.375000000000000000e+03 1.640948313258824148e-02
2.377000000000000000e+03 1.628643710921038115e-02
2.379000000000000000e+03 1.616549344864814941e-02
2.381000000000000000e+03 1.604580047780008664e-02
2.383000000000000000e+03 1.591935768311050423e-02
2.385000000000000000e+03 1.578456637066931456e-02
2.387000000000000000e+03 1.564215374538789963e-02
2.389000000000000000e+03 1.548858294787130996e-02
2.391000000000000000e+03 1.532934814580084494e-02
2.393000000000000000e+03 1.515754639780293733e-02
2.395000000000000000e+03 1.498027750048206742e-02
2.397000000000000000e+03 1.480171320757868968e-02
2.399000000000000000e+03 1.462685916143618113e-02
2.401000000000000000e+03 1.445645454751220277e-02
2.403000000000000000e+03 1.429775231369356976e-02
2.405000000000000000e+03 1.415030921022612798e-02
2.407000000000000000e+03 1.400958947740229589e-02
2.409000000000000000e+03 1.387664819139419921e-02
2.411000000000000000e+03 1.375264554078784937e-02
2.413000000000000000e+03 1.363650448548273109e-02
2.415000000000000000e+03 1.352649702073300056e-02
2.417000000000000000e+03 1.342535227041796557e-02
2.419000000000000000e+03 1.332637748701046183e-02
2.421000000000000000e+03 1.322185641080405975e-02
2.423000000000000000e+03 1.311746592120010754e-02
2.425000000000000000e+03 1.300943967587708111e-02
2.427000000000000000e+03 1.288587699912595481e-02
2.429000000000000000e+03 1.276212466103141159e-02
2.431000000000000000e+03 1.263617074390397527e-02
2.433000000000000000e+03 1.251186211595374520e-02
2.435000000000000000e+03 1.238799636318715230e-02
2.437000000000000000e+03 1.226929256477159863e-02
2.439000000000000000e+03 1.215331099525255275e-02
2.441000000000000000e+03 1.204336796797239942e-02
2.443000000000000000e+03 1.193900780083208615e-02
2.445000000000000000e+03 1.184073132732803985e-02
2.447000000000000000e+03 1.174916066168251068e-02
2.449000000000000000e+03 1.166301028940676908e-02
2.451000000000000000e+03 1.158024272310649756e-02
2.453000000000000000e+03 1.150205780854679505e-02
2.455000000000000000e+03 1.142668033941635075e-02
2.457000000000000000e+03 1.135540309439337682e-02
2.459000000000000000e+03 1.128221776372490166e-02
2.461000000000000000e+03 1.120815020385785080e-02
2.463000000000000000e+03 1.113125604542058826e-02
2.465000000000000000e+03 1.105015852778067943e-02
2.467000000000000000e+03 1.097014894394699597e-02
2.469000000000000000e+03 1.088791198543738285e-02
2.471000000000000000e+03 1.080328990519531865e-02
2.473000000000000000e+03 1.071943862615051292e-02
2.475000000000000000e+03 1.063682354950202039e-02
2.477000000000000000e+03 1.054995563115902410e-02
2.479000000000000000e+03 1.047002789049259440e-02
2.481000000000000000e+03 1.039168474661164229e-02
2.483000000000000000e+03 1.031914829708975058e-02
2.485000000000000000e+03 1.025390643684508975e-02
2.487000000000000000e+03 1.018502330178322306e-02
2.489000000000000000e+03 1.012543809923559940e-02
2.491000000000000000e+03 1.007042074547408878e-02
2.493000000000000000e+03 1.001696631740932319e-02
2.495000000000000000e+03 9.964856959789165913e-03
2.497000000000000000e+03 9.900620008165951155e-03
2.499000000000000000e+03 9.834962859701696161e-03
2.501000000000000000e+03 9.766622721195486120e-03
2.503000000000000000e+03 9.691019654060179650e-03
2.505000000000000000e+03 9.611553073687518003e-03
2.507000000000000000e+03 9.522379207204240831e-03
2.509000000000000000e+03 9.430806336554940078e-03
2.511000000000000000e+03 9.336485523885882862e-03
2.513000000000000000e+03 9.244834431664877838e-03
2.515000000000000000e+03 9.157773487859850736e-03
2.517000000000000000e+03 9.075772804291754037e-03
2.519000000000000000e+03 8.996470028914160463e-03
2.521000000000000000e+03 8.925031052208511756e-03
2.523000000000000000e+03 8.856823101466113068e-03
2.525000000000000000e+03 8.790626077910689354e-03
2.527000000000000000e+03 8.736640993656442228e-03
2.529000000000000000e+03 8.681571818165517013e-03
2.531000000000000000e+03 8.627351607739457834e-03
2.533000000000000000e+03 8.572090544978830384e-03
2.535000000000000000e+03 8.514206669204072223e-03
2.537000000000000000e+03 8.467349080810903858e-03
2.539000000000000000e+03 8.414790532657683703e-03
2.541000000000000000e+03 8.357159979109771847e-03
2.543000000000000000e+03 8.298190951570656032e-03
2.545000000000000000e+03 8.236266701012528307e-03
2.547000000000000000e+03 8.180794139193625289e-03
2.549000000000000000e+03 8.126438425575786134e-03
2.551000000000000000e+03 8.077211284858205539e-03
2.553000000000000000e+03 8.029313806376194712e-03
2.555000000000000000e+03 7.985648081460652165e-03
2.557000000000000000e+03 7.950850027972931888e-03
2.559000000000000000e+03 7.918978685573610163e-03
2.561000000000000000e+03 7.889430925343738493e-03
2.563000000000000000e+03 7.863954730178127420e-03
2.565000000000000000e+03 7.840104992330065858e-03
2.567000000000000000e+03 7.816090319353628108e-03
2.569000000000000000e+03 7.793682713384167404e-03
2.571000000000000000e+03 7.772725616924939379e-03
2.573000000000000000e+03 7.752307238905773584e-03
2.575000000000000000e+03 7.730410824099873471e-03
2.577000000000000000e+03 7.700870194575467134e-03
2.579000000000000000e+03 7.671082492708858162e-03
2.581000000000000000e+03 7.639964480921617590e-03
2.583000000000000000e+03 7.609713758024870892e-03
2.585000000000000000e+03 7.581019397184122870e-03
2.587000000000000000e+03 7.551553109737124680e-03
2.589000000000000000e+03 7.524485301222998829e-03
2.591000000000000000e+03 7.497910578080120222e-03
2.593000000000000000e+03 7.470783993804701664e-03
2.595000000000000000e+03 7.444650616515469457e-03
2.597000000000000000e+03 7.416453421039574667e-03
2.599000000000000000e+03 7.389687012259132763e-03
2.601000000000000000e+03 7.364692111662267046e-03
2.603000000000000000e+03 7.340732673087591725e-03
2.605000000000000000e+03 7.318331480831114476e-03
2.607000000000000000e+03 7.300776079032325963e-03
2.609000000000000000e+03 7.283974788487725983e-03
2.611000000000000000e+03 7.266569670383372578e-03
2.613000000000000000e+03 7.247953323354352530e-03
2.615000000000000000e+03 7.226749935433646535e-03
2.617000000000000000e+03 7.200764698269911633e-03
2.619000000000000000e+03 7.170507799902672320e-03
2.621000000000000000e+03 7.138560765546215353e-03
2.623000000000000000e+03 7.101581156518451884e-03
2.625000000000000000e+03 7.061276487173319058e-03
2.627000000000000000e+03 7.023775266505351972e-03
2.629000000000000000e+03 6.986087814721104149e-03
2.631000000000000000e+03 6.946713113978623608e-03
