Frequency    S2,2_[332]

                     0.5                   -0.0009774231
                  0.5025                  -0.00096634044
                   0.505                  -0.00098868265
                  0.5075                   -0.0010490681
                    0.51                   -0.0011520553
                  0.5125                   -0.0013020606
                   0.515                   -0.0015033796
                  0.5175                   -0.0017600461
                    0.52                   -0.0020758414
                  0.5225                   -0.0024542332
                   0.525                   -0.0028983434
                  0.5275                   -0.0034108806
                    0.53                   -0.0039941351
                  0.5325                   -0.0046500107
                   0.535                   -0.0053798689
                  0.5375                   -0.0061847458
                    0.54                   -0.0070651966
                  0.5425                   -0.0080213512
                   0.545                   -0.0090531387
                  0.5475                    -0.010160068
                    0.55                    -0.011341673
                  0.5525                    -0.012597323
                   0.555                    -0.013926417
                  0.5575                    -0.015328691
                    0.56                    -0.016804105
                  0.5625                    -0.018353171
                   0.565                    -0.019976987
                  0.5675                    -0.021677682
                    0.57                    -0.023458011
                  0.5725                    -0.025321841
                   0.575                    -0.027273924
                  0.5775                    -0.029320209
                    0.58                    -0.031467139
                  0.5825                    -0.033721763
                   0.585                    -0.036090875
                  0.5875                    -0.038580526
                    0.59                     -0.04119494
                  0.5925                    -0.043935057
                   0.595                    -0.046796965
                  0.5975                    -0.049770347
                     0.6                    -0.052836624
                  0.6025                    -0.055967331
                   0.605                    -0.059123319
                  0.6075                    -0.062255256
                    0.61                    -0.065305939
                  0.6125                    -0.068213591
                   0.615                    -0.070918013
                  0.6175                    -0.073367286
                    0.62                    -0.075524614
                  0.6225                    -0.077374139
                   0.625                    -0.078923547
                  0.6275                    -0.080204794
                    0.63                    -0.081270649
                  0.6325                    -0.082189349
                   0.635                    -0.083039228
                  0.6375                    -0.083901705
                    0.64                    -0.084857161
                  0.6425                    -0.085979981
                   0.645                    -0.087337818
                  0.6475                    -0.088989457
                    0.65                    -0.090985193
                  0.6525                    -0.093367355
                   0.655                    -0.096170824
                  0.6575                     -0.09942439
                    0.66                     -0.10315151
                  0.6625                     -0.10737086
                   0.665                     -0.11209798
                  0.6675                     -0.11734464
                    0.67                     -0.12312125
                  0.6725                     -0.12943473
                   0.675                     -0.13629258
                  0.6775                     -0.14369965
                    0.68                     -0.15166177
                  0.6825                     -0.16018501
                   0.685                     -0.16927519
                  0.6875                     -0.17894163
                    0.69                     -0.18919465
                  0.6925                      -0.2000484
                   0.695                     -0.21152189
                  0.6975                     -0.22363842
                     0.7                     -0.23642898
                  0.7025                     -0.24993177
                   0.705                     -0.26419316
                  0.7075                     -0.27927098
                    0.71                     -0.29523548
                  0.7125                     -0.31216891
                   0.715                     -0.33017016
                  0.7175                     -0.34935418
                    0.72                      -0.3698566
                  0.7225                     -0.39183335
                   0.725                     -0.41546578
                  0.7275                     -0.44096084
                    0.73                     -0.46855604
                  0.7325                     -0.49852235
                   0.735                      -0.5311682
                  0.7375                      -0.5668416
                    0.74                     -0.60593961
                  0.7425                     -0.64890759
                   0.745                     -0.69624983
                  0.7475                     -0.74853314
                    0.75                     -0.80639273
                  0.7525                     -0.87054465
                   0.755                     -0.94178341
                  0.7575                      -1.0210065
                    0.76                      -1.1092054
                  0.7625                      -1.2074856
                   0.765                      -1.3170691
                  0.7675                      -1.4393124
                    0.77                      -1.5757014
                  0.7725                       -1.727875
                   0.775                      -1.8976087
                  0.7775                      -2.0868506
                    0.78                      -2.2977095
                  0.7825                      -2.5324438
                   0.785                       -2.793502
                  0.7875                      -3.0834824
                    0.79                      -3.4051929
                  0.7925                      -3.7615939
                   0.795                      -4.1558668
                  0.7975                      -4.5913934
                     0.8                      -5.0718472
                  0.8025                      -5.6011285
                   0.805                      -6.1835293
                  0.8075                      -6.8236912
                    0.81                      -7.5266921
                  0.8125                      -8.2979736
                   0.815                      -9.1431146
                  0.8175                      -10.067314
                    0.82                       -11.07388
                  0.8225                      -12.161116
                   0.825                      -13.315613
                  0.8275                      -14.499526
                    0.83                      -15.629635
                  0.8325                      -16.557694
                   0.835                      -17.090849
                  0.8375                      -17.095652
                    0.84                      -16.609168
                  0.8425                      -15.804453
                   0.845                      -14.862037
                  0.8475                      -13.900954
                    0.85                      -12.981529
                  0.8525                      -12.128178
                   0.855                      -11.347108
                  0.8575                       -10.63628
                    0.86                      -9.9903931
                  0.8625                       -9.403223
                   0.865                      -8.8685891
                  0.8675                      -8.3808131
                    0.87                      -7.9348066
                  0.8725                      -7.5261134
                   0.875                      -7.1508369
                  0.8775                      -6.8055741
                    0.88                      -6.4873489
                  0.8825                       -6.193563
                   0.885                      -5.9219322
                  0.8875                      -5.6704284
                    0.89                      -5.4372542
                  0.8925                      -5.2208147
                   0.895                      -5.0196788
                  0.8975                      -4.8325523
                     0.9                      -4.6582679
                  0.9025                      -4.4957698
                   0.905                      -4.3441039
                  0.9075                      -4.2023887
                    0.91                      -4.0698176
                  0.9125                      -3.9456575
                   0.915                      -3.8292301
                  0.9175                      -3.7199091
                    0.92                       -3.617117
                  0.9225                      -3.5203241
                   0.925                      -3.4290392
                  0.9275                      -3.3428053
                    0.93                      -3.2611994
                  0.9325                      -3.1838371
                   0.935                      -3.1103559
                  0.9375                      -3.0404252
                    0.94                      -2.9737375
                  0.9425                      -2.9100143
                   0.945                      -2.8489966
                  0.9475                      -2.7904481
                    0.95                      -2.7341533
                  0.9525                      -2.6799178
                   0.955                      -2.6275661
                  0.9575                      -2.5769387
                    0.96                      -2.5278925
                  0.9625                      -2.4803054
                   0.965                       -2.434066
                  0.9675                      -2.3890799
                    0.97                      -2.3452631
                  0.9725                      -2.3025474
                   0.975                      -2.2608748
                  0.9775                      -2.2201973
                    0.98                      -2.1804768
                  0.9825                      -2.1416847
                   0.985                      -2.1037999
                  0.9875                      -2.0668082
                    0.99                      -2.0306973
                  0.9925                      -1.9954651
                   0.995                      -1.9611108
                  0.9975                      -1.9276351
                       1                      -1.8950429
                  1.0025                      -1.8633388
                   1.005                      -1.8325297
                  1.0075                      -1.8026194
                    1.01                      -1.7736129
                  1.0125                      -1.7455126
                   1.015                      -1.7183237
                  1.0175                      -1.6920429
                    1.02                      -1.6666669
                  1.0225                      -1.6421914
                   1.025                      -1.6186084
                  1.0275                      -1.5959071
                    1.03                       -1.574073
                  1.0325                      -1.5530903
                   1.035                      -1.5329395
                  1.0375                      -1.5135999
                    1.04                      -1.4950448
                  1.0425                      -1.4772505
                   1.045                      -1.4601877
                  1.0475                      -1.4438269
                    1.05                      -1.4281363
                  1.0525                      -1.4130819
                   1.055                      -1.3986326
                  1.0575                      -1.3847526
                    1.06                      -1.3714069
                  1.0625                      -1.3585611
                   1.065                      -1.3461816
                  1.0675                      -1.3342334
                    1.07                      -1.3226827
                  1.0725                      -1.3114991
                   1.075                      -1.3006495
                  1.0775                      -1.2901056
                    1.08                      -1.2798376
                  1.0825                       -1.269822
                   1.085                      -1.2600324
                  1.0875                      -1.2504482
                    1.09                      -1.2410477
                  1.0925                      -1.2318157
                   1.095                      -1.2227353
                  1.0975                      -1.2137939
                     1.1                      -1.2049822
                  1.1025                      -1.1962909
                   1.105                      -1.1877149
                  1.1075                      -1.1792509
                    1.11                      -1.1708988
                  1.1125                      -1.1626565
                   1.115                      -1.1545282
                  1.1175                      -1.1465184
                    1.12                      -1.1386316
                  1.1225                       -1.130876
                   1.125                      -1.1232587
                  1.1275                      -1.1157894
                    1.13                       -1.108478
                  1.1325                      -1.1013331
                   1.135                      -1.0943667
                  1.1375                      -1.0875888
                    1.14                      -1.0810084
                  1.1425                      -1.0746363
                   1.145                      -1.0684814
                  1.1475                      -1.0625528
                    1.15                      -1.0568574
                  1.1525                      -1.0514025
                   1.155                      -1.0461943
                  1.1575                      -1.0412358
                    1.16                       -1.036531
                  1.1625                      -1.0320819
                   1.165                      -1.0278893
                  1.1675                      -1.0239515
                    1.17                      -1.0202669
                  1.1725                      -1.0168313
                   1.175                      -1.0136409
                  1.1775                      -1.0106889
                    1.18                      -1.0079678
                  1.1825                      -1.0054694
                   1.185                       -1.003184
                  1.1875                      -1.0011018
                    1.19                     -0.99921082
                  1.1925                     -0.99749935
                   1.195                     -0.99595568
                  1.1975                     -0.99456563
                     1.2                     -0.99331657
                  1.2025                     -0.99219566
                   1.205                     -0.99118886
                  1.2075                     -0.99028357
                    1.21                     -0.98946686
                  1.2125                     -0.98872629
                   1.215                     -0.98804994
                  1.2175                     -0.98742669
                    1.22                     -0.98684644
                  1.2225                     -0.98630008
                   1.225                     -0.98577905
                  1.2275                     -0.98527602
                    1.23                     -0.98478566
                  1.2325                     -0.98430264
                   1.235                     -0.98382414
                  1.2375                     -0.98334721
                    1.24                     -0.98287215
                  1.2425                     -0.98239795
                   1.245                      -0.9819275
                  1.2475                     -0.98146395
                    1.25                     -0.98101055
                  1.2525                     -0.98057303
                   1.255                     -0.98015761
                  1.2575                      -0.9797713
                    1.26                     -0.97942189
                  1.2625                     -0.97911804
                   1.265                     -0.97886863
                  1.2675                       -0.978684
                    1.27                     -0.97857321
                  1.2725                     -0.97854608
                   1.275                     -0.97861305
                  1.2775                     -0.97878333
                    1.28                     -0.97906666
                  1.2825                     -0.97947244
                   1.285                     -0.98000902
                  1.2875                     -0.98068408
                    1.29                      -0.9815055
                  1.2925                     -0.98247951
                   1.295                     -0.98361111
                  1.2975                     -0.98490511
                     1.3                     -0.98636508
                  1.3025                     -0.98799348
                   1.305                     -0.98979117
                  1.3075                     -0.99175876
                    1.31                     -0.99389484
                  1.3125                     -0.99619727
                   1.315                     -0.99866308
                  1.3175                      -1.0012873
                    1.32                      -1.0040653
                  1.3225                        -1.00699
                   1.325                       -1.010055
                  1.3275                      -1.0132514
                    1.33                      -1.0165717
                  1.3325                      -1.0200056
                   1.335                       -1.023544
                  1.3375                      -1.0271773
                    1.34                      -1.0308952
                  1.3425                      -1.0346875
                   1.345                      -1.0385446
                  1.3475                      -1.0424575
                    1.35                      -1.0464165
                  1.3525                      -1.0504137
                   1.355                      -1.0544416
                  1.3575                      -1.0584934
                    1.36                      -1.0625632
                  1.3625                       -1.066648
                   1.365                      -1.0707432
                  1.3675                      -1.0748483
                    1.37                      -1.0789627
                  1.3725                       -1.083088
                   1.375                      -1.0872269
                  1.3775                      -1.0913845
                    1.38                      -1.0955665
                  1.3825                      -1.0997809
                   1.385                      -1.1040375
                  1.3875                      -1.1083468
                    1.39                       -1.112722
                  1.3925                      -1.1171759
                   1.395                      -1.1217244
                  1.3975                      -1.1263833
                     1.4                      -1.1311707
                  1.4025                      -1.1361042
                   1.405                      -1.1412037
                  1.4075                      -1.1464883
                    1.41                      -1.1519794
                  1.4125                      -1.1576979
                   1.415                      -1.1636638
                  1.4175                      -1.1698994
                    1.42                      -1.1764259
                  1.4225                      -1.1832648
                   1.425                      -1.1904363
                  1.4275                      -1.1979611
                    1.43                      -1.2058604
                  1.4325                       -1.214153
                   1.435                      -1.2228566
                  1.4375                      -1.2319915
                    1.44                      -1.2415738
                  1.4425                      -1.2516208
                   1.445                      -1.2621465
                  1.4475                       -1.273167
                    1.45                      -1.2846962
                  1.4525                      -1.2967459
                   1.455                      -1.3093305
                  1.4575                      -1.3224597
                    1.46                      -1.3361472
                  1.4625                      -1.3504013
                   1.465                      -1.3652342
                  1.4675                      -1.3806569
                    1.47                      -1.3966808
                  1.4725                      -1.4133181
                   1.475                      -1.4305837
                  1.4775                      -1.4484927
                    1.48                      -1.4670628
                  1.4825                       -1.486314
                   1.485                      -1.5062727
                  1.4875                      -1.5269647
                    1.49                      -1.5484248
                  1.4925                      -1.5706911
                   1.495                        -1.59381
                  1.4975                      -1.6178332
                     1.5                      -1.6428203
                  1.5025                      -1.6688407
                   1.505                       -1.695976
                  1.5075                      -1.7243111
                    1.51                      -1.7539505
                  1.5125                      -1.7850079
                   1.515                       -1.817609
                  1.5175                      -1.8518937
                    1.52                      -1.8880229
                  1.5225                      -1.9261653
                   1.525                      -1.9665097
                  1.5275                      -2.0092599
                    1.53                      -2.0546461
                  1.5325                      -2.1029084
                   1.535                      -2.1543051
                  1.5375                      -2.2091195
                    1.54                      -2.2676536
                  1.5425                      -2.3302225
                   1.545                      -2.3971609
                  1.5475                      -2.4688155
                    1.55                      -2.5455633
                  1.5525                      -2.6277733
                   1.555                      -2.7158238
                  1.5575                      -2.8101135
                    1.56                      -2.9110227
                  1.5625                      -3.0189181
                   1.565                      -3.1341499
                  1.5675                      -3.2570394
                    1.57                      -3.3878688
                  1.5725                      -3.5268458
                   1.575                       -3.674093
                  1.5775                      -3.8296748
                    1.58                      -3.9934918
                  1.5825                      -4.1653049
                   1.585                      -4.3447286
                  1.5875                      -4.5311452
                    1.59                      -4.7237466
                  1.5925                      -4.9214439
                   1.595                      -5.1229105
                  1.5975                      -5.3265446
                     1.6                      -5.5304588
                  1.6025                      -5.7325005
                   1.605                      -5.9303309
                  1.6075                      -6.1213976
                    1.61                      -6.3031085
                  1.6125                      -6.4728288
                   1.615                      -6.6280789
                  1.6175                      -6.7666159
                    1.62                      -6.8865357
                  1.6225                      -6.9864163
                   1.625                      -7.0653654
                  1.6275                      -7.1230589
                    1.63                      -7.1597598
                  1.6325                      -7.1762701
                   1.635                      -7.1738272
                  1.6375                      -7.1540575
                    1.64                      -7.1188172
                  1.6425                      -7.0701246
                   1.645                      -7.0100389
                  1.6475                      -6.9405839
                    1.65                      -6.8636781
                  1.6525                      -6.7811014
                   1.655                      -6.6944752
                  1.6575                      -6.6052143
                    1.66                      -6.5145519
                  1.6625                      -6.4235507
                   1.665                      -6.3330935
                  1.6675                      -6.2439278
                    1.67                      -6.1566294
                  1.6725                      -6.0716903
                   1.675                      -5.9894786
                  1.6775                      -5.9102702
                    1.68                      -5.8342709
                  1.6825                      -5.7616251
                   1.685                      -5.6924199
                  1.6875                       -5.626697
                    1.69                      -5.5644572
                  1.6925                      -5.5056799
                   1.695                       -5.450318
                  1.6975                      -5.3982921
                     1.7                      -5.3495215
                  1.7025                      -5.3039036
                   1.705                      -5.2613291
                  1.7075                      -5.2216795
                    1.71                       -5.184825
                  1.7125                       -5.150637
                   1.715                      -5.1189801
                  1.7175                      -5.0897161
                    1.72                      -5.0627038
                  1.7225                      -5.0378051
                   1.725                      -5.0148794
                  1.7275                      -4.9937872
                    1.73                      -4.9743898
                  1.7325                      -4.9565534
                   1.735                      -4.9401445
                  1.7375                      -4.9250342
                    1.74                      -4.9111015
                  1.7425                      -4.8982281
                   1.745                      -4.8863017
                  1.7475                      -4.8752193
                    1.75                      -4.8648844
                  1.7525                      -4.8552079
                   1.755                      -4.8461126
                  1.7575                      -4.8375269
                    1.76                      -4.8293934
                  1.7625                      -4.8216609
                   1.765                      -4.8142912
                  1.7675                      -4.8072549
                    1.77                      -4.8005329
                  1.7725                      -4.7941154
                   1.775                      -4.7880034
                  1.7775                      -4.7822053
                    1.78                      -4.7767384
                  1.7825                      -4.7716258
                   1.785                      -4.7669004
                  1.7875                       -4.762598
                    1.79                      -4.7587586
                  1.7925                      -4.7554283
                   1.795                      -4.7526554
                  1.7975                      -4.7504874
                     1.8                      -4.7489756
                  1.8025                      -4.7481695
                   1.805                      -4.7481161
                  1.8075                      -4.7488641
                    1.81                       -4.750457
                  1.8125                      -4.7529344
                   1.815                      -4.7563311
                  1.8175                       -4.760679
                    1.82                       -4.766006
                  1.8225                       -4.772329
                   1.825                      -4.7796634
                  1.8275                      -4.7880138
                    1.83                      -4.7973833
                  1.8325                      -4.8077618
                   1.835                      -4.8191363
                  1.8375                      -4.8314843
                    1.84                      -4.8447768
                  1.8425                      -4.8589755
                   1.845                       -4.874039
                  1.8475                      -4.8899101
                    1.85                      -4.9065358
                  1.8525                      -4.9238526
                   1.855                      -4.9417863
                  1.8575                      -4.9602648
                    1.86                      -4.9792055
                  1.8625                      -4.9985254
                   1.865                       -5.018142
                  1.8675                      -5.0379606
                    1.87                      -5.0578985
                  1.8725                      -5.0778639
                   1.875                      -5.0977735
                  1.8775                      -5.1175425
                    1.88                      -5.1370892
                  1.8825                      -5.1563437
                   1.885                      -5.1752357
                  1.8875                      -5.1937026
                    1.89                      -5.2116992
                  1.8925                      -5.2291798
                   1.895                      -5.2461103
                  1.8975                      -5.2624711
                     1.9                      -5.2782562
                  1.9025                      -5.2934597
                   1.905                      -5.3080986
                  1.9075                      -5.3221925
                    1.91                      -5.3357803
                  1.9125                      -5.3489057
                   1.915                      -5.3616214
                  1.9175                      -5.3739874
                    1.92                        -5.38608
                  1.9225                      -5.3979754
                   1.925                      -5.4097492
                  1.9275                      -5.4215007
                    1.93                      -5.4333116
                  1.9325                       -5.445275
                   1.935                      -5.4574862
                  1.9375                      -5.4700348
                    1.94                      -5.4830108
                  1.9425                      -5.4964991
                   1.945                      -5.5105846
                  1.9475                      -5.5253346
                    1.95                      -5.5408253
                  1.9525                       -5.557116
                   1.955                      -5.5742558
                  1.9575                      -5.5922823
                    1.96                      -5.6112376
                  1.9625                       -5.631131
                   1.965                      -5.6519763
                  1.9675                      -5.6737645
                    1.97                      -5.6964825
                  1.9725                      -5.7200941
                   1.975                      -5.7445653
                  1.9775                      -5.7698323
                    1.98                      -5.7958296
                  1.9825                      -5.8224753
                   1.985                      -5.8496755
                  1.9875                       -5.877333
                    1.99                      -5.9053301
                  1.9925                      -5.9335471
                   1.995                      -5.9618598
                  1.9975                      -5.9901244
                       2                      -6.0182191
                  2.0025                       -6.045995
                   2.005                      -6.0733203
                  2.0075                      -6.1000543
                    2.01                      -6.1260712
                  2.0125                      -6.1512486
                   2.015                      -6.1754667
                  2.0175                      -6.1986228
                    2.02                      -6.2206371
                  2.0225                      -6.2414309
                   2.025                      -6.2609427
                  2.0275                       -6.279134
                    2.03                      -6.2959882
                  2.0325                      -6.3114984
                   2.035                      -6.3256826
                  2.0375                      -6.3385855
                    2.04                      -6.3502544
                  2.0425                      -6.3607763
                   2.045                      -6.3702347
                  2.0475                      -6.3787393
                    2.05                      -6.3864235
                  2.0525                      -6.3934092
                   2.055                      -6.3998572
                  2.0575                      -6.4059162
                    2.06                      -6.4117454
                  2.0625                       -6.417518
                   2.065                      -6.4234012
                  2.0675                      -6.4295627
                    2.07                      -6.4361634
                  2.0725                      -6.4433661
                   2.075                      -6.4513294
                  2.0775                      -6.4601853
                    2.08                      -6.4700708
                  2.0825                      -6.4811092
                   2.085                       -6.493402
                  2.0875                      -6.5070352
                    2.09                      -6.5220796
                  2.0925                       -6.538587
                   2.095                      -6.5565845
                  2.0975                      -6.5760787
                     2.1                      -6.5970636
                  2.1025                      -6.6194816
                   2.105                      -6.6432916
                  2.1075                      -6.6683902
                    2.11                      -6.6946755
                  2.1125                      -6.7220145
                   2.115                      -6.7502427
                  2.1175                      -6.7791819
                    2.12                       -6.808634
                  2.1225                      -6.8383926
                   2.125                      -6.8682118
                  2.1275                      -6.8978488
                    2.13                      -6.9270495
                  2.1325                      -6.9555487
                   2.135                      -6.9830789
                  2.1375                      -7.0093784
                    2.14                      -7.0341957
                  2.1425                       -7.057275
                   2.145                      -7.0783937
                  2.1475                      -7.0973293
                    2.15                      -7.1138974
                  2.1525                      -7.1279439
                   2.155                      -7.1393353
                  2.1575                       -7.147984
                    2.16                       -7.153831
                  2.1625                      -7.1568588
                   2.165                      -7.1570895
                  2.1675                      -7.1545862
                    2.17                      -7.1494575
                  2.1725                       -7.141837
                   2.175                      -7.1319073
                  2.1775                      -7.1198699
                    2.18                      -7.1059757
                  2.1825                      -7.0904891
                   2.185                       -7.073695
                  2.1875                      -7.0559023
                    2.19                      -7.0374365
                  2.1925                      -7.0186299
                   2.195                      -6.9998251
                  2.1975                      -6.9813542
                     2.2                      -6.9635578
                  2.2025                      -6.9467612
                   2.205                      -6.9312795
                  2.2075                      -6.9174274
                    2.21                      -6.9054808
                  2.2125                      -6.8957076
                   2.215                       -6.888344
                  2.2175                        -6.88361
                    2.22                      -6.8816717
                  2.2225                      -6.8826897
                   2.225                      -6.8867757
                  2.2275                      -6.8939951
                    2.23                      -6.9043885
                  2.2325                      -6.9179483
                   2.235                      -6.9346146
                  2.2375                      -6.9542972
                    2.24                      -6.9768547
                  2.2425                       -7.002096
                   2.245                       -7.029779
                  2.2475                      -7.0596217
                    2.25                       -7.091303
                  2.2525                      -7.1244304
                   2.255                      -7.1586059
                  2.2575                      -7.1933758
                    2.26                      -7.2282472
                  2.2625                      -7.2627182
                   2.265                      -7.2962482
                  2.2675                      -7.3282912
                    2.27                      -7.3583011
                  2.2725                      -7.3857341
                   2.275                      -7.4100588
                  2.2775                      -7.4307802
                    2.28                      -7.4474368
                  2.2825                      -7.4596123
                   2.285                      -7.4669676
                  2.2875                      -7.4692249
                    2.29                      -7.4661822
                  2.2925                      -7.4577408
                   2.295                      -7.4438777
                  2.2975                      -7.4246789
                     2.3                      -7.4003315
                  2.3025                      -7.3711109
                   2.305                      -7.3373869
                  2.3075                      -7.2996361
                    2.31                      -7.2584063
                  2.3125                      -7.2143081
                   2.315                      -7.1680453
                  2.3175                      -7.1203569
                    2.32                      -7.0720494
                  2.3225                      -7.0239561
                   2.325                      -6.9769299
                  2.3275                      -6.9318664
                    2.33                      -6.8896503
                  2.3325                      -6.8511847
                   2.335                      -6.8173571
                  2.3375                       -6.789052
                    2.34                      -6.7671391
                  2.3425                      -6.7524609
                   2.345                      -6.7458419
                  2.3475                      -6.7480721
                    2.35                      -6.7599114
                  2.3525                      -6.7820905
                   2.355                      -6.8152959
                  2.3575                      -6.8601897
                    2.36                      -6.9173771
                  2.3625                      -6.9874525
                   2.365                       -7.070967
                  2.3675                      -7.1684061
                    2.37                      -7.2803029
                  2.3725                      -7.4070776
                   2.375                      -7.5491902
                  2.3775                      -7.7070836
                    2.38                       -7.881133
                  2.3825                      -8.0717873
                   2.385                       -8.279462
                  2.3875                      -8.5045417
                    2.39                      -8.7475371
                  2.3925                      -9.0089104
                   2.395                      -9.2891254
                  2.3975                      -9.5887423
                     2.4                      -9.9082779
                  2.4025                      -10.248315
                   2.405                      -10.609438
                  2.4075                      -10.992205
                    2.41                      -11.397131
                  2.4125                      -11.824477
                   2.415                      -12.274375
                  2.4175                      -12.746529
                    2.42                      -13.239863
                  2.4225                      -13.752325
                   2.425                      -14.280503
                  2.4275                      -14.818484
                    2.43                      -15.357337
                  2.4325                      -15.884118
                   2.435                      -16.380505
                  2.4375                      -16.823039
                    2.44                      -17.183594
                  2.4425                      -17.433012
                   2.445                      -17.546531
                  2.4475                      -17.509984
                    2.45                      -17.324267
                  2.4525                      -17.005005
                   2.455                      -16.577789
                  2.4575                      -16.071765
                    2.46                      -15.514567
                  2.4625                      -14.928869
                   2.465                      -14.332066
                  2.4675                      -13.736667
                    2.47                      -13.151007
                  2.4725                      -12.580412
                   2.475                       -12.02825
                  2.4775                      -11.496187
                    2.48                      -10.985216
                  2.4825                      -10.495398
                   2.485                      -10.026561
                  2.4875                      -9.5784123
                    2.49                      -9.1503561
                  2.4925                      -8.7419483
                   2.495                      -8.3526038
                  2.4975                      -7.9818302
                     2.5                      -7.6291732
                  2.5025                      -7.2942201
                   2.505                      -6.9766053
                  2.5075                      -6.6760733
                    2.51                      -6.3923474
                  2.5125                      -6.1251652
                   2.515                      -5.8744104
                  2.5175                      -5.6397893
                    2.52                       -5.421186
                  2.5225                      -5.2183975
                   2.525                       -5.031192
                  2.5275                      -4.8593792
                    2.53                      -4.7026623
                  2.5325                      -4.5607686
                   2.535                      -4.4333464
                  2.5375                      -4.3199587
                    2.54                      -4.2201836
                  2.5425                      -4.1334961
                   2.545                      -4.0593062
                  2.5475                      -3.9969883
                    2.55                      -3.9458294
                  2.5525                      -3.9050677
                   2.555                      -3.8738762
                  2.5575                      -3.8513782
                    2.56                      -3.8366488
                  2.5625                      -3.8287128
                   2.565                      -3.8265603
                  2.5675                      -3.8291558
                    2.57                      -3.8354391
                  2.5725                      -3.8443342
                   2.575                      -3.8547767
                  2.5775                       -3.865708
                    2.58                        -3.87609
                  2.5825                      -3.8849309
                   2.585                      -3.8912834
                  2.5875                      -3.8942695
                    2.59                      -3.8930903
                  2.5925                      -3.8870407
                   2.595                      -3.8755192
                  2.5975                      -3.8580352
                     2.6                      -3.8342318
                  2.6025                      -3.8038765
                   2.605                      -3.7668568
                  2.6075                      -3.7232223
                    2.61                      -3.6731116
                  2.6125                      -3.6168158
                   2.615                      -3.5547239
                  2.6175                      -3.4873215
                    2.62                      -3.4152012
                  2.6225                      -3.3390063
                   2.625                      -3.2594428
                  2.6275                      -3.1772795
                    2.63                      -3.0932685
                  2.6325                      -3.0082026
                   2.635                      -2.9228743
                  2.6375                       -2.838043
                    2.64                       -2.754462
                  2.6425                      -2.6728294
                   2.645                      -2.5937994
                  2.6475                      -2.5180008
                    2.65                      -2.4459531
                  2.6525                      -2.3781655
                   2.655                      -2.3150471
                  2.6575                       -2.256949
                    2.66                      -2.2041576
                  2.6625                        -2.15688
                   2.665                      -2.1152541
                  2.6675                      -2.0793512
                    2.67                      -2.0491717
                  2.6725                      -2.0246505
                   2.675                      -2.0056656
                  2.6775                      -1.9920232
                    2.68                      -1.9834847
                  2.6825                      -1.9797505
                   2.685                      -1.9804746
                  2.6875                      -1.9852671
                    2.69                      -1.9936978
                  2.6925                      -2.0052972
                   2.695                      -2.0195708
                  2.6975                       -2.035996
                     2.7                      -2.0540315
                  2.7025                      -2.0731174
                   2.705                      -2.0926974
                  2.7075                      -2.1121989
                    2.71                      -2.1310709
                  2.7125                      -2.1487613
                   2.715                      -2.1647469
                  2.7175                      -2.1785335
                    2.72                      -2.1896541
                  2.7225                      -2.1976987
                   2.725                      -2.2022991
                  2.7275                      -2.2031476
                    2.73                      -2.2000013
                  2.7325                      -2.1926866
                   2.735                      -2.1811034
                  2.7375                      -2.1652255
                    2.74                      -2.1451112
                  2.7425                        -2.12088
                   2.745                      -2.0927334
                  2.7475                      -2.0609473
                    2.75                       -2.025846
                  2.7525                      -1.9878215
                   2.755                      -1.9473141
                  2.7575                      -1.9047994
                    2.76                      -1.8607791
                  2.7625                      -1.8157781
                   2.765                      -1.7703296
                  2.7675                      -1.7249738
                    2.77                      -1.6802253
                  2.7725                      -1.6366048
                   2.775                      -1.5945874
                  2.7775                      -1.5546175
                    2.78                      -1.5171143
                  2.7825                       -1.482449
                   2.785                      -1.4509394
                  2.7875                      -1.4228678
                    2.79                      -1.3984573
                  2.7925                       -1.377881
                   2.795                      -1.3612662
                  2.7975                      -1.3486816
                     2.8                      -1.3401516
                  2.8025                      -1.3356511
                   2.805                      -1.3351093
                  2.8075                      -1.3384098
                    2.81                      -1.3453983
                  2.8125                       -1.355878
                   2.815                      -1.3696219
                  2.8175                      -1.3863675
                    2.82                      -1.4058215
                  2.8225                      -1.4276641
                   2.825                      -1.4515626
                  2.8275                      -1.4771497
                    2.83                      -1.5040505
                  2.8325                       -1.531883
                   2.835                      -1.5602515
                  2.8375                      -1.5887584
                    2.84                      -1.6170032
                  2.8425                      -1.6446001
                   2.845                      -1.6711734
                  2.8475                      -1.6963543
                    2.85                      -1.7198081
                  2.8525                      -1.7412243
                   2.855                      -1.7603262
                  2.8575                      -1.7768751
                    2.86                      -1.7906721
                  2.8625                      -1.8015745
                   2.865                      -1.8094881
                  2.8675                      -1.8143703
                    2.87                      -1.8162374
                  2.8725                      -1.8151645
                   2.875                      -1.8112772
                  2.8775                      -1.8047623
                    2.88                      -1.7958501
                  2.8825                      -1.7848251
                   2.885                      -1.7720048
                  2.8875                      -1.7577504
                    2.89                      -1.7424447
                  2.8925                      -1.7264944
                   2.895                      -1.7103165
                  2.8975                      -1.6943363
                     2.9                      -1.6789772
                  2.9025                      -1.6646542
                   2.905                      -1.6517642
                  2.9075                      -1.6406895
                    2.91                      -1.6317817
                  2.9125                      -1.6253673
                   2.915                      -1.6217395
                  2.9175                      -1.6211569
                    2.92                       -1.623841
                  2.9225                      -1.6299738
                   2.925                      -1.6397066
                  2.9275                      -1.6531459
                    2.93                      -1.6703682
                  2.9325                      -1.6914072
                   2.935                      -1.7162687
                  2.9375                      -1.7449252
                    2.94                      -1.7773073
                  2.9425                       -1.813326
                   2.945                      -1.8528737
                  2.9475                       -1.895791
                    2.95                      -1.9419123
                  2.9525                      -1.9910462
                   2.955                      -2.0429711
                  2.9575                      -2.0974563
                    2.96                      -2.1542373
                  2.9625                      -2.2130396
                   2.965                      -2.2735945
                  2.9675                      -2.3355813
                    2.97                      -2.3987019
                  2.9725                      -2.4626176
                   2.975                      -2.5270089
                  2.9775                      -2.5915557
                    2.98                      -2.6559035
                  2.9825                      -2.7197504
                   2.985                      -2.7827787
                  2.9875                      -2.8446807
                    2.99                      -2.9051799
                  2.9925                      -2.9640298
                   2.995                      -3.0209898
                  2.9975                      -3.0758841
                       3                      -3.1285531
