Frequency    S2,2_[339]

                     0.5                   -0.0012435674
                  0.5025                   -0.0012341694
                   0.505                   -0.0012676239
                  0.5075                   -0.0013503843
                    0.51                    -0.001488946
                  0.5125                   -0.0016897434
                   0.515                   -0.0019591804
                  0.5175                   -0.0023034487
                    0.52                   -0.0027285389
                  0.5225                   -0.0032401584
                   0.525                   -0.0038436856
                  0.5275                   -0.0045440748
                    0.53                   -0.0053458428
                  0.5325                   -0.0062531033
                   0.535                   -0.0072693499
                  0.5375                   -0.0083977364
                    0.54                   -0.0096408595
                  0.5425                    -0.011000823
                   0.545                    -0.012479534
                  0.5475                    -0.014078404
                    0.55                    -0.015798948
                  0.5525                    -0.017642534
                   0.555                    -0.019610647
                  0.5575                     -0.02170534
                    0.56                    -0.023929083
                  0.5625                    -0.026285256
                   0.565                     -0.02877822
                  0.5675                    -0.031414006
                    0.57                    -0.034199761
                  0.5725                    -0.037144519
                   0.575                    -0.040258901
                  0.5775                    -0.043555652
                    0.58                    -0.047048645
                  0.5825                    -0.050753074
                   0.585                    -0.054684202
                  0.5875                    -0.058856596
                    0.59                    -0.063282425
                  0.5925                    -0.067969106
                   0.595                     -0.07291668
                  0.5975                    -0.078115084
                     0.6                    -0.083540911
                  0.6025                    -0.089154289
                   0.605                    -0.094897153
                  0.6075                     -0.10069345
                    0.61                     -0.10645243
                  0.6125                     -0.11207364
                   0.615                     -0.11745692
                  0.6175                     -0.12251359
                    0.62                     -0.12717835
                  0.6225                     -0.13141985
                   0.625                     -0.13524614
                  0.6275                     -0.13870728
                    0.63                     -0.14189083
                  0.6325                       -0.144914
                   0.635                     -0.14791572
                  0.6375                      -0.1510452
                    0.64                      -0.1544557
                  0.6425                     -0.15829584
                   0.645                     -0.16270877
                  0.6475                     -0.16782812
                    0.65                     -0.17377871
                  0.6525                     -0.18067738
                   0.655                     -0.18863353
                  0.6575                      -0.1977519
                    0.66                     -0.20813388
                  0.6625                     -0.21987826
                   0.665                     -0.23308512
                  0.6675                     -0.24785417
                    0.67                     -0.26429072
                  0.6725                      -0.2825008
                   0.675                     -0.30260141
                  0.6775                     -0.32471328
                    0.68                     -0.34897071
                  0.6825                     -0.37552085
                   0.685                     -0.40452389
                  0.6875                     -0.43616406
                    0.69                     -0.47064572
                  0.6925                      -0.5082033
                   0.695                     -0.54910714
                  0.6975                     -0.59366596
                     0.7                     -0.64224109
                  0.7025                     -0.69525035
                   0.705                     -0.75317758
                  0.7075                     -0.81659057
                    0.71                     -0.88615249
                  0.7125                     -0.96263074
                   0.715                      -1.0469238
                  0.7175                      -1.1400721
                    0.72                      -1.2432874
                  0.7225                      -1.3579645
                   0.725                       -1.485715
                  0.7275                      -1.6283759
                    0.73                       -1.788037
                  0.7325                      -1.9670433
                   0.735                      -2.1679944
                  0.7375                      -2.3937024
                    0.74                       -2.647153
                  0.7425                      -2.9313438
                   0.745                      -3.2491131
                  0.7475                      -3.6027978
                    0.75                      -3.9937484
                  0.7525                      -4.4216599
                   0.755                      -4.8835726
                  0.7575                      -5.3727698
                    0.76                      -5.8773108
                  0.7625                      -6.3788908
                   0.765                      -6.8524037
                  0.7675                      -7.2673971
                    0.77                      -7.5921675
                  0.7725                      -7.8006187
                   0.775                      -7.8792855
                  0.7775                      -7.8313154
                    0.78                      -7.6745931
                  0.7825                      -7.4356341
                   0.785                      -7.1425616
                  0.7875                      -6.8201126
                    0.79                      -6.4874243
                  0.7925                      -6.1579156
                   0.795                      -5.8401895
                  0.7975                      -5.5392155
                     0.8                      -5.2574282
                  0.8025                      -4.9955915
                   0.805                      -4.7534084
                  0.8075                      -4.5299847
                    0.81                      -4.3240672
                  0.8125                      -4.1342755
                   0.815                      -3.9592094
                  0.8175                      -3.7974825
                    0.82                      -3.6478177
                  0.8225                      -3.5090142
                   0.825                      -3.3799993
                  0.8275                      -3.2597851
                    0.83                        -3.14751
                  0.8325                      -3.0423916
                   0.835                      -2.9437488
                  0.8375                      -2.8509787
                    0.84                      -2.7635447
                  0.8425                      -2.6809832
                   0.845                      -2.6028846
                  0.8475                      -2.5288934
                    0.85                       -2.458698
                  0.8525                      -2.3920259
                   0.855                       -2.328638
                  0.8575                       -2.268325
                    0.86                      -2.2109045
                  0.8625                      -2.1562159
                   0.865                      -2.1041155
                  0.8675                      -2.0544764
                    0.87                      -2.0071831
                  0.8725                      -1.9621319
                   0.875                      -1.9192274
                  0.8775                      -1.8783819
                    0.88                        -1.83951
                  0.8825                      -1.8025349
                   0.885                      -1.7673802
                  0.8875                      -1.7339725
                    0.89                      -1.7022391
                  0.8925                      -1.6721107
                   0.895                      -1.6435171
                  0.8975                      -1.6163879
                     0.9                      -1.5906534
                  0.9025                      -1.5662443
                   0.905                      -1.5430918
                  0.9075                      -1.5211275
                    0.91                      -1.5002815
                  0.9125                      -1.4804853
                   0.915                      -1.4616714
                  0.9175                      -1.4437716
                    0.92                      -1.4267197
                  0.9225                      -1.4104504
                   0.925                      -1.3949004
                  0.9275                      -1.3800064
                    0.93                       -1.365708
                  0.9325                      -1.3519477
                   0.935                      -1.3386686
                  0.9375                      -1.3258185
                    0.94                      -1.3133462
                  0.9425                      -1.3012055
                   0.945                      -1.2893518
                  0.9475                      -1.2777452
                    0.95                      -1.2663484
                  0.9525                      -1.2551297
                   0.955                      -1.2440592
                  0.9575                      -1.2331126
                    0.96                      -1.2222678
                  0.9625                      -1.2115094
                   0.965                      -1.2008232
                  0.9675                       -1.190201
                    0.97                      -1.1796366
                  0.9725                      -1.1691287
                   0.975                      -1.1586782
                  0.9775                      -1.1482897
                    0.98                      -1.1379709
                  0.9825                      -1.1277313
                   0.985                      -1.1175834
                  0.9875                      -1.1075414
                    0.99                      -1.0976195
                  0.9925                      -1.0878356
                   0.995                      -1.0782068
                  0.9975                      -1.0687511
                       1                      -1.0594865
                  1.0025                       -1.050431
                   1.005                      -1.0416021
                  1.0075                      -1.0330161
                    1.01                      -1.0246888
                  1.0125                      -1.0166342
                   1.015                      -1.0088662
                  1.0175                      -1.0013955
                    1.02                      -0.9942312
                  1.0225                     -0.98738157
                   1.025                     -0.98085181
                  1.0275                     -0.97464626
                    1.03                     -0.96876624
                  1.0325                     -0.96321194
                   1.035                     -0.95798043
                  1.0375                     -0.95306879
                    1.04                     -0.94846984
                  1.0425                     -0.94417713
                   1.045                     -0.94018056
                  1.0475                     -0.93647034
                    1.05                     -0.93303447
                  1.0525                     -0.92985897
                   1.055                     -0.92693083
                  1.0575                      -0.9242349
                    1.06                      -0.9217558
                  1.0625                     -0.91947734
                   1.065                     -0.91738397
                  1.0675                     -0.91545933
                    1.07                     -0.91368741
                  1.0725                     -0.91205314
                   1.075                     -0.91054068
                  1.0775                     -0.90913644
                    1.08                      -0.9078258
                  1.0825                     -0.90659746
                   1.085                     -0.90543898
                  1.0875                      -0.9043409
                    1.09                     -0.90329358
                  1.0925                     -0.90229054
                   1.095                     -0.90132501
                  1.0975                     -0.90039316
                     1.1                     -0.89949207
                  1.1025                     -0.89862048
                   1.105                     -0.89777875
                  1.1075                     -0.89696853
                    1.11                      -0.8961937
                  1.1125                      -0.8954584
                   1.115                     -0.89476834
                  1.1175                     -0.89413167
                    1.12                     -0.89355557
                  1.1225                     -0.89304998
                   1.125                     -0.89262444
                  1.1275                     -0.89228957
                    1.13                     -0.89205721
                  1.1325                     -0.89193785
                   1.135                     -0.89194383
                  1.1375                     -0.89208685
                    1.14                     -0.89237808
                  1.1425                     -0.89282946
                   1.145                     -0.89345128
                  1.1475                     -0.89425431
                    1.15                     -0.89524826
                  1.1525                     -0.89644244
                   1.155                      -0.8978448
                  1.1575                     -0.89946229
                    1.16                     -0.90130142
                  1.1625                     -0.90336752
                   1.165                     -0.90566393
                  1.1675                     -0.90819368
                    1.17                     -0.91095874
                  1.1725                     -0.91395904
                   1.175                     -0.91719411
                  1.1775                     -0.92066242
                    1.18                     -0.92436058
                  1.1825                     -0.92828461
                   1.185                     -0.93242964
                  1.1875                      -0.9367896
                    1.19                     -0.94135842
                  1.1925                      -0.9461282
                   1.195                     -0.95109084
                  1.1975                     -0.95623837
                     1.2                     -0.96156187
                  1.2025                     -0.96705255
                   1.205                     -0.97270115
                  1.2075                     -0.97849876
                    1.21                     -0.98443755
                  1.2125                     -0.99050803
                   1.215                     -0.99670322
                  1.2175                      -1.0030166
                    1.22                      -1.0094415
                  1.2225                      -1.0159722
                   1.225                       -1.022606
                  1.2275                      -1.0293382
                    1.23                      -1.0361683
                  1.2325                      -1.0430959
                   1.235                      -1.0501219
                  1.2375                      -1.0572491
                    1.24                      -1.0644811
                  1.2425                      -1.0718236
                   1.245                      -1.0792839
                  1.2475                      -1.0868708
                    1.25                      -1.0945936
                  1.2525                      -1.1024647
                   1.255                       -1.110496
                  1.2575                      -1.1187018
                    1.26                      -1.1270978
                  1.2625                      -1.1356996
                   1.265                      -1.1445245
                  1.2675                      -1.1535908
                    1.27                      -1.1629174
                  1.2725                      -1.1725233
                   1.275                      -1.1824275
                  1.2775                      -1.1926503
                    1.28                      -1.2032126
                  1.2825                      -1.2141338
                   1.285                      -1.2254338
                  1.2875                      -1.2371301
                    1.29                      -1.2492461
                  1.2925                      -1.2617977
                   1.295                      -1.2748023
                  1.2975                       -1.288279
                     1.3                      -1.3022438
                  1.3025                      -1.3167119
                   1.305                       -1.331696
                  1.3075                      -1.3472126
                    1.31                      -1.3632727
                  1.3125                      -1.3798877
                   1.315                      -1.3970673
                  1.3175                      -1.4148222
                    1.32                      -1.4331608
                  1.3225                      -1.4520896
                   1.325                      -1.4716162
                  1.3275                      -1.4917462
                    1.33                       -1.512487
                  1.3325                      -1.5338417
                   1.335                       -1.555817
                  1.3375                        -1.57842
                    1.34                      -1.6016561
                  1.3425                      -1.6255291
                   1.345                      -1.6500505
                  1.3475                       -1.675228
                    1.35                      -1.7010721
                  1.3525                      -1.7275956
                   1.355                      -1.7548132
                  1.3575                      -1.7827435
                    1.36                      -1.8114046
                  1.3625                      -1.8408245
                   1.365                      -1.8710258
                  1.3675                      -1.9020428
                    1.37                      -1.9339101
                  1.3725                      -1.9666699
                   1.375                      -2.0003637
                  1.3775                      -2.0350452
                    1.38                      -2.0707663
                  1.3825                      -2.1075894
                   1.385                      -2.1455829
                  1.3875                      -2.1848134
                    1.39                       -2.225367
                  1.3925                      -2.2673233
                   1.395                      -2.3107708
                  1.3975                      -2.3558077
                     1.4                      -2.4025398
                  1.4025                      -2.4510705
                   1.405                      -2.5015173
                  1.4075                      -2.5539915
                    1.41                       -2.608631
                  1.4125                      -2.6655598
                   1.415                      -2.7249074
                  1.4175                      -2.7868212
                    1.42                      -2.8514417
                  1.4225                      -2.9189138
                   1.425                      -2.9893817
                  1.4275                       -3.062994
                    1.43                      -3.1399051
                  1.4325                       -3.220253
                   1.435                      -3.3041712
                  1.4375                      -3.3918102
                    1.44                      -3.4832865
                  1.4425                      -3.5787122
                   1.445                      -3.6781728
                  1.4475                        -3.78175
                    1.45                      -3.8894925
                  1.4525                      -4.0013978
                   1.455                      -4.1174497
                  1.4575                      -4.2375602
                    1.46                      -4.3615974
                  1.4625                      -4.4893348
                   1.465                       -4.620481
                  1.4675                      -4.7546357
                    1.47                      -4.8912832
                  1.4725                      -5.0297716
                   1.475                      -5.1693113
                  1.4775                      -5.3089323
                    1.48                      -5.4474818
                  1.4825                      -5.5836102
                   1.485                      -5.7157845
                  1.4875                      -5.8422417
                    1.49                      -5.9610613
                  1.4925                      -6.0701528
                   1.495                      -6.1673253
                  1.4975                      -6.2503377
                     1.5                      -6.3169958
                  1.5025                      -6.3652552
                   1.505                      -6.3933368
                  1.5075                      -6.3998219
                    1.51                      -6.3837828
                  1.5125                      -6.3448328
                   1.515                      -6.2831958
                  1.5175                      -6.1996874
                    1.52                      -6.0956768
                  1.5225                      -5.9730316
                   1.525                      -5.8339995
                  1.5275                      -5.6810906
                    1.53                      -5.5169211
                  1.5325                      -5.3441716
                   1.535                       -5.165434
                  1.5375                      -4.9831375
                    1.54                      -4.7994916
                  1.5425                      -4.6164976
                   1.545                      -4.4358548
                  1.5475                      -4.2590328
                    1.55                      -4.0871918
                  1.5525                      -3.9212837
                   1.555                      -3.7620481
                  1.5575                      -3.6099894
                    1.56                      -3.4654578
                  1.5625                      -3.3286653
                   1.565                      -3.1996877
                  1.5675                      -3.0784846
                    1.57                      -2.9649525
                  1.5725                      -2.8589089
                   1.575                      -2.7601306
                  1.5775                      -2.6683379
                    1.58                      -2.5832422
                  1.5825                      -2.5045393
                   1.585                       -2.431904
                  1.5875                      -2.3650177
                    1.59                      -2.3035595
                  1.5925                      -2.2472243
                   1.595                       -2.195703
                  1.5975                      -2.1487056
                     1.6                      -2.1059597
                  1.6025                      -2.0672015
                   1.605                      -2.0321857
                  1.6075                      -2.0006785
                    1.61                      -1.9724663
                  1.6125                      -1.9473481
                   1.615                      -1.9251374
                  1.6175                      -1.9056627
                    1.62                      -1.8887671
                  1.6225                      -1.8743033
                   1.625                      -1.8621416
                  1.6275                       -1.852159
                    1.63                       -1.844245
                  1.6325                      -1.8383017
                   1.635                      -1.8342357
                  1.6375                      -1.8319683
                    1.64                      -1.8314235
                  1.6425                      -1.8325375
                   1.645                      -1.8352514
                  1.6475                       -1.839511
                    1.65                      -1.8452724
                  1.6525                      -1.8524931
                   1.655                      -1.8611381
                  1.6575                      -1.8711755
                    1.66                      -1.8825785
                  1.6625                      -1.8953231
                   1.665                      -1.9093876
                  1.6675                      -1.9247532
                    1.67                      -1.9414069
                  1.6725                      -1.9593345
                   1.675                      -1.9785199
                  1.6775                      -1.9989578
                    1.68                      -2.0206348
                  1.6825                      -2.0435416
                   1.685                      -2.0676663
                  1.6875                      -2.0930001
                    1.69                      -2.1195339
                  1.6925                      -2.1472539
                   1.695                      -2.1761436
                  1.6975                      -2.2061943
                     1.7                      -2.2373863
                  1.7025                      -2.2697005
                   1.705                      -2.3031137
                  1.7075                       -2.337604
                    1.71                      -2.3731472
                  1.7125                      -2.4097105
                   1.715                       -2.447265
                  1.7175                      -2.4857788
                    1.72                      -2.5252146
                  1.7225                       -2.565533
                   1.725                      -2.6066988
                  1.7275                      -2.6486677
                    1.73                      -2.6914034
                  1.7325                      -2.7348618
                   1.735                      -2.7790057
                  1.7375                      -2.8237999
                    1.74                      -2.8692036
                  1.7425                       -2.915189
                   1.745                      -2.9617258
                  1.7475                      -3.0087875
                    1.75                      -3.0563573
                  1.7525                       -3.104429
                   1.755                      -3.1529873
                  1.7575                      -3.2020435
                    1.76                      -3.2515994
                  1.7625                      -3.3016793
                   1.765                      -3.3523052
                  1.7675                      -3.4035111
                    1.77                      -3.4553367
                  1.7725                      -3.5078386
                   1.775                      -3.5610661
                  1.7775                       -3.615086
                    1.78                      -3.6699728
                  1.7825                      -3.7257951
                   1.785                      -3.7826389
                  1.7875                      -3.8405771
                    1.79                       -3.899711
                  1.7925                      -3.9601222
                   1.795                      -4.0218994
                  1.7975                      -4.0851311
                     1.8                      -4.1499134
                  1.8025                      -4.2163267
                   1.805                       -4.284451
                  1.8075                      -4.3543605
                    1.81                      -4.4261449
                  1.8125                      -4.4998601
                   1.815                      -4.5755554
                  1.8175                      -4.6532982
                    1.82                       -4.733131
                  1.8225                       -4.815077
                   1.825                      -4.8991606
                  1.8275                      -4.9853916
                    1.83                      -5.0737819
                  1.8325                      -5.1643063
                   1.835                      -5.2569433
                  1.8375                      -5.3516664
                    1.84                      -5.4484268
                  1.8425                      -5.5471571
                   1.845                      -5.6478083
                  1.8475                      -5.7502735
                    1.85                      -5.8544903
                  1.8525                      -5.9603651
                   1.855                      -6.0677892
                  1.8575                      -6.1766756
                    1.86                      -6.2869158
                  1.8625                      -6.3984046
                   1.865                       -6.511069
                  1.8675                      -6.6247958
                    1.87                      -6.7395296
                  1.8725                      -6.8551987
                   1.875                      -6.9717643
                  1.8775                      -7.0891953
                    1.88                      -7.2074734
                  1.8825                      -7.3266326
                   1.885                      -7.4467025
                  1.8875                      -7.5677339
                    1.89                      -7.6898449
                  1.8925                      -7.8131478
                   1.895                      -7.9377676
                  1.8975                      -8.0638957
                     1.9                      -8.1917306
                  1.9025                      -8.3214783
                   1.905                      -8.4533938
                  1.9075                       -8.587708
                    1.91                      -8.7247375
                  1.9125                      -8.8647624
                   1.915                      -9.0080677
                  1.9175                      -9.1549535
                    1.92                      -9.3057609
                  1.9225                      -9.4607893
                   1.925                      -9.6203053
                  1.9275                      -9.7846483
                    1.93                      -9.9540814
                  1.9325                      -10.128855
                   1.935                      -10.309203
                  1.9375                      -10.495347
                    1.94                      -10.687437
                  1.9425                      -10.885591
                   1.945                      -11.089879
                  1.9475                      -11.300272
                    1.95                      -11.516751
                  1.9525                      -11.739153
                   1.955                      -11.967209
                  1.9575                      -12.200593
                    1.96                      -12.438897
                  1.9625                      -12.681487
                   1.965                      -12.927696
                  1.9675                       -13.17665
                    1.97                      -13.427403
                  1.9725                      -13.678775
                   1.975                      -13.929558
                  1.9775                       -14.17831
                    1.98                      -14.423522
                  1.9825                       -14.66359
                   1.985                      -14.896841
                  1.9875                      -15.121635
                    1.99                        -15.3363
                  1.9925                       -15.53929
                   1.995                      -15.729217
                  1.9975                       -15.90484
                       2                      -16.065233
                  2.0025                      -16.209679
                   2.005                      -16.337785
                  2.0075                      -16.449422
                    2.01                      -16.544779
                  2.0125                      -16.624256
                   2.015                      -16.688399
                  2.0175                      -16.737983
                    2.02                      -16.773745
                  2.0225                      -16.796485
                   2.025                      -16.806922
                  2.0275                       -16.80569
                    2.03                      -16.793265
                  2.0325                      -16.769977
                   2.035                      -16.735971
                  2.0375                      -16.691186
                    2.04                      -16.635453
                  2.0425                      -16.568384
                   2.045                      -16.489576
                  2.0475                      -16.398532
                    2.05                      -16.294688
                  2.0525                      -16.177663
                   2.055                      -16.047027
                  2.0575                      -15.902592
                    2.06                      -15.744396
                  2.0625                      -15.572583
                   2.065                      -15.387601
                  2.0675                      -15.190169
                    2.07                      -14.981208
                  2.0725                      -14.761836
                   2.075                      -14.533312
                  2.0775                        -14.2971
                    2.08                      -14.054726
                  2.0825                      -13.807667
                   2.085                       -13.55748
                  2.0875                      -13.305699
                    2.09                      -13.053722
                  2.0925                      -12.802868
                   2.095                      -12.554374
                  2.0975                      -12.309333
                     2.1                      -12.068629
                  2.1025                      -11.833239
                   2.105                      -11.603711
                  2.1075                      -11.380736
                    2.11                       -11.16468
                  2.1125                      -10.955904
                   2.115                       -10.75467
                  2.1175                      -10.561091
                    2.12                      -10.375211
                  2.1225                      -10.196942
                   2.125                      -10.026213
                  2.1275                      -9.8628455
                    2.13                      -9.7065626
                  2.1325                      -9.5571011
                   2.135                      -9.4140936
                  2.1375                      -9.2771526
                    2.14                      -9.1458192
                  2.1425                       -9.019674
                   2.145                      -8.8981831
                  2.1475                      -8.7808761
                    2.15                      -8.6672019
                  2.1525                      -8.5565949
                   2.155                      -8.4485357
                  2.1575                      -8.3424399
                    2.16                      -8.2377958
                  2.1625                      -8.1340765
                   2.165                      -8.0307515
                  2.1675                      -7.9273807
                    2.17                      -7.8234812
                  2.1725                        -7.71871
                   2.175                      -7.6126992
                  2.1775                      -7.5051959
                    2.18                      -7.3959821
                  2.1825                      -7.2849404
                   2.185                      -7.1719713
                  2.1875                      -7.0571307
                    2.19                      -6.9404823
                  2.1925                      -6.8221765
                   2.195                      -6.7024561
                  2.1975                      -6.5815887
                     2.2                      -6.4599513
                  2.2025                      -6.3378836
                   2.205                      -6.2157982
                  2.2075                      -6.0941413
                    2.21                      -5.9733444
                  2.2125                      -5.8538607
                   2.215                       -5.736126
                  2.2175                      -5.6205132
                    2.22                      -5.5074887
                  2.2225                      -5.3973351
                   2.225                      -5.2903724
                  2.2275                       -5.186909
                    2.23                      -5.0871506
                  2.2325                      -4.9912707
                   2.235                      -4.8994307
                  2.2375                      -4.8116921
                    2.24                      -4.7280814
                  2.2425                       -4.648596
                   2.245                      -4.5732023
                  2.2475                      -4.5017994
                    2.25                      -4.4342361
                  2.2525                      -4.3703911
                   2.255                      -4.3100263
                  2.2575                      -4.2529189
                    2.26                      -4.1988183
                  2.2625                      -4.1474351
                   2.265                      -4.0984672
                  2.2675                      -4.0515967
                    2.27                      -4.0064686
                  2.2725                      -3.9627411
                   2.275                      -3.9200472
                  2.2775                      -3.8780118
                    2.28                        -3.83628
                  2.2825                      -3.7944875
                   2.285                      -3.7522618
                  2.2875                      -3.7092752
                    2.29                      -3.6652044
                  2.2925                      -3.6197718
                   2.295                      -3.5727183
                  2.2975                      -3.5238242
                     2.3                      -3.4729449
                  2.3025                      -3.4199564
                   2.305                      -3.3648149
                  2.3075                      -3.3075455
                    2.31                      -3.2482256
                  2.3125                       -3.186989
                   2.315                       -3.124063
                  2.3175                      -3.0596955
                    2.32                      -2.9942305
                  2.3225                      -2.9280223
                   2.325                      -2.8614736
                  2.3275                      -2.7950371
                    2.33                      -2.7291447
                  2.3325                      -2.6642654
                   2.335                      -2.6008429
                  2.3375                      -2.5393139
                    2.34                      -2.4801049
                  2.3425                      -2.4235971
                   2.345                      -2.3701451
                  2.3475                      -2.3200655
                    2.35                      -2.2736378
                  2.3525                       -2.231082
                   2.355                      -2.1926039
                  2.3575                      -2.1583479
                    2.36                      -2.1284386
                  2.3625                      -2.1029627
                   2.365                      -2.0819711
                  2.3675                      -2.0654966
                    2.37                      -2.0535492
                  2.3725                      -2.0461217
                   2.375                      -2.0432004
                  2.3775                      -2.0447603
                    2.38                      -2.0507655
                  2.3825                       -2.061195
                   2.385                       -2.076012
                  2.3875                      -2.0951962
                    2.39                      -2.1187393
                  2.3925                      -2.1466341
                   2.395                      -2.1788904
                  2.3975                      -2.2155335
                     2.4                      -2.2566044
                  2.4025                      -2.3021635
                   2.405                      -2.3522953
                  2.4075                      -2.4071067
                    2.41                      -2.4667334
                  2.4125                      -2.5313219
                   2.415                      -2.6010674
                  2.4175                      -2.6761968
                    2.42                      -2.7569531
                  2.4225                      -2.8436262
                   2.425                       -2.936578
                  2.4275                      -3.0361668
                    2.43                       -3.142824
                  2.4325                      -3.2570533
                   2.435                      -3.3793665
                  2.4375                      -3.5103967
                    2.44                      -3.6507883
                  2.4425                      -3.8012838
                   2.445                      -3.9627562
                  2.4475                      -4.1360593
                    2.45                      -4.3222171
                  2.4525                      -4.5222569
                   2.455                       -4.737337
                  2.4575                      -4.9686778
                    2.46                      -5.2174336
                  2.4625                      -5.4848828
                   2.465                      -5.7721353
                  2.4675                      -6.0800198
                    2.47                       -6.409032
                  2.4725                      -6.7589764
                   2.475                      -7.1284343
                  2.4775                       -7.514415
                    2.48                      -7.9112042
                  2.4825                      -8.3097668
                   2.485                      -8.6962823
                  2.4875                      -9.0512957
                    2.49                      -9.3499839
                  2.4925                      -9.5637481
                   2.495                       -9.664998
                  2.4975                      -9.6335938
                     2.5                      -9.4631929
                  2.5025                      -9.1638637
                   2.505                      -8.7590971
                  2.5075                      -8.2797159
                    2.51                      -7.7567338
                  2.5125                      -7.2170897
                   2.515                      -6.6817806
                  2.5175                      -6.1654651
                    2.52                      -5.6779381
                  2.5225                       -5.224741
                   2.525                      -4.8085454
                  2.5275                      -4.4300508
                    2.53                      -4.0884346
                  2.5325                      -3.7821078
                   2.535                      -3.5088582
                  2.5375                      -3.2661447
                    2.54                      -3.0514522
                  2.5425                      -2.8621568
                   2.545                      -2.6957554
                  2.5475                      -2.5498945
                    2.55                      -2.4223375
                  2.5525                      -2.3110449
                   2.555                      -2.2141211
                  2.5575                      -2.1298493
                    2.56                       -2.056675
                  2.5625                      -1.9931823
                   2.565                      -1.9380627
                  2.5675                      -1.8901601
                    2.57                      -1.8484006
                  2.5725                      -1.8118204
                   2.575                       -1.779525
                  2.5775                       -1.750699
                    2.58                      -1.7246086
                  2.5825                      -1.7005642
                   2.585                      -1.6779421
                  2.5875                        -1.65618
                    2.59                      -1.6347604
                  2.5925                      -1.6132097
                   2.595                      -1.5911339
                  2.5975                      -1.5681628
                     2.6                      -1.5440055
                  2.6025                      -1.5184168
                   2.605                      -1.4912072
                  2.6075                      -1.4622657
                    2.61                      -1.4315157
                  2.6125                       -1.398962
                   2.615                      -1.3646612
                  2.6175                      -1.3287163
                    2.62                      -1.2913036
                  2.6225                      -1.2526226
                   2.625                       -1.212922
                  2.6275                      -1.1724822
                    2.63                      -1.1315961
                  2.6325                      -1.0905782
                   2.635                      -1.0497457
                  2.6375                       -1.009414
                    2.64                     -0.96988461
                  2.6425                     -0.93143931
                   2.645                     -0.89433401
                  2.6475                     -0.85881173
                    2.65                     -0.82505716
                  2.6525                     -0.79325023
                   2.655                     -0.76351428
                  2.6575                     -0.73595198
                    2.66                      -0.7106298
                  2.6625                     -0.68758201
                   2.665                      -0.6668115
                  2.6675                     -0.64829936
                    2.67                     -0.63199723
                  2.6725                     -0.61783952
                   2.675                     -0.60574038
                  2.6775                     -0.59559478
                    2.68                     -0.58729017
                  2.6825                     -0.58069532
                   2.685                     -0.57567113
                  2.6875                     -0.57207334
                    2.69                     -0.56974762
                  2.6925                     -0.56853632
                   2.695                     -0.56827928
                  2.6975                     -0.56881113
                     2.7                     -0.56996915
                  2.7025                     -0.57158693
                   2.705                       -0.573503
                  2.7075                     -0.57555433
                    2.71                     -0.57758718
                  2.7125                     -0.57944698
                   2.715                       -0.580991
                  2.7175                     -0.58208344
                    2.72                     -0.58259603
                  2.7225                     -0.58241663
                   2.725                     -0.58144246
                  2.7275                     -0.57958793
                    2.73                     -0.57678398
                  2.7325                     -0.57297844
                   2.735                     -0.56813933
                  2.7375                     -0.56225279
                    2.74                     -0.55532876
                  2.7425                       -0.547392
                   2.745                     -0.53849044
                  2.7475                     -0.52869231
                    2.75                      -0.5180785
                  2.7525                     -0.50674929
                   2.755                     -0.49481831
                  2.7575                     -0.48240947
                    2.76                     -0.46965334
                  2.7625                     -0.45668727
                   2.765                     -0.44365066
                  2.7675                      -0.4306846
                    2.77                     -0.41792178
                  2.7725                     -0.40549676
                   2.775                     -0.39353001
                  2.7775                     -0.38213331
                    2.78                     -0.37140996
                  2.7825                     -0.36144999
                   2.785                     -0.35232809
                  2.7875                     -0.34410872
                    2.79                     -0.33684059
                  2.7925                     -0.33055873
                   2.795                     -0.32528669
                  2.7975                     -0.32103272
                     2.8                      -0.3177946
                  2.8025                     -0.31555772
                   2.805                     -0.31429742
                  2.8075                     -0.31397827
                    2.81                     -0.31455658
                  2.8125                      -0.3159798
                   2.815                     -0.31818846
                  2.8175                     -0.32111629
                    2.82                     -0.32469077
                  2.8225                     -0.32883377
                   2.825                     -0.33346581
                  2.8275                     -0.33849985
                    2.83                     -0.34384799
                  2.8325                     -0.34942137
                   2.835                     -0.35512916
                  2.8375                     -0.36088023
                    2.84                     -0.36658355
                  2.8425                     -0.37215177
                   2.845                     -0.37750032
                  2.8475                     -0.38254645
                    2.85                     -0.38721521
                  2.8525                     -0.39143748
                   2.855                     -0.39515171
                  2.8575                     -0.39830497
                    2.86                     -0.40085327
                  2.8625                     -0.40276523
                   2.865                     -0.40402029
                  2.8675                     -0.40460941
                    2.87                     -0.40453658
                  2.8725                       -0.403819
                   2.875                     -0.40248497
                  2.8775                     -0.40057655
                    2.88                     -0.39814537
                  2.8825                     -0.39525514
                   2.885                     -0.39197688
                  2.8875                     -0.38839134
                    2.89                     -0.38458398
                  2.8925                     -0.38064546
                   2.895                     -0.37666862
                  2.8975                     -0.37274804
                     2.9                     -0.36897762
                  2.9025                     -0.36544923
                   2.905                     -0.36225051
                  2.9075                     -0.35946567
                    2.91                     -0.35717184
                  2.9125                     -0.35544043
                   2.915                     -0.35433538
                  2.9175                     -0.35391269
                    2.92                     -0.35422019
                  2.9225                     -0.35529688
                   2.925                     -0.35717493
                  2.9275                     -0.35987666
                    2.93                     -0.36341773
                  2.9325                     -0.36780444
                   2.935                     -0.37303692
                  2.9375                     -0.37910802
                    2.94                     -0.38600139
                  2.9425                      -0.3936962
                   2.945                     -0.40216759
                  2.9475                     -0.41137918
                    2.95                     -0.42129315
                  2.9525                     -0.43186582
                   2.955                     -0.44304668
                  2.9575                     -0.45478326
                    2.96                     -0.46701531
                  2.9625                     -0.47968046
                   2.965                     -0.49271741
                  2.9675                     -0.50605351
                    2.97                     -0.51962113
                  2.9725                     -0.53334395
                   2.975                     -0.54715011
                  2.9775                     -0.56096778
                    2.98                     -0.57471848
                  2.9825                     -0.58833542
                   2.985                     -0.60174925
                  2.9875                      -0.6148933
                    2.99                     -0.62770866
                  2.9925                     -0.64014354
                   2.995                     -0.65214844
                  2.9975                     -0.66368847
                       3                     -0.67473286
