        Frequency / GHz                System Tot. Efficiency [AC2]/abs,dB
----------------------------------------------------------------------
                     0.5                      -34.772606
              0.63157895                      -22.782008
              0.76315789                      -12.529672
              0.89473684                      -6.6585846
               1.0263158                      -8.4381078
               1.1578947                      -9.9964728
               1.2894737                      -9.3673454
               1.4210526                      -7.5290658
               1.5526316                      -5.5779983
               1.6842105                      -3.9118363
               1.8157895                      -6.7066992
               1.9473684                      -4.2866907
               2.0789474                      -2.9067571
               2.2105263                      -4.4930576
               2.3421053                      -9.8913447
               2.4736842                      -5.9168428
               2.6052632                      -8.7389993
               2.7368421                      -10.925541
               2.8684211                      -12.595065
                       3                      -13.780501

