        Frequency / GHz                System Tot. Efficiency [AC2]/abs,dB
----------------------------------------------------------------------
                     0.5                      -34.281242
              0.63157895                      -21.837991
              0.76315789                      -10.572338
              0.89473684                      -6.7125229
               1.0263158                      -9.6862126
               1.1578947                      -10.611148
               1.2894737                       -9.427118
               1.4210526                      -7.1841968
               1.5526316                      -5.1970766
               1.6842105                      -4.3026897
               1.8157895                      -8.2311578
               1.9473684                      -3.4289757
               2.0789474                      -5.1086764
               2.2105263                      -7.6123538
               2.3421053                      -10.753092
               2.4736842                      -9.9670266
               2.6052632                      -12.593333
               2.7368421                      -14.524826
               2.8684211                      -15.977718
                       3                      -16.987503

