Frequency    S2,1_[18]

                       0                      -206.47934
                  0.0035                      -206.47934
                   0.007                      -206.47934
                  0.0105                      -206.47934
                   0.014                      -206.47934
                  0.0175                      -197.51868
                   0.021                      -189.59633
                  0.0245                      -182.89639
                   0.028                      -177.09088
                  0.0315                      -171.96819
                   0.035                      -167.38383
                  0.0385                       -163.2347
                   0.042                      -159.44465
                  0.0455                      -155.95582
                   0.049                      -152.72324
                  0.0525                      -149.71122
                   0.056                      -146.89098
                  0.0595                      -144.23899
                   0.063                      -141.73572
                  0.0665                      -139.36482
                    0.07                      -137.11246
                  0.0735                      -134.96684
                   0.077                      -132.91779
                  0.0805                      -130.95652
                   0.084                      -129.07537
                  0.0875                      -127.26761
                   0.091                      -125.52732
                  0.0945                      -123.84927
                   0.098                       -122.2288
                  0.1015                      -120.66174
                   0.105                      -119.14438
                  0.1085                      -117.67337
                   0.112                      -116.24568
                  0.1155                      -114.85859
                   0.119                      -113.50959
                  0.1225                      -112.19644
                   0.126                      -110.91707
                  0.1295                      -109.66957
                   0.133                      -108.45221
                  0.1365                      -107.26338
                    0.14                       -106.1016
                  0.1435                      -104.96547
                   0.147                      -103.85373
                  0.1505                      -102.76516
                   0.154                      -101.69865
                  0.1575                      -100.65314
                   0.161                      -99.627643
                  0.1645                      -98.621222
                   0.168                      -97.632993
                  0.1715                      -96.662118
                   0.175                      -95.707803
                  0.1785                      -94.769294
                   0.182                      -93.845873
                  0.1855                      -92.936855
                   0.189                      -92.041594
                  0.1925                      -91.159467
                   0.196                      -90.289886
                  0.1995                      -89.432289
                   0.203                       -88.58614
                  0.2065                      -87.750934
                    0.21                      -86.926185
                  0.2135                      -86.111438
                   0.217                      -85.306257
                  0.2205                      -84.510231
                   0.224                      -83.722971
                  0.2275                      -82.944109
                   0.231                      -82.173299
                  0.2345                      -81.410212
                   0.238                       -80.65454
                  0.2415                      -79.905992
                   0.245                      -79.164291
                  0.2485                      -78.429178
                   0.252                      -77.700408
                  0.2555                      -76.977746
                   0.259                      -76.260972
                  0.2625                      -75.549872
                   0.266                      -74.844247
                  0.2695                      -74.143898
                   0.273                      -73.448641
                  0.2765                      -72.758291
                    0.28                      -72.072672
                  0.2835                      -71.391606
                   0.287                      -70.714927
                  0.2905                      -70.042459
                   0.294                      -69.374039
                  0.2975                      -68.709496
                   0.301                      -68.048663
                  0.3045                       -67.39137
                   0.308                      -66.737453
                  0.3115                      -66.086739
                   0.315                      -65.439062
                  0.3185                      -64.794248
                   0.322                      -64.152129
                  0.3255                      -63.512531
                   0.329                      -62.875287
                  0.3325                      -62.240221
                   0.336                      -61.607165
                  0.3395                      -60.975945
                   0.343                      -60.346394
                  0.3465                      -59.718341
                    0.35                      -59.091623
                  0.3535                       -58.46607
                   0.357                      -57.841522
                  0.3605                      -57.217816
                   0.364                      -56.594795
                  0.3675                        -55.9723
                   0.371                      -55.350181
                  0.3745                       -54.72828
                   0.378                      -54.106454
                  0.3815                      -53.484551
                   0.385                       -52.86243
                  0.3885                      -52.239944
                   0.392                      -51.616955
                  0.3955                      -50.993317
                   0.399                      -50.368898
                  0.4025                      -49.743553
                   0.406                      -49.117146
                  0.4095                       -48.48954
                   0.413                      -47.860594
                  0.4165                      -47.230176
                    0.42                       -46.59814
                  0.4235                      -45.964355
                   0.427                      -45.328681
                  0.4305                      -44.690984
                   0.434                      -44.051121
                  0.4375                      -43.408969
                   0.441                      -42.764391
                  0.4445                      -42.117267
                   0.448                      -41.467476
                  0.4515                       -40.81491
                   0.455                      -40.159468
                  0.4585                      -39.501071
                   0.462                      -38.839651
                  0.4655                      -38.175169
                   0.469                       -37.50761
                  0.4725                      -36.836999
                   0.476                      -36.163399
                  0.4795                       -35.48693
                   0.483                      -34.807768
                  0.4865                       -34.12617
                    0.49                      -33.442468
                  0.4935                      -32.757108
                   0.497                      -32.070647
                  0.5005                      -31.383777
                   0.504                      -30.697353
                  0.5075                      -30.012386
                   0.511                      -29.330094
                  0.5145                      -28.651894
                   0.518                      -27.979426
                  0.5215                      -27.314534
                   0.525                      -26.659296
                  0.5285                      -26.015967
                   0.532                      -25.386975
                  0.5355                      -24.774821
                   0.539                      -24.182045
                  0.5425                      -23.611101
                   0.546                      -23.064256
                  0.5495                      -22.543441
                   0.553                        -22.0502
                  0.5565                       -21.58551
                    0.56                      -21.149773
                  0.5635                      -20.742746
                   0.567                       -20.36358
                  0.5705                      -20.010857
                   0.574                      -19.682668
                  0.5775                      -19.376751
                   0.581                      -19.090573
                  0.5845                      -18.821484
                   0.588                      -18.566794
                  0.5915                      -18.323885
                   0.595                      -18.090245
                  0.5985                      -17.863557
                   0.602                      -17.641705
                  0.6055                      -17.422775
                   0.609                      -17.205088
                  0.6125                      -16.987158
                   0.616                      -16.767719
                  0.6195                      -16.545664
                   0.623                      -16.320071
                  0.6265                      -16.090148
                    0.63                      -15.855243
                  0.6335                      -15.614826
                   0.637                      -15.368452
                  0.6405                      -15.115788
                   0.644                      -14.856566
                  0.6475                      -14.590609
                   0.651                      -14.317794
                  0.6545                      -14.038084
                   0.658                      -13.751503
                  0.6615                      -13.458136
                   0.665                       -13.15815
                  0.6685                      -12.851781
                   0.672                      -12.539356
                  0.6755                      -12.221301
                   0.679                      -11.898133
                  0.6825                      -11.570508
                   0.686                      -11.239199
                  0.6895                       -10.90515
                   0.693                      -10.569449
                  0.6965                      -10.233405
                     0.7                      -9.8985107
                  0.7035                      -9.5664858
                   0.707                      -9.2392603
                  0.7105                      -8.9190158
                   0.714                      -8.6081154
                  0.7175                      -8.3091109
                   0.721                      -8.0246865
                  0.7245                      -7.7575893
                   0.728                      -7.5105324
                  0.7315                      -7.2860932
                   0.735                       -7.086571
                  0.7385                      -6.9139045
                   0.742                      -6.7695115
                  0.7455                      -6.6542518
                   0.749                      -6.5683298
                  0.7525                      -6.5113197
                   0.756                      -6.4821792
                  0.7595                      -6.4793409
                   0.763                      -6.5008024
                  0.7665                      -6.5442513
                    0.77                      -6.6071863
                  0.7735                      -6.6870344
                   0.777                      -6.7812569
                  0.7805                      -6.8874011
                   0.784                      -7.0031837
                  0.7875                      -7.1265243
                   0.791                      -7.2555566
                  0.7945                      -7.3886232
                   0.798                      -7.5242981
                  0.8015                      -7.6613516
                   0.805                      -7.7987624
                  0.8085                      -7.9356534
                   0.812                      -8.0713098
                  0.8155                      -8.2051599
                   0.819                      -8.3367461
                  0.8225                      -8.4657037
                   0.826                      -8.5917515
                  0.8295                      -8.7146835
                   0.833                      -8.8343715
                  0.8365                      -8.9507104
                    0.84                      -9.0636566
                  0.8435                      -9.1731946
                   0.847                       -9.279343
                  0.8505                      -9.3821395
                   0.854                       -9.481638
                  0.8575                      -9.5779226
                   0.861                      -9.6710779
                  0.8645                      -9.7611966
                   0.868                      -9.8483852
                  0.8715                      -9.9327516
                   0.875                      -10.014409
                  0.8785                      -10.093476
                   0.882                       -10.17007
                  0.8855                        -10.2443
                   0.889                      -10.316298
                  0.8925                      -10.386176
                   0.896                      -10.454049
                  0.8995                      -10.520033
                   0.903                      -10.584249
                  0.9065                      -10.646803
                    0.91                       -10.70781
                  0.9135                      -10.767377
                   0.917                      -10.825618
                  0.9205                      -10.882634
                   0.924                      -10.938534
                  0.9275                      -10.993415
                   0.931                      -11.047384
                  0.9345                      -11.100541
                   0.938                      -11.152978
                  0.9415                       -11.20479
                   0.945                      -11.256077
                  0.9485                      -11.306924
                   0.952                      -11.357417
                  0.9555                      -11.407643
                   0.959                      -11.457686
                  0.9625                      -11.507622
                   0.966                      -11.557523
                  0.9695                      -11.607461
                   0.973                      -11.657507
                  0.9765                      -11.707717
                    0.98                      -11.758152
                  0.9835                      -11.808861
                   0.987                      -11.859893
                  0.9905                      -11.911293
                   0.994                      -11.963096
                  0.9975                      -12.015331
                   1.001                       -12.06803
                  1.0045                      -12.121211
                   1.008                      -12.174889
                  1.0115                      -12.229081
                   1.015                       -12.28379
                  1.0185                       -12.33902
                   1.022                       -12.39477
                  1.0255                      -12.451031
                   1.029                      -12.507801
                  1.0325                      -12.565064
                   1.036                      -12.622804
                  1.0395                       -12.68101
                   1.043                      -12.739661
                  1.0465                      -12.798737
                    1.05                      -12.858217
                  1.0535                      -12.918079
                   1.057                      -12.978307
                  1.0605                      -13.038871
                   1.064                      -13.099752
                  1.0675                      -13.160934
                   1.071                      -13.222391
                  1.0745                      -13.284107
                   1.078                      -13.346062
                  1.0815                      -13.408234
                   1.085                      -13.470619
                  1.0885                      -13.533192
                   1.092                      -13.595939
                  1.0955                      -13.658853
                   1.099                      -13.721921
                  1.1025                      -13.785132
                   1.106                      -13.848477
                  1.1095                      -13.911945
                   1.113                      -13.975536
                  1.1165                      -14.039236
                    1.12                      -14.103039
                  1.1235                      -14.166943
                   1.127                       -14.23094
                  1.1305                      -14.295027
                   1.134                      -14.359196
                  1.1375                       -14.42344
                   1.141                      -14.487763
                  1.1445                      -14.552151
                   1.148                      -14.616596
                  1.1515                      -14.681102
                   1.155                      -14.745654
                  1.1585                      -14.810255
                   1.162                      -14.874889
                  1.1655                       -14.93955
                   1.169                      -15.004238
                  1.1725                      -15.068936
                   1.176                      -15.133639
                  1.1795                      -15.198341
                   1.183                      -15.263031
                  1.1865                      -15.327705
                    1.19                      -15.392349
                  1.1935                      -15.456953
                   1.197                      -15.521516
                  1.2005                      -15.586023
                   1.204                      -15.650463
                  1.2075                      -15.714834
                   1.211                      -15.779122
                  1.2145                      -15.843327
                   1.218                      -15.907434
                  1.2215                      -15.971436
                   1.225                      -16.035333
                  1.2285                      -16.099111
                   1.232                      -16.162763
                  1.2355                      -16.226291
                   1.239                      -16.289683
                  1.2425                      -16.352943
                   1.246                      -16.416058
                  1.2495                      -16.479028
                   1.253                      -16.541856
                  1.2565                      -16.604533
                    1.26                      -16.667058
                  1.2635                      -16.729437
                   1.267                      -16.791664
                  1.2705                       -16.85375
                   1.274                       -16.91569
                  1.2775                      -16.977486
                   1.281                      -17.039153
                  1.2845                      -17.100687
                   1.288                      -17.162097
                  1.2915                      -17.223397
                   1.295                       -17.28459
                  1.2985                      -17.345699
                   1.302                      -17.406728
                  1.3055                      -17.467692
                   1.309                      -17.528614
                  1.3125                      -17.589511
                   1.316                      -17.650399
                  1.3195                      -17.711309
                   1.323                      -17.772261
                  1.3265                      -17.833289
                    1.33                      -17.894419
                  1.3335                       -17.95568
                   1.337                      -18.017116
                  1.3405                      -18.078758
                   1.344                      -18.140645
                  1.3475                      -18.202827
                   1.351                      -18.265343
                  1.3545                      -18.328248
                   1.358                      -18.391585
                  1.3615                      -18.455407
                   1.365                      -18.519778
                  1.3685                      -18.584747
                   1.372                      -18.650374
                  1.3755                      -18.716726
                   1.379                      -18.783864
                  1.3825                      -18.851863
                   1.386                       -18.92078
                  1.3895                      -18.990688
                   1.393                      -19.061666
                  1.3965                      -19.133782
                     1.4                       -19.20711
                  1.4035                      -19.281734
                   1.407                      -19.357727
                  1.4105                      -19.435179
                   1.414                      -19.514161
                  1.4175                      -19.594759
                   1.421                      -19.677067
                  1.4245                      -19.761162
                   1.428                      -19.847131
                  1.4315                      -19.935072
                   1.435                      -20.025066
                  1.4385                      -20.117219
                   1.442                      -20.211613
                  1.4455                      -20.308345
                   1.449                      -20.407521
                  1.4525                      -20.509227
                   1.456                      -20.613573
                  1.4595                      -20.720655
                   1.463                      -20.830577
                  1.4665                      -20.943451
                    1.47                       -21.05937
                  1.4735                      -21.178441
                   1.477                      -21.300785
                  1.4805                      -21.426489
                   1.484                      -21.555676
                  1.4875                      -21.688448
                   1.491                      -21.824904
                  1.4945                      -21.965165
                   1.498                      -22.109318
                  1.5015                      -22.257461
                   1.505                      -22.409708
                  1.5085                      -22.566126
                   1.512                       -22.72682
                  1.5155                       -22.89186
                   1.519                      -23.061311
                  1.5225                      -23.235254
                   1.526                      -23.413718
                  1.5295                       -23.59674
                   1.533                      -23.784364
                  1.5365                      -23.976567
                    1.54                      -24.173357
                  1.5435                      -24.374695
                   1.547                      -24.580512
                  1.5505                       -24.79075
                   1.554                      -25.005271
                  1.5575                       -25.22393
                   1.561                       -25.44657
                  1.5645                      -25.672941
                   1.568                        -25.9028
                  1.5715                      -26.135836
                   1.575                      -26.371677
                  1.5785                      -26.609936
                   1.582                      -26.850117
                  1.5855                      -27.091687
                   1.589                      -27.334072
                  1.5925                      -27.576572
                   1.596                      -27.818472
                  1.5995                      -28.058953
                   1.603                      -28.297121
                  1.6065                      -28.532045
                    1.61                      -28.762672
                  1.6135                      -28.987913
                   1.617                      -29.206641
                  1.6205                      -29.417631
                   1.624                      -29.619675
                  1.6275                       -29.81152
                   1.631                      -29.991913
                  1.6345                      -30.159657
                   1.638                      -30.313553
                  1.6415                      -30.452523
                   1.645                      -30.575566
                  1.6485                      -30.681798
                   1.652                      -30.770505
                  1.6555                      -30.841121
                   1.659                      -30.893262
                  1.6625                      -30.926737
                   1.666                      -30.941536
                  1.6695                      -30.937837
                   1.673                      -30.915991
                  1.6765                      -30.876517
                    1.68                      -30.820062
                  1.6835                      -30.747402
                   1.687                       -30.65941
                  1.6905                      -30.557021
                   1.694                      -30.441248
                  1.6975                      -30.313109
                   1.701                      -30.173644
                  1.7045                      -30.023914
                   1.708                      -29.864928
                  1.7115                      -29.697695
                   1.715                      -29.523188
                  1.7185                      -29.342319
                   1.722                      -29.155997
                  1.7255                      -28.965043
                   1.729                      -28.770246
                  1.7325                      -28.572368
                   1.736                      -28.372085
                  1.7395                      -28.170047
                   1.743                      -27.966864
                  1.7465                      -27.763071
                    1.75                      -27.559209
                  1.7535                      -27.355731
                   1.757                      -27.153071
                  1.7605                      -26.951647
                   1.764                      -26.751801
                  1.7675                      -26.553869
                   1.771                      -26.358157
                  1.7745                      -26.164915
                   1.778                      -25.974408
                  1.7815                      -25.786832
                   1.785                      -25.602377
                  1.7885                      -25.421228
                   1.792                      -25.243512
                  1.7955                      -25.069364
                   1.799                      -24.898873
                  1.8025                      -24.732128
                   1.806                      -24.569211
                  1.8095                      -24.410156
                   1.813                      -24.255001
                  1.8165                       -24.10378
                    1.82                      -23.956484
                  1.8235                      -23.813119
                   1.827                      -23.673657
                  1.8305                      -23.538071
                   1.834                      -23.406332
                  1.8375                      -23.278384
                   1.841                      -23.154167
                  1.8445                      -23.033629
                   1.848                      -22.916689
                  1.8515                      -22.803281
                   1.855                      -22.693309
                  1.8585                      -22.586694
                   1.862                      -22.483354
                  1.8655                      -22.383186
                   1.869                      -22.286099
                  1.8725                      -22.192006
                   1.876                      -22.100803
                  1.8795                        -22.0124
                   1.883                      -21.926696
                  1.8865                      -21.843599
                    1.89                      -21.763025
                  1.8935                      -21.684876
                   1.897                      -21.609067
                  1.9005                      -21.535519
                   1.904                      -21.464145
                  1.9075                      -21.394872
                   1.911                       -21.32762
                  1.9145                      -21.262321
                   1.918                      -21.198911
                  1.9215                       -21.13732
                   1.925                      -21.077487
                  1.9285                       -21.01936
                   1.932                      -20.962878
                  1.9355                       -20.90799
                   1.939                      -20.854644
                  1.9425                      -20.802792
                   1.946                      -20.752389
                  1.9495                      -20.703386
                   1.953                      -20.655738
                  1.9565                      -20.609406
                    1.96                      -20.564342
                  1.9635                      -20.520506
                   1.967                      -20.477853
                  1.9705                      -20.436336
                   1.974                      -20.395919
                  1.9775                      -20.356552
                   1.981                      -20.318194
                  1.9845                        -20.2808
                   1.988                      -20.244322
                  1.9915                      -20.208717
                   1.995                      -20.173936
                  1.9985                      -20.139934
                   2.002                      -20.106665
                  2.0055                      -20.074086
                   2.009                      -20.042145
                  2.0125                      -20.010803
                   2.016                      -19.980017
                  2.0195                      -19.949741
                   2.023                      -19.919937
                  2.0265                      -19.890566
                    2.03                      -19.861589
                  2.0335                      -19.832978
                   2.037                      -19.804698
                  2.0405                      -19.776723
                   2.044                      -19.749026
                  2.0475                      -19.721588
                   2.051                      -19.694391
                  2.0545                      -19.667416
                   2.058                      -19.640657
                  2.0615                      -19.614105
                   2.065                      -19.587753
                  2.0685                      -19.561603
                   2.072                      -19.535658
                  2.0755                      -19.509918
                   2.079                      -19.484395
                  2.0825                      -19.459095
                   2.086                      -19.434031
                  2.0895                      -19.409217
                   2.093                      -19.384668
                  2.0965                      -19.360397
                     2.1                      -19.336423
                  2.1035                      -19.312759
                   2.107                      -19.289425
                  2.1105                      -19.266432
                   2.114                      -19.243798
                  2.1175                      -19.221538
                   2.121                      -19.199659
                  2.1245                      -19.178178
                   2.128                      -19.157102
                  2.1315                       -19.13644
                   2.135                      -19.116195
                  2.1385                      -19.096373
                   2.142                      -19.076977
                  2.1455                      -19.058007
                   2.149                      -19.039462
                  2.1525                      -19.021338
                   2.156                      -19.003633
                  2.1595                      -18.986341
                   2.163                      -18.969459
                  2.1665                      -18.952977
                    2.17                      -18.936889
                  2.1735                      -18.921191
                   2.177                      -18.905876
                  2.1805                      -18.890938
                   2.184                      -18.876373
                  2.1875                      -18.862177
                   2.191                      -18.848348
                  2.1945                      -18.834886
                   2.198                      -18.821791
                  2.2015                      -18.809068
                   2.205                      -18.796723
                  2.2085                       -18.78476
                   2.212                      -18.773191
                  2.2155                      -18.762026
                   2.219                      -18.751279
                  2.2225                      -18.740963
                   2.226                      -18.731093
                  2.2295                       -18.72169
                   2.233                       -18.71277
                  2.2365                      -18.704354
                    2.24                      -18.696459
                  2.2435                      -18.689105
                   2.247                      -18.682312
                  2.2505                      -18.676098
                   2.254                      -18.670479
                  2.2575                      -18.665474
                   2.261                      -18.661096
                  2.2645                      -18.657358
                   2.268                       -18.65427
                  2.2715                      -18.651843
                   2.275                       -18.65008
                  2.2785                      -18.648987
                   2.282                      -18.648564
                  2.2855                      -18.648809
                   2.289                      -18.649719
                  2.2925                      -18.651286
                   2.296                      -18.653502
                  2.2995                      -18.656357
                   2.303                      -18.659838
                  2.3065                       -18.66393
                    2.31                      -18.668617
                  2.3135                      -18.673884
                   2.317                      -18.679713
                  2.3205                      -18.686086
                   2.324                      -18.692987
                  2.3275                      -18.700397
                   2.331                      -18.708303
                  2.3345                      -18.716687
                   2.338                      -18.725539
                  2.3415                      -18.734843
                   2.345                       -18.74459
                  2.3485                      -18.754772
                   2.352                      -18.765384
                  2.3555                       -18.77642
                   2.359                       -18.78788
                  2.3625                      -18.799763
                   2.366                      -18.812067
                  2.3695                      -18.824805
                   2.373                      -18.837976
                  2.3765                      -18.851586
                    2.38                      -18.865648
                  2.3835                      -18.880165
                   2.387                      -18.895148
                  2.3905                      -18.910608
                   2.394                      -18.926552
                  2.3975                      -18.942986
                   2.401                      -18.959922
                  2.4045                      -18.977357
                   2.408                      -18.995302
                  2.4115                      -19.013756
                   2.415                       -19.03272
                  2.4185                      -19.052192
                   2.422                       -19.07216
                  2.4255                      -19.092628
                   2.429                      -19.113573
                  2.4325                       -19.13499
                   2.436                      -19.156861
                  2.4395                      -19.179169
                   2.443                      -19.201889
                  2.4465                      -19.225005
                    2.45                      -19.248491
                  2.4535                      -19.272322
                   2.457                      -19.296471
                  2.4605                      -19.320911
                   2.464                       -19.34562
                  2.4675                      -19.370568
                   2.471                      -19.395727
                  2.4745                      -19.421078
                   2.478                      -19.446591
                  2.4815                      -19.472252
                   2.485                      -19.498037
                  2.4885                      -19.523929
                   2.492                      -19.549914
                  2.4955                      -19.575981
                   2.499                      -19.602118
                  2.5025                       -19.62832
                   2.506                      -19.654584
                  2.5095                       -19.68091
                   2.513                      -19.707296
                  2.5165                      -19.733746
                    2.52                      -19.760267
                  2.5235                      -19.786869
                   2.527                      -19.813554
                  2.5305                      -19.840336
                   2.534                      -19.867221
                  2.5375                      -19.894225
                   2.541                      -19.921354
                  2.5445                      -19.948615
                   2.548                      -19.976016
                  2.5515                      -20.003565
                   2.555                      -20.031267
                  2.5585                       -20.05912
                   2.562                      -20.087131
                  2.5655                      -20.115294
                   2.569                        -20.1436
                  2.5725                      -20.172042
                   2.576                      -20.200617
                  2.5795                      -20.229304
                   2.583                      -20.258097
                  2.5865                      -20.286969
                    2.59                      -20.315907
                  2.5935                       -20.34489
                   2.597                      -20.373897
                  2.6005                      -20.402902
                   2.604                      -20.431887
                  2.6075                      -20.460825
                   2.611                      -20.489698
                  2.6145                      -20.518487
                   2.618                      -20.547175
                  2.6215                      -20.575734
                   2.625                      -20.604158
                  2.6285                       -20.63243
                   2.632                      -20.660543
                  2.6355                      -20.688494
                   2.639                      -20.716276
                  2.6425                       -20.74389
                   2.646                      -20.771337
                  2.6495                      -20.798632
                   2.653                      -20.825775
                  2.6565                      -20.852781
                    2.66                      -20.879668
                  2.6635                      -20.906452
                   2.667                      -20.933146
                  2.6705                      -20.959784
                   2.674                      -20.986377
                  2.6775                      -21.012945
                   2.681                      -21.039518
                  2.6845                      -21.066111
                   2.688                      -21.092748
                  2.6915                      -21.119446
                   2.695                      -21.146221
                  2.6985                      -21.173096
                   2.702                      -21.200069
                  2.7055                      -21.227167
                   2.709                      -21.254383
                  2.7125                      -21.281731
                   2.716                      -21.309209
                  2.7195                      -21.336809
                   2.723                      -21.364535
                  2.7265                      -21.392376
                    2.73                      -21.420325
                  2.7335                       -21.44837
                   2.737                      -21.476491
                  2.7405                      -21.504678
                   2.744                      -21.532915
                  2.7475                      -21.561188
                   2.751                      -21.589478
                  2.7545                      -21.617769
                   2.758                      -21.646041
                  2.7615                      -21.674293
                   2.765                      -21.702502
                  2.7685                      -21.730663
                   2.772                      -21.758768
                  2.7755                      -21.786811
                   2.779                      -21.814791
                  2.7825                      -21.842709
                   2.786                      -21.870577
                  2.7895                      -21.898394
                   2.793                      -21.926174
                  2.7965                      -21.953926
                     2.8                      -21.981673
                  2.8035                      -22.009429
                   2.807                      -22.037222
                  2.8105                      -22.065063
                   2.814                      -22.092984
                  2.8175                      -22.121009
                   2.821                      -22.149158
                  2.8245                      -22.177459
                   2.828                      -22.205929
                  2.8315                      -22.234595
                   2.835                      -22.263475
                  2.8385                       -22.29259
                   2.842                      -22.321954
                  2.8455                      -22.351573
                   2.849                      -22.381468
                  2.8525                      -22.411632
                   2.856                      -22.442081
                  2.8595                      -22.472808
                   2.863                      -22.503806
                  2.8665                       -22.53507
                    2.87                      -22.566589
                  2.8735                      -22.598355
                   2.877                      -22.630343
                  2.8805                      -22.662539
                   2.884                      -22.694921
                  2.8875                      -22.727466
                   2.891                      -22.760155
                  2.8945                      -22.792965
                   2.898                      -22.825875
                  2.9015                      -22.858857
                   2.905                      -22.891891
                  2.9085                      -22.924959
                   2.912                      -22.958049
                  2.9155                       -22.99114
                   2.919                       -23.02422
                  2.9225                       -23.05728
                   2.926                      -23.090317
                  2.9295                      -23.123328
                   2.933                      -23.156313
                  2.9365                      -23.189274
                    2.94                      -23.222217
                  2.9435                      -23.255159
                   2.947                      -23.288106
                  2.9505                      -23.321075
                   2.954                      -23.354089
                  2.9575                      -23.387157
                   2.961                      -23.420301
                  2.9645                      -23.453546
                   2.968                      -23.486907
                  2.9715                      -23.520402
                   2.975                      -23.554048
                  2.9785                      -23.587865
                   2.982                      -23.621865
                  2.9855                      -23.656056
                   2.989                      -23.690449
                  2.9925                      -23.725041
                   2.996                      -23.759842
                  2.9995                      -23.794847
                   3.003                      -23.830043
                  3.0065                      -23.865422
                    3.01                      -23.900976
                  3.0135                      -23.936676
                   3.017                      -23.972503
                  3.0205                      -24.008433
                   3.024                      -24.044442
                  3.0275                      -24.080496
                   3.031                      -24.116564
                  3.0345                      -24.152612
                   3.038                      -24.188612
                  3.0415                      -24.224531
                   3.045                      -24.260332
                  3.0485                      -24.295988
                   3.052                      -24.331467
                  3.0555                       -24.36674
                   3.059                      -24.401792
                  3.0625                      -24.436601
                   3.066                       -24.47115
                  3.0695                      -24.505424
                   3.073                      -24.539413
                  3.0765                      -24.573118
                    3.08                       -24.60654
                  3.0835                      -24.639682
                   3.087                       -24.67255
                  3.0905                      -24.705156
                   3.094                      -24.737517
                  3.0975                      -24.769653
                   3.101                      -24.801579
                  3.1045                      -24.833317
                   3.108                      -24.864886
                  3.1115                      -24.896309
                   3.115                      -24.927614
                  3.1185                      -24.958815
                   3.122                      -24.989935
                  3.1255                      -25.020983
                   3.129                      -25.051977
                  3.1325                      -25.082928
                   3.136                      -25.113839
                  3.1395                      -25.144717
                   3.143                      -25.175553
                  3.1465                      -25.206342
                    3.15                      -25.237076
                  3.1535                      -25.267744
                   3.157                      -25.298319
                  3.1605                      -25.328778
                   3.164                      -25.359102
                  3.1675                      -25.389253
                   3.171                      -25.419211
                  3.1745                      -25.448932
                   3.178                      -25.478393
                  3.1815                      -25.507551
                   3.185                      -25.536378
                  3.1885                      -25.564837
                   3.192                      -25.592907
                  3.1955                      -25.620554
                   3.199                      -25.647752
                  3.2025                      -25.674488
                   3.206                      -25.700737
                  3.2095                      -25.726501
                   3.213                      -25.751764
                  3.2165                      -25.776525
                    3.22                      -25.800795
                  3.2235                      -25.824577
                   3.227                       -25.84789
                  3.2305                      -25.870751
                   3.234                      -25.893186
                  3.2375                       -25.91522
                   3.241                       -25.93688
                  3.2445                      -25.958209
                   3.248                      -25.979233
                  3.2515                      -25.999988
                   3.255                       -26.02051
                  3.2585                      -26.040836
                   3.262                         -26.061
                  3.2655                      -26.081035
                   3.269                      -26.100962
                  3.2725                      -26.120816
                   3.276                       -26.14061
                  3.2795                      -26.160368
                   3.283                      -26.180098
                  3.2865                      -26.199812
                    3.29                      -26.219511
                  3.2935                      -26.239191
                   3.297                      -26.258844
                  3.3005                      -26.278463
                   3.304                      -26.298032
                  3.3075                      -26.317529
                   3.311                       -26.33693
                  3.3145                      -26.356211
                   3.318                      -26.375346
                  3.3215                      -26.394307
                   3.325                      -26.413063
                  3.3285                      -26.431586
                   3.332                      -26.449851
                  3.3355                      -26.467832
                   3.339                      -26.485504
                  3.3425                      -26.502851
                   3.346                      -26.519856
                  3.3495                       -26.53651
                   3.353                      -26.552805
                  3.3565                      -26.568741
                    3.36                      -26.584325
                  3.3635                      -26.599563
                   3.367                      -26.614474
                  3.3705                      -26.629077
                   3.374                      -26.643396
                  3.3775                      -26.657462
                   3.381                      -26.671311
                  3.3845                      -26.684972
                   3.388                       -26.69849
                  3.3915                      -26.711905
                   3.395                      -26.725255
                  3.3985                      -26.738584
                   3.402                      -26.751933
                  3.4055                      -26.765339
                   3.409                      -26.778839
                  3.4125                      -26.792468
                   3.416                       -26.80625
                  3.4195                      -26.820218
                   3.423                      -26.834389
                  3.4265                      -26.848774
                    3.43                      -26.863391
                  3.4335                       -26.87824
                   3.437                      -26.893317
                  3.4405                      -26.908617
                   3.444                      -26.924126
                  3.4475                      -26.939832
                   3.451                      -26.955706
                  3.4545                      -26.971726
                   3.458                      -26.987863
                  3.4615                      -27.004083
                   3.465                      -27.020353
                  3.4685                      -27.036639
                   3.472                      -27.052906
                  3.4755                      -27.069119
                   3.479                      -27.085247
                  3.4825                       -27.10126
                   3.486                      -27.117131
                  3.4895                      -27.132841
                   3.493                      -27.148368
                  3.4965                      -27.163704
                     3.5                      -27.178839
