        Frequency / MHz                System Tot. Efficiency [AC2]/abs,linear
----------------------------------------------------------------------
                     690                      0.59514445
                     780                      0.86377876
                     870                      0.82677676
                     960                      0.43856318
                    1700                      0.28265759
                    1800                      0.33828672
                    1900                      0.48473499
                    2000                      0.58393389
                    2100                      0.60607883
                    2200                      0.64385874
                    2300                       0.7357936
                    2400                      0.70554938
                    2500                      0.79471436
                    2600                      0.51671522
                    2700                      0.33129856

