        Frequency / MHz                System Tot. Efficiency [AC2]/abs,linear
----------------------------------------------------------------------
                     690                      0.59645113
                     780                      0.86459607
                     870                      0.82951271
                     960                      0.45124431
                    1700                      0.24941696
                    1800                      0.30316372
                    1900                      0.43576426
                    2000                      0.52286405
                    2100                       0.5375591
                    2200                      0.56914845
                    2300                      0.65538905
                    2400                      0.60538838
                    2500                      0.64223628
                    2600                      0.36080328
                    2700                      0.20897042

