        Frequency / GHz                System Tot. Efficiency [AC1]/abs,dB
----------------------------------------------------------------------
                    0.69                      -11.674965
                    0.78                     -0.79988622
                    0.87                      -1.9828311
                    0.96                      -4.4165231
                     1.7                       -4.210109
                     1.8                      -2.3971636
                     1.9                      -3.3642545
                       2                      -15.607719
                     2.1                      -1.5907613
                     2.2                      -1.0926209
                     2.3                     -0.87761113
                     2.4                     -0.63196401
                     2.5                      -3.9533185
                     2.6                      -6.9722441
                     2.7                      -9.0351552

