        Frequency / MHz                System Tot. Efficiency [AC2]/abs,dB
----------------------------------------------------------------------
                     690                      -10.543911
                     780                      -5.8626453
                     870                      -1.7105611
                     960                      -2.3449836
                    1700                     -0.45666227
                    1800                     -0.51393841
                    1900                      -1.2830201
                    2000                      -1.6837852
                    2100                      -1.6117119
                    2200                      -1.5563979
                    2300                      -1.6029573
                    2400                       -1.721263
                    2500                      -1.9044421
                    2600                      -2.1366419
                    2700                      -2.3819654

