        Frequency / MHz                System Tot. Efficiency [AC2]/abs,dB
----------------------------------------------------------------------
                     690                      -12.330568
                     780                       -4.744666
                     870                      -1.0290253
                     960                      -1.6784517
                    1700                     -0.46570285
                    1800                     -0.50260044
                    1900                      -1.2727365
                    2000                      -1.6876489
                    2100                      -1.5987071
                    2200                      -1.4804409
                    2300                      -1.4771858
                    2400                      -1.6057141
                    2500                      -1.8661363
                    2600                      -2.1639047
                    2700                      -2.4245488

