        Frequency / GHz                System Tot. Efficiency [AC1]/abs,dB
----------------------------------------------------------------------
                    0.69                      -15.389654
                    0.78                      -4.9726769
                    0.87                      -1.3937546
                    0.96                     -0.80765968
                     1.7                      -4.7555035
                     1.8                      -2.7713835
                     1.9                      -1.7119377
                       2                      -15.807094
                     2.1                      -3.1762411
                     2.2                       -2.264318
                     2.3                      -1.5025043
                     2.4                      -3.8574754
                     2.5                     -0.81418547
                     2.6                      -1.0935541
                     2.7                      -2.3083167

