Frequency    S2,2_[27]

                       0                 -1.0423068e-006
                  0.0035                  6.6173111e-008
                   0.007                  1.1371974e-007
                  0.0105                 -2.4160054e-007
                   0.014                 -1.4360815e-006
                  0.0175                 -3.7222898e-006
                   0.021                 -6.9759286e-006
                  0.0245                 -1.0606722e-005
                   0.028                 -1.3644227e-005
                  0.0315                 -1.5003418e-005
                   0.035                 -1.3854124e-005
                  0.0385                 -1.0008801e-005
                   0.042                 -4.2139243e-006
                  0.0455                  1.7940789e-006
                   0.049                  5.4682252e-006
                  0.0525                  3.9605928e-006
                   0.056                 -5.2134722e-006
                  0.0595                 -2.3450811e-005
                   0.063                 -5.0420333e-005
                  0.0665                 -8.3747467e-005
                    0.07                   -0.0001192499
                  0.0735                  -0.00015153068
                   0.077                   -0.0001751408
                  0.0805                  -0.00018592454
                   0.084                  -0.00018232217
                  0.0875                  -0.00016627801
                   0.091                  -0.00014344401
                  0.0945                  -0.00012262614
                   0.098                  -0.00011451305
                  0.1015                  -0.00012946389
                   0.105                  -0.00017544673
                  0.1085                   -0.0002558164
                   0.112                  -0.00036777343
                  0.1155                  -0.00050219677
                   0.119                  -0.00064460447
                  0.1225                  -0.00077741395
                   0.126                  -0.00088366652
                  0.1295                  -0.00095085925
                   0.133                  -0.00097419033
                  0.1365                  -0.00095904654
                    0.14                  -0.00092103326
                  0.1435                  -0.00088419896
                   0.147                  -0.00087749712
                  0.1505                  -0.00092904358
                   0.154                    -0.001060643
                  0.1575                   -0.0012820738
                   0.161                   -0.0015877543
                  0.1645                   -0.0019559756
                   0.168                   -0.0023512485
                  0.1715                   -0.0027305765
                   0.175                   -0.0030517066
                  0.1785                   -0.0032816889
                   0.182                   -0.0034063002
                  0.1855                   -0.0034333895
                   0.189                   -0.0033946797
                  0.1925                   -0.0033411576
                   0.196                   -0.0033346845
                  0.1995                   -0.0034361713
                   0.203                   -0.0036930831
                  0.2065                   -0.0041283369
                    0.21                   -0.0047333388
                  0.2135                   -0.0054656869
                   0.217                    -0.006255998
                  0.2205                     -0.00701928
                   0.224                   -0.0076720774
                  0.2275                   -0.0081487247
                   0.231                   -0.0084176298
                  0.2345                   -0.0084893607
                   0.238                   -0.0084154185
                  0.2415                   -0.0082823529
                   0.245                   -0.0081938207
                  0.2485                   -0.0082519686
                   0.252                   -0.0085366692
                  0.2555                   -0.0090872112
                   0.259                   -0.0098930432
                  0.2625                    -0.010892527
                   0.266                    -0.011982523
                  0.2695                    -0.013037962
                   0.273                    -0.013936178
                  0.2765                    -0.014580713
                    0.28                    -0.014924416
                  0.2835                    -0.014976335
                   0.287                    -0.014803783
                  0.2905                     -0.01451945
                   0.294                    -0.014260176
                  0.2975                    -0.014161709
                   0.301                    -0.014332831
                  0.3045                    -0.014833763
                   0.308                     -0.01566429
                  0.3115                      -0.0167594
                   0.315                    -0.018002215
                  0.3185                    -0.019245582
                   0.322                    -0.020340456
                  0.3255                    -0.021163855
                   0.329                    -0.021647004
                  0.3325                    -0.021785997
                   0.336                    -0.021645762
                  0.3395                    -0.021347421
                   0.343                    -0.021046573
                  0.3465                    -0.020906772
                    0.35                    -0.021067678
                  0.3535                    -0.021622044
                   0.357                    -0.022593538
                  0.3605                    -0.023932374
                   0.364                    -0.025521334
                  0.3675                    -0.027195075
                   0.371                    -0.028773545
                  0.3745                    -0.030096295
                   0.378                    -0.031057349
                  0.3815                    -0.031622923
                   0.385                    -0.031845301
                  0.3885                    -0.031851479
                   0.392                    -0.031824273
                  0.3955                    -0.031971175
                   0.399                    -0.032491165
                  0.4025                    -0.033537448
                   0.406                    -0.035186516
                  0.4095                    -0.037420072
                   0.413                     -0.04012148
                  0.4165                    -0.043092841
                    0.42                    -0.046089957
                  0.4235                     -0.04887301
                   0.427                    -0.051256826
                  0.4305                    -0.053152719
                   0.434                    -0.054593212
                  0.4375                    -0.055734984
                   0.441                    -0.056839849
                  0.4445                    -0.058241295
                   0.448                    -0.060295526
                  0.4515                    -0.063329223
                   0.455                    -0.067574834
                  0.4585                    -0.073121607
                   0.462                    -0.079875698
                  0.4655                    -0.087565517
                   0.469                    -0.095777988
                  0.4725                     -0.10404953
                   0.476                     -0.11197111
                  0.4795                     -0.11930353
                   0.483                     -0.12605696
                  0.4865                     -0.13253755
                    0.49                     -0.13934706
                  0.4935                     -0.14736463
                   0.497                     -0.15767582
                  0.5005                     -0.17148565
                   0.504                     -0.18996239
                  0.5075                     -0.21403717
                   0.511                      -0.2441747
                  0.5145                     -0.28017817
                   0.518                     -0.32115432
                  0.5215                     -0.36573741
                   0.525                     -0.41255496
                  0.5285                     -0.46087142
                   0.532                     -0.51120802
                  0.5355                     -0.56588475
                   0.539                     -0.62955117
                  0.5425                     -0.70986711
                   0.546                     -0.81851584
                  0.5495                     -0.97245559
                   0.553                      -1.1946696
                  0.5565                      -1.5124156
                    0.56                      -1.9491347
                  0.5635                      -2.5075926
                   0.567                      -3.1513918
                  0.5705                      -3.8073707
                   0.574                      -4.4027276
                  0.5775                      -4.9083613
                   0.581                      -5.3458004
                  0.5845                      -5.7593087
                   0.588                      -6.1839799
                  0.5915                      -6.6215598
                   0.595                       -7.018627
                  0.5985                      -7.2527183
                   0.602                      -7.1693826
                  0.6055                        -6.70179
                   0.609                      -5.9568153
                  0.6125                      -5.1330242
                   0.616                      -4.3860795
                  0.6195                      -3.7837589
                   0.623                       -3.328131
                  0.6265                      -2.9874176
                    0.63                      -2.7178335
                  0.6335                      -2.4781743
                   0.637                      -2.2407117
                  0.6405                      -1.9966385
                   0.644                      -1.7525239
                  0.6475                      -1.5208137
                   0.651                      -1.3117242
                  0.6545                      -1.1301636
                   0.658                      -0.9764257
                  0.6615                     -0.84806326
                   0.665                     -0.74146001
                  0.6685                     -0.65282749
                   0.672                     -0.57869851
                  0.6755                     -0.51617417
                   0.679                     -0.46298794
                  0.6825                      -0.4174374
                   0.686                     -0.37825184
                  0.6895                     -0.34443124
                   0.693                     -0.31514354
                  0.6965                      -0.2896794
                     0.7                     -0.26744343
                  0.7035                     -0.24796055
                   0.707                     -0.23087135
                  0.7105                      -0.2159178
                   0.714                     -0.20290987
                  0.7175                     -0.19169515
                   0.721                      -0.1821284
                  0.7245                     -0.17405441
                   0.728                     -0.16729558
                  0.7315                     -0.16165151
                   0.735                     -0.15690911
                  0.7385                     -0.15285706
                   0.742                     -0.14930034
                  0.7455                     -0.14607833
                   0.749                     -0.14307217
                  0.7525                     -0.14021083
                   0.756                     -0.13746733
                  0.7595                     -0.13484963
                   0.763                     -0.13238755
                  0.7665                     -0.13011851
                    0.77                     -0.12807419
                  0.7735                     -0.12627101
                   0.777                     -0.12470495
                  0.7805                     -0.12334917
                   0.784                     -0.12215758
                  0.7875                     -0.12106837
                   0.791                     -0.12001192
                  0.7945                     -0.11891887
                   0.798                     -0.11773007
                  0.8015                     -0.11640389
                   0.805                     -0.11492288
                  0.8085                      -0.1132952
                   0.812                     -0.11155242
                  0.8155                      -0.1097438
                   0.819                     -0.10792749
                  0.8225                     -0.10615927
                   0.826                     -0.10448294
                  0.8295                     -0.10292238
                   0.833                     -0.10147743
                  0.8365                     -0.10012488
                    0.84                    -0.098823995
                  0.8435                    -0.097524947
                   0.847                    -0.096179688
                  0.8505                    -0.094751825
                   0.854                    -0.093222756
                  0.8575                    -0.091595638
                   0.861                    -0.089894019
                  0.8645                     -0.08815498
                   0.868                    -0.086421508
                  0.8715                    -0.084733402
                   0.875                    -0.083118801
                  0.8785                    -0.081588371
                   0.882                    -0.080133584
                  0.8855                     -0.07872764
                   0.889                    -0.077330887
                  0.8925                    -0.075897451
                   0.896                    -0.074382874
                  0.8995                    -0.072751062
                   0.903                    -0.070979779
                  0.9065                    -0.069061515
                    0.91                    -0.067001955
                  0.9135                    -0.064815572
                   0.917                     -0.06251828
                  0.9205                    -0.060120672
                   0.924                    -0.057622305
                  0.9275                    -0.055007536
                   0.931                    -0.052245873
                  0.9345                    -0.049294474
                   0.938                    -0.046104726
                  0.9415                    -0.042631676
                   0.945                    -0.038844217
                  0.9485                    -0.034736061
                   0.952                    -0.030334723
                  0.9555                    -0.025707997
                   0.959                     -0.02096785
                  0.9625                    -0.016273731
                   0.966                    -0.011837849
                  0.9695                   -0.0079368862
                   0.973                   -0.0049320443
                  0.9765                   -0.0032968797
                    0.98                   -0.0036447163
                  0.9835                    -0.006740426
                   0.987                    -0.013472099
                  0.9905                     -0.02476127
                   0.994                    -0.041408624
                  0.9975                    -0.063908593
                   1.001                    -0.092300397
                  1.0045                     -0.12611818
                   1.008                     -0.16445181
                  1.0115                     -0.20606818
                   1.015                     -0.24952762
                  1.0185                     -0.29327042
                   1.022                     -0.33570376
                  1.0255                     -0.37533758
                   1.029                     -0.41097468
                  1.0325                     -0.44190424
                   1.036                      -0.4679987
                  1.0395                     -0.48966363
                   1.043                     -0.50766157
                  1.0465                     -0.52287987
                    1.05                     -0.53613099
                  1.0535                     -0.54802556
                   1.057                     -0.55892579
                  1.0605                      -0.5689711
                   1.064                     -0.57813929
                  1.0675                     -0.58633644
                   1.071                     -0.59348842
                  1.0745                     -0.59961361
                   1.078                     -0.60486387
                  1.0815                      -0.6095217
                   1.085                     -0.61396092
                  1.0885                     -0.61858342
                   1.092                     -0.62374981
                  1.0955                     -0.62971953
                   1.099                     -0.63661806
                  1.1025                     -0.64442519
                   1.106                     -0.65299109
                  1.1095                      -0.6620738
                   1.113                     -0.67139376
                  1.1165                     -0.68069396
                    1.12                     -0.68980006
                  1.1235                     -0.69866204
                   1.127                     -0.70737454
                  1.1305                     -0.71616582
                   1.134                     -0.72536024
                  1.1375                     -0.73532358
                   1.141                     -0.74640005
                  1.1445                     -0.75885792
                   1.148                     -0.77284404
                  1.1515                      -0.7883651
                   1.155                     -0.80529037
                  1.1585                     -0.82338355
                   1.162                     -0.84235429
                  1.1655                     -0.86192838
                   1.169                     -0.88191978
                  1.1725                     -0.90228707
                   1.176                      -0.9231609
                  1.1795                     -0.94483167
                   1.183                     -0.96769697
                  1.1865                     -0.99217935
                    1.19                      -1.0186316
                  1.1935                      -1.0472582
                   1.197                      -1.0780692
                  1.2005                      -1.1108849
                   1.204                      -1.1453945
                  1.2075                      -1.1812396
                   1.211                      -1.2180964
                  1.2145                       -1.255748
                   1.218                      -1.2941499
                  1.2215                      -1.3335143
                   1.225                      -1.3744018
                  1.2285                      -1.4177941
                   1.232                      -1.4651199
                  1.2355                      -1.5182131
                   1.239                      -1.5792072
                  1.2425                      -1.6503963
                   1.246                      -1.7340377
                  1.2495                      -1.8321364
                   1.253                      -1.9461426
                  1.2565                      -2.0765249
                    1.26                      -2.2222399
                  1.2635                       -2.380108
                   1.267                      -2.5442307
                  1.2705                      -2.7058702
                   1.274                      -2.8540979
                  1.2775                      -2.9776485
                   1.281                      -3.0676133
                  1.2845                      -3.1200369
                   1.288                      -3.1371508
                  1.2915                      -3.1265768
                   1.295                      -3.0990576
                  1.2985                      -3.0658541
                   1.302                      -3.0368882
                  1.3055                      -3.0198361
                   1.309                      -3.0200426
                  1.3125                      -3.0408651
                   1.316                      -3.0840937
                  1.3195                      -3.1503415
                   1.323                      -3.2393203
                  1.3265                      -3.3500208
                    1.33                       -3.480834
                  1.3335                      -3.6296815
                   1.337                      -3.7941824
                  1.3405                       -3.971839
                   1.344                      -4.1603136
                  1.3475                      -4.3576917
                   1.351                      -4.5626827
                  1.3545                       -4.774794
                   1.358                      -4.9943203
                  1.3615                      -5.2222978
                   1.365                      -5.4603304
                  1.3685                      -5.7103042
                   1.372                       -5.974121
                  1.3755                      -6.2533062
                   1.379                      -6.5484853
                  1.3825                      -6.8587619
                   1.386                      -7.1807609
                  1.3895                      -7.5075655
                   1.393                      -7.8275766
                  1.3965                      -8.1236998
                     1.4                      -8.3739145
                  1.4035                      -8.5539904
                   1.407                      -8.6429043
                  1.4105                      -8.6295931
                   1.414                      -8.5179446
                  1.4175                      -8.3268469
                   1.421                      -8.0851976
                  1.4245                      -7.8248038
                   1.428                      -7.5743461
                  1.4315                      -7.3562081
                   1.435                      -7.1858433
                  1.4385                      -7.0724373
                   1.442                      -7.0201576
                  1.4455                      -7.0291396
                   1.449                      -7.0961231
                  1.4525                      -7.2145944
                   1.456                      -7.3745695
                  1.4595                      -7.5622069
                   1.463                      -7.7597126
                  1.4665                      -7.9461109
                    1.47                      -8.0993296
                  1.4735                       -8.199876
                   1.477                      -8.2350713
                  1.4805                      -8.2021227
                   1.484                      -8.1084185
                  1.4875                      -7.9687308
                   1.491                      -7.8007667
                  1.4945                      -7.6209691
                   1.498                      -7.4418789
                  1.5015                       -7.271101
                   1.505                      -7.1115877
                  1.5085                      -6.9626828
                   1.512                      -6.8213732
                  1.5155                      -6.6836934
                   1.519                       -6.545934
                  1.5225                      -6.4055545
                   1.526                      -6.2617623
                  1.5295                      -6.1155465
                   1.533                      -5.9693398
                  1.5365                      -5.8264543
                    1.54                      -5.6902966
                  1.5435                      -5.5637798
                   1.547                      -5.4488499
                  1.5505                      -5.3462461
                   1.554                      -5.2555398
                  1.5575                      -5.1752978
                   1.561                      -5.1034185
                  1.5645                      -5.0375503
                   1.568                      -4.9754892
                  1.5715                      -4.9155507
                   1.575                      -4.8568181
                  1.5785                      -4.7992279
                   1.582                      -4.7435205
                  1.5855                      -4.6910146
                   1.589                      -4.6433107
                  1.5925                      -4.6019848
                   1.596                      -4.5682782
                  1.5995                      -4.5429166
                   1.603                      -4.5260044
                  1.6065                      -4.5170465
                    1.61                      -4.5150702
                  1.6135                      -4.5188176
                   1.617                      -4.5269868
                  1.6205                      -4.5384685
                   1.624                      -4.5525493
                  1.6275                       -4.569028
                   1.631                      -4.5882499
                  1.6345                      -4.6110302
                   1.638                      -4.6384974
                  1.6415                      -4.6718971
                   1.645                      -4.7123736
                  1.6485                      -4.7607832
                   1.652                      -4.8175807
                  1.6555                      -4.8827561
                   1.659                      -4.9558656
                  1.6625                      -5.0361381
                   1.666                      -5.1226103
                  1.6695                      -5.2143286
                   1.673                      -5.3105072
                  1.6765                      -5.4106612
                    1.68                      -5.5147048
                  1.6835                      -5.6229261
                   1.687                      -5.7359147
                  1.6905                       -5.854441
                   1.694                      -5.9792455
                  1.6975                      -6.1109001
                   1.701                      -6.2496276
                  1.7045                      -6.3951832
                   1.708                      -6.5468526
                  1.7115                      -6.7034301
                   1.715                      -6.8633279
                  1.7185                      -7.0247306
                   1.722                      -7.1857149
                  1.7255                      -7.3444764
                   1.729                       -7.499425
                  1.7325                      -7.6492612
                   1.736                      -7.7930175
                  1.7395                      -7.9299476
                   1.743                      -8.0594155
                  1.7465                      -8.1807491
                    1.75                      -8.2930636
                  1.7535                      -8.3952119
                   1.757                      -8.4857575
                  1.7605                      -8.5630788
                   1.764                      -8.6256028
                  1.7675                      -8.6720716
                   1.771                      -8.7018448
                  1.7745                      -8.7151019
                   1.778                      -8.7129145
                  1.7815                      -8.6970976
                   1.785                       -8.669934
                  1.7885                      -8.6338026
                   1.792                       -8.590811
                  1.7955                      -8.5425662
                   1.799                      -8.4900384
                  1.8025                      -8.4336007
                   1.806                        -8.37314
                  1.8095                      -8.3081938
                   1.813                      -8.2381571
                  1.8165                      -8.1624381
                    1.82                      -8.0805841
                  1.8235                      -7.9924291
                   1.827                      -7.8981642
                  1.8305                      -7.7983957
                   1.834                       -7.694147
                  1.8375                      -7.5867374
                   1.841                      -7.4776805
                  1.8445                      -7.3685039
                   1.848                      -7.2605274
                  1.8515                      -7.1547572
                   1.855                      -7.0517622
                  1.8585                      -6.9516858
                   1.862                      -6.8543282
                  1.8655                      -6.7592315
                   1.869                      -6.6658881
                  1.8725                       -6.573898
                   1.876                      -6.4830644
                  1.8795                      -6.3935032
                   1.883                      -6.3056025
                  1.8865                      -6.2199783
                    1.89                      -6.1373498
                  1.8935                      -6.0583775
                   1.897                      -5.9835474
                  1.9005                      -5.9130751
                   1.904                       -5.846822
                  1.9075                      -5.7843453
                   1.911                      -5.7249358
                  1.9145                      -5.6677536
                   1.918                      -5.6119793
                  1.9215                      -5.5569319
                   1.925                      -5.5022084
                  1.9285                       -5.447738
                   1.932                      -5.3937595
                  1.9355                      -5.3407777
                   1.939                      -5.2894269
                  1.9425                       -5.240352
                   1.946                       -5.194076
                  1.9495                      -5.1508784
                   1.953                      -5.1107546
                  1.9565                      -5.0734045
                    1.96                      -5.0382708
                  1.9635                      -5.0046472
                   1.967                      -4.9717971
                  1.9705                      -4.9390902
                   1.974                      -4.9061225
                  1.9775                      -4.8727635
                   1.981                      -4.8391907
                  1.9845                       -4.805841
                   1.988                      -4.7733019
                  1.9915                      -4.7422177
                   1.995                      -4.7131521
                  1.9985                      -4.6864827
                   2.002                      -4.6623405
                  2.0055                      -4.6405693
                   2.009                      -4.6207476
                  2.0125                      -4.6022796
                   2.016                      -4.5844846
                  2.0195                      -4.5667206
                   2.023                       -4.548517
                  2.0265                      -4.5296466
                    2.03                      -4.5101663
                  2.0335                      -4.4903998
                   2.037                      -4.4708675
                  2.0405                      -4.4521865
                   2.044                       -4.434955
                  2.0475                      -4.4196409
                   2.051                      -4.4064931
                  2.0545                      -4.3954896
                   2.058                      -4.3863469
                  2.0615                       -4.378558
                   2.065                      -4.3714725
                  2.0685                      -4.3644403
                   2.072                      -4.3569107
                  2.0755                      -4.3485391
                   2.079                      -4.3392544
                  2.0825                      -4.3292657
                   2.086                      -4.3190141
                  2.0895                      -4.3090896
                   2.093                      -4.3001162
                  2.0965                      -4.2926413
                     2.1                      -4.2870302
                  2.1035                       -4.283397
                   2.107                       -4.281582
                  2.1105                      -4.2811618
                   2.114                      -4.2815422
                  2.1175                      -4.2820457
                   2.121                      -4.2820451
                  2.1245                      -4.2810923
                   2.128                      -4.2789883
                  2.1315                      -4.2758177
                   2.135                      -4.2719387
                  2.1385                      -4.2678947
                   2.142                      -4.2643231
                  2.1455                      -4.2618266
                   2.149                      -4.2608686
                  2.1525                      -4.2616751
                   2.156                      -4.2641997
                  2.1595                      -4.2681136
                   2.163                      -4.2728667
                  2.1665                      -4.2777823
                    2.17                      -4.2821847
                  2.1735                      -4.2855411
                   2.177                      -4.2875428
                  2.1805                      -4.2881773
                   2.184                      -4.2877172
                  2.1875                      -4.2866485
                   2.191                      -4.2855923
                  2.1945                      -4.2851702
                   2.198                      -4.2858956
                  2.2015                      -4.2880906
                   2.205                      -4.2918301
                  2.2085                      -4.2969521
                   2.212                        -4.30311
                  2.2155                      -4.3098962
                   2.219                      -4.3169793
                  2.2225                      -4.3242472
                   2.226                      -4.3319332
                  2.2295                      -4.3406513
                   2.233                      -4.3513729
                  2.2365                      -4.3652941
                    2.24                      -4.3836618
                  2.2435                      -4.4075681
                   2.247                      -4.4377217
                  2.2505                      -4.4742957
                   2.254                      -4.5168034
                  2.2575                      -4.5640705
                   2.261                       -4.614308
                  2.2645                      -4.6652858
                   2.268                      -4.7145728
                  2.2715                      -4.7598472
                   2.275                      -4.7992137
                  2.2785                      -4.8314391
                   2.282                      -4.8561188
                  2.2855                       -4.873685
                   2.289                      -4.8852976
                  2.2925                      -4.8926221
                   2.296                      -4.8975527
                  2.2995                       -4.901909
                   2.303                      -4.9071776
                  2.3065                      -4.9143116
                    2.31                      -4.9236233
                  2.3135                      -4.9347978
                   2.317                      -4.9470209
                  2.3205                      -4.9591671
                   2.324                      -4.9700725
                  2.3275                      -4.9787686
                   2.331                       -4.984685
                  2.3345                      -4.9877403
                   2.338                      -4.9883563
                  2.3415                      -4.9873667
                   2.345                      -4.9858492
                  2.3485                      -4.9849365
                   2.352                      -4.9856175
                  2.3555                      -4.9885778
                   2.359                      -4.9940931
                  2.3625                      -5.0020188
                   2.366                       -5.011886
                  2.3695                      -5.0230354
                   2.373                      -5.0348576
                  2.3765                      -5.0469538
                    2.38                      -5.0592722
                  2.3835                      -5.0721496
                   2.387                      -5.0862476
                  2.3905                      -5.1024323
                   2.394                      -5.1216239
                  2.3975                      -5.1446168
                   2.401                      -5.1719216
                  2.4045                      -5.2035994
                   2.408                      -5.2391239
                  2.4115                      -5.2773148
                   2.415                      -5.3163516
                  2.4185                      -5.3539107
                   2.422                       -5.387451
                  2.4255                      -5.4145517
                   2.429                      -5.4333058
                  2.4325                      -5.4426335
                   2.436                       -5.442473
                  2.4395                      -5.4337656
                   2.443                      -5.4183013
                  2.4465                      -5.3983633
                    2.45                      -5.3763726
                  2.4535                      -5.3544725
                   2.457                      -5.3341996
                  2.4605                      -5.3162959
                   2.464                      -5.3006057
                  2.4675                      -5.2862055
                   2.471                      -5.2716215
                  2.4745                      -5.2551466
                   2.478                       -5.235208
                  2.4815                      -5.2106834
                   2.485                      -5.1811043
                  2.4885                      -5.1467451
                   2.492                       -5.108547
                  2.4955                      -5.0679406
                   2.499                      -5.0265656
                  2.5025                      -4.9859926
                   2.506                      -4.9474453
                  2.5095                      -4.9115807
                   2.513                      -4.8783852
                  2.5165                      -4.8471956
                    2.52                      -4.8168602
                  2.5235                      -4.7859791
                   2.527                      -4.7532107
                  2.5305                      -4.7175537
                   2.534                       -4.678557
                  2.5375                      -4.6363984
                   2.541                      -4.5919059
                  2.5445                      -4.5463949
                   2.548                      -4.5014802
                  2.5515                      -4.4588126
                   2.555                      -4.4198156
                  2.5585                      -4.3854402
                   2.562                      -4.3560044
                  2.5655                      -4.3311168
                   2.569                      -4.3097074
                  2.5725                      -4.2902069
                   2.576                      -4.2707642
                  2.5795                      -4.2495573
                   2.583                      -4.2250337
                  2.5865                      -4.1961457
                    2.59                      -4.1624646
                  2.5935                      -4.1241892
                   2.597                      -4.0820843
                  2.6005                      -4.0372504
                   2.604                      -3.9909353
                  2.6075                      -3.9442519
                   2.611                      -3.8979792
                  2.6145                      -3.8524378
                   2.618                      -3.8074628
                  2.6215                      -3.7625224
                   2.625                      -3.7168598
                  2.6285                      -3.6697222
                   2.632                      -3.6205394
                  2.6355                      -3.5690725
                   2.639                      -3.5154923
                  2.6425                      -3.4603693
                   2.646                      -3.4045953
                  2.6495                      -3.3492523
                   2.653                      -3.2954642
                  2.6565                      -3.2441789
                    2.66                      -3.1960307
                  2.6635                      -3.1512198
                   2.667                      -3.1094848
                  2.6705                      -3.0701813
                   2.674                      -3.0323908
                  2.6775                       -2.995109
                   2.681                      -2.9573854
                  2.6845                      -2.9184884
                   2.688                      -2.8779801
                  2.6915                      -2.8357547
                   2.695                      -2.7920421
                  2.6985                      -2.7473554
                   2.702                      -2.7023974
                  2.7055                      -2.6579141
                   2.709                      -2.6145779
                  2.7125                      -2.5728515
                   2.716                      -2.5329003
                  2.7195                      -2.4945787
                   2.723                      -2.4574844
                  2.7265                      -2.4210533
                    2.73                      -2.3846692
                  2.7335                      -2.3478107
                   2.737                      -2.3101228
                  2.7405                       -2.271493
                   2.744                       -2.232091
                  2.7475                      -2.1923499
                   2.751                      -2.1529205
                  2.7545                      -2.1145632
                   2.758                      -2.0780373
                  2.7615                      -2.0439702
                   2.765                      -2.0127403
                  2.7685                      -1.9844308
                   2.772                      -1.9588205
                  2.7755                      -1.9354359
                   2.779                      -1.9136336
                  2.7825                      -1.8927058
                   2.786                      -1.8719929
                  2.7895                      -1.8509677
                   2.793                       -1.829295
                  2.7965                      -1.8068826
                     2.8                      -1.7838617
                  2.8035                      -1.7605596
                   2.807                      -1.7373891
                  2.8105                      -1.7147718
                   2.814                      -1.6930372
                  2.8175                      -1.6723499
                   2.821                      -1.6526926
                  2.8245                      -1.6338812
                   2.828                      -1.6156034
                  2.8315                      -1.5974944
                   2.835                      -1.5791944
                  2.8385                      -1.5604262
                   2.842                        -1.54103
                  2.8455                      -1.5210163
                   2.849                      -1.5005584
                  2.8525                      -1.4799755
                   2.856                      -1.4596724
                  2.8595                      -1.4400639
                   2.863                      -1.4214822
                  2.8665                      -1.4041195
                    2.87                      -1.3879863
                  2.8735                      -1.3729113
                   2.877                      -1.3585799
                  2.8805                      -1.3445969
                   2.884                      -1.3305389
                  2.8875                      -1.3160425
                   2.891                      -1.3008526
                  2.8945                      -1.2848766
                   2.898                      -1.2681984
                  2.9015                       -1.251076
                   2.905                      -1.2338862
                  2.9085                      -1.2170624
                   2.912                      -1.2010104
                  2.9155                      -1.1860338
                   2.919                      -1.1722799
                  2.9225                      -1.1597267
                   2.926                      -1.1481898
                  2.9295                      -1.1373728
                   2.933                      -1.1269059
                  2.9365                      -1.1164227
                    2.94                      -1.1056161
                  2.9435                      -1.0942916
                   2.947                      -1.0824001
                  2.9505                      -1.0700557
                   2.954                      -1.0575117
                  2.9575                      -1.0451111
                   2.961                      -1.0332216
                  2.9645                      -1.0221556
                   2.968                      -1.0121201
                  2.9715                      -1.0031773
                   2.975                      -0.9952432
                  2.9785                     -0.98810385
                   2.982                     -0.98145964
                  2.9855                     -0.97497923
                   2.989                      -0.9683463
                  2.9925                     -0.96132134
                   2.996                     -0.95378046
                  2.9995                     -0.94573565
                   3.003                     -0.93733413
                  3.0065                     -0.92882565
                    3.01                     -0.92051324
                  3.0135                     -0.91268257
                   3.017                     -0.90555755
                  3.0205                     -0.89923844
                   3.024                     -0.89370087
                  3.0275                     -0.88879411
                   3.031                     -0.88426841
                  3.0345                     -0.87982427
                   3.038                     -0.87515609
                  3.0415                     -0.87001398
                   3.045                     -0.86424544
                  3.0485                     -0.85782773
                   3.052                     -0.85088157
                  3.0555                     -0.84364461
                   3.059                      -0.8364324
                  3.0625                     -0.82957062
                   3.066                     -0.82333954
                  3.0695                     -0.81791886
                   3.073                     -0.81335783
                  3.0765                     -0.80957615
                    3.08                     -0.80637816
                  3.0835                     -0.80349388
                   3.087                     -0.80062355
                  3.0905                     -0.79748883
                   3.094                     -0.79388718
                  3.0975                     -0.78972656
                   3.101                     -0.78504677
                  3.1045                     -0.78001103
                   3.108                     -0.77487649
                  3.1115                     -0.76994102
                   3.115                     -0.76548304
                  3.1185                     -0.76170902
                   3.122                      -0.7587178
                  3.1255                     -0.75648311
                   3.129                      -0.7548615
                  3.1325                     -0.75361903
                   3.136                     -0.75246882
                  3.1395                     -0.75111819
                   3.143                     -0.74931246
                  3.1465                       -0.746879
                    3.15                     -0.74375027
                  3.1535                      -0.7399653
                   3.157                     -0.73565258
                  3.1605                     -0.73099019
                   3.164                     -0.72615252
                  3.1675                     -0.72126473
                   3.171                     -0.71636666
                  3.1745                     -0.71139722
                   3.178                     -0.70620459
                  3.1815                     -0.70057127
                   3.185                     -0.69425672
                  3.1885                     -0.68704671
                   3.192                     -0.67880396
                  3.1955                     -0.66951095
                   3.199                     -0.65929355
                  3.2025                     -0.64842628
                   3.206                     -0.63730005
                  3.2095                     -0.62637915
                   3.213                     -0.61612827
                  3.2165                     -0.60694816
                    3.22                     -0.59911538
                  3.2235                     -0.59275099
                   3.227                     -0.58781197
                  3.2305                     -0.58410553
                   3.234                     -0.58132865
                  3.2375                     -0.57911928
                   3.241                     -0.57711457
                  3.2445                     -0.57500855
                   3.248                     -0.57259995
                  3.2515                     -0.56981922
                   3.255                      -0.5667358
                  3.2585                     -0.56352905
                   3.262                     -0.56044809
                  3.2655                     -0.55775132
                   3.269                     -0.55565409
                  3.2725                     -0.55428262
                   3.276                     -0.55365087
                  3.2795                     -0.55365968
                   3.283                     -0.55411163
                  3.2865                     -0.55474766
                    3.29                     -0.55529216
                  3.2935                     -0.55550036
                   3.297                     -0.55520348
                  3.3005                     -0.55434156
                   3.304                     -0.55297364
                  3.3075                     -0.55126586
                   3.311                     -0.54945742
                  3.3145                     -0.54781192
                   3.318                     -0.54656505
                  3.3215                     -0.54588064
                   3.325                     -0.54581848
                  3.3285                     -0.54632825
                   3.332                      -0.5472567
                  3.3355                     -0.54837465
                   3.339                     -0.54941618
                  3.3425                     -0.55012621
                   3.346                     -0.55030645
                  3.3495                     -0.54985436
                   3.353                     -0.54878546
                  3.3565                     -0.54723301
                    3.36                       -0.545423
                  3.3635                      -0.5436303
                   3.367                     -0.54212653
                  3.3705                     -0.54112909
                   3.374                     -0.54076311
                  3.3775                     -0.54104183
                   3.381                     -0.54186628
                  3.3845                     -0.54304687
                   3.388                     -0.54433618
                  3.3915                      -0.5454758
                   3.395                     -0.54624186
                  3.3985                     -0.54648901
                   3.402                     -0.54617938
                  3.4055                     -0.54539235
                   3.409                      -0.5443083
                  3.4125                     -0.54317452
                   3.416                     -0.54225541
                  3.4195                     -0.54178341
                   3.423                     -0.54191383
                  3.4265                     -0.54270063
                    3.43                     -0.54408769
                  3.4335                     -0.54592045
                   3.437                     -0.54797294
                  3.4405                     -0.54999112
                   3.444                     -0.55173446
                  3.4475                     -0.55302578
                   3.451                     -0.55378203
                  3.4545                     -0.55403522
                   3.458                     -0.55392659
                  3.4615                     -0.55367841
                   3.465                     -0.55355196
                  3.4685                     -0.55379623
                   3.472                     -0.55460168
                  3.4755                     -0.55606581
                   3.479                     -0.55817816
                  3.4825                     -0.56082386
                   3.486                     -0.56380318
                  3.4895                     -0.56686885
                   3.493                     -0.56976675
                  3.4965                     -0.57228646
                     3.5                     -0.57429908
