Frequency    S2,2_[23]

                       0                 -1.0423068e-006
                  0.0035                  6.6135448e-008
                   0.007                  1.1317806e-007
                  0.0105                 -2.4386749e-007
                   0.014                 -1.4413843e-006
                  0.0175                 -3.7303092e-006
                   0.021                 -6.9826236e-006
                  0.0245                 -1.0603062e-005
                   0.028                 -1.3616987e-005
                  0.0315                 -1.4938699e-005
                   0.035                  -1.374323e-005
                  0.0385                 -9.8548613e-006
                   0.042                 -4.0366975e-006
                  0.0455                  1.9579883e-006
                   0.049                  5.5719451e-006
                  0.0525                  3.9606275e-006
                   0.056                 -5.3382857e-006
                  0.0595                 -2.3679291e-005
                   0.063                 -5.0674181e-005
                  0.0665                 -8.3888192e-005
                    0.07                  -0.00011909162
                  0.0735                  -0.00015087113
                   0.077                  -0.00017380568
                  0.0805                  -0.00018381664
                   0.084                  -0.00017946193
                  0.0875                  -0.00016282177
                   0.091                  -0.00013966901
                  0.0945                  -0.00011887668
                   0.098                  -0.00011111023
                  0.1015                  -0.00012659707
                   0.105                  -0.00017306305
                  0.1085                  -0.00025354088
                   0.112                   -0.0003648874
                  0.1155                  -0.00049768846
                   0.119                  -0.00063730247
                  0.1225                   -0.0007661893
                   0.126                  -0.00086765816
                  0.1295                  -0.00092967828
                   0.133                  -0.00094804974
                  0.1365                  -0.00092875655
                    0.14                  -0.00088785262
                  0.1435                  -0.00084953767
                   0.147                  -0.00084250331
                  0.1505                  -0.00089417225
                   0.154                   -0.0010252723
                  0.1575                   -0.0012442995
                   0.161                   -0.0015444185
                  0.1645                   -0.0019029788
                   0.168                   -0.0022841379
                  0.1715                   -0.0026452905
                   0.175                   -0.0029453433
                  0.1785                   -0.0031531516
                   0.182                   -0.0032565374
                  0.1855                   -0.0032652806
                   0.189                   -0.0032123811
                  0.1925                   -0.0031490778
                   0.196                   -0.0031362238
                  0.1995                   -0.0032324981
                   0.203                   -0.0034822138
                  0.2065                   -0.0039047679
                    0.21                   -0.0044883757
                  0.2135                   -0.0051885942
                   0.217                   -0.0059356529
                  0.2205                   -0.0066461686
                   0.224                   -0.0072400996
                  0.2275                    -0.007656545
                   0.231                    -0.007868995
                  0.2345                   -0.0078923665
                   0.238                   -0.0077809186
                  0.2415                   -0.0076214048
                   0.245                   -0.0075150953
                  0.2485                   -0.0075592982
                   0.252                   -0.0078274058
                  0.2555                   -0.0083519061
                   0.259                   -0.0091163881
                  0.2625                    -0.010055664
                   0.266                    -0.011066282
                  0.2695                     -0.01202635
                   0.273                    -0.012819412
                  0.2765                    -0.013357327
                    0.28                    -0.013601356
                  0.2835                     -0.01356783
                   0.287                    -0.013328259
                  0.2905                    -0.012995553
                   0.294                    -0.012702579
                  0.2975                     -0.01257737
                   0.301                    -0.012718539
                  0.3045                    -0.013175563
                   0.308                    -0.013938793
                  0.3115                    -0.014937473
                   0.315                    -0.016053674
                  0.3185                    -0.017144337
                   0.322                    -0.018069074
                  0.3255                    -0.018716825
                   0.329                    -0.019031027
                  0.3325                    -0.019018345
                   0.336                    -0.018749879
                  0.3395                    -0.018347135
                   0.343                    -0.017959847
                  0.3465                    -0.017739791
                    0.35                    -0.017811253
                  0.3535                    -0.018250002
                   0.357                     -0.01906508
                  0.3605                    -0.020196938
                   0.364                    -0.021525905
                  0.3675                    -0.022892751
                   0.371                    -0.024130732
                  0.3745                    -0.025097712
                   0.378                    -0.025706583
                  0.3815                    -0.025939958
                   0.385                    -0.025858622
                  0.3885                      -0.0255884
                   0.392                    -0.025299782
                  0.3955                    -0.025177907
                   0.399                    -0.025391598
                  0.4025                    -0.026061347
                   0.406                    -0.027234422
                  0.4095                    -0.028872525
                   0.413                    -0.030853385
                  0.4165                    -0.032990064
                    0.42                    -0.035065002
                  0.4235                    -0.036874712
                   0.427                    -0.038271973
                  0.4305                    -0.039197998
                   0.434                      -0.0396978
                  0.4375                    -0.039916167
                   0.441                    -0.040075663
                  0.4445                    -0.040443469
                   0.448                    -0.041288393
                  0.4515                    -0.042837417
                   0.455                    -0.045228205
                  0.4585                    -0.048476115
                   0.462                     -0.05245387
                  0.4655                    -0.056905259
                   0.469                    -0.061484246
                  0.4725                    -0.065828048
                   0.476                    -0.069636062
                  0.4795                    -0.072745889
                   0.483                    -0.075177694
                  0.4865                    -0.077148158
                    0.49                    -0.079049925
                  0.4935                      -0.0814147
                   0.497                    -0.084847787
                  0.5005                    -0.089953913
                   0.504                    -0.097233828
                  0.5075                     -0.10696936
                   0.511                     -0.11911247
                  0.5145                     -0.13321773
                   0.518                     -0.14847613
                  0.5215                     -0.16388111
                   0.525                     -0.17849151
                  0.5285                     -0.19172754
                   0.532                     -0.20359266
                  0.5355                     -0.21479175
                   0.539                     -0.22677309
                  0.5425                     -0.24175507
                   0.546                     -0.26278316
                  0.5495                       -0.293766
                   0.553                     -0.33928236
                  0.5565                     -0.40373287
                    0.56                     -0.48922273
                  0.5635                      -0.5921793
                   0.567                     -0.70070422
                  0.5705                     -0.79688373
                   0.574                     -0.86524494
                  0.5775                     -0.90070201
                   0.581                     -0.90874034
                  0.5845                     -0.89966621
                   0.588                     -0.88334842
                  0.5915                     -0.86713381
                   0.595                     -0.85605858
                  0.5985                     -0.85386253
                   0.602                     -0.86405724
                  0.6055                     -0.89089455
                   0.609                     -0.94021847
                  0.6125                      -1.0201547
                   0.616                      -1.1412687
                  0.6195                      -1.3151723
                   0.623                      -1.5500361
                  0.6265                      -1.8427052
                    0.63                      -2.1725865
                  0.6335                      -2.5076705
                   0.637                      -2.8240297
                  0.6405                      -3.1215923
                   0.644                       -3.422442
                  0.6475                      -3.7595477
                   0.651                      -4.1690521
                  0.6545                      -4.6891493
                   0.658                      -5.3626898
                  0.6615                      -6.2398783
                   0.665                      -7.3766237
                  0.6685                      -8.8158823
                   0.672                      -10.505883
                  0.6755                      -12.040399
                   0.679                      -12.420838
                  0.6825                      -11.201326
                   0.686                      -9.3193778
                  0.6895                      -7.5457454
                   0.693                      -6.0873679
                  0.6965                      -4.9360734
                     0.7                      -4.0369838
                  0.7035                      -3.3349536
                   0.707                       -2.784655
                  0.7105                      -2.3510959
                   0.714                      -2.0077795
                  0.7175                       -1.734662
                   0.721                      -1.5164326
                  0.7245                      -1.3412521
                   0.728                      -1.1998178
                  0.7315                      -1.0847526
                   0.735                     -0.99018939
                  0.7385                     -0.91148263
                   0.742                     -0.84498576
                  0.7455                     -0.78790128
                   0.749                     -0.73813362
                  0.7525                      -0.6941694
                   0.756                     -0.65495136
                  0.7595                     -0.61976788
                   0.763                     -0.58814404
                  0.7665                       -0.559752
                    0.77                     -0.53433662
                  0.7735                     -0.51166516
                   0.777                     -0.49149479
                  0.7805                     -0.47355486
                   0.784                     -0.45754211
                  0.7875                      -0.4431247
                   0.791                      -0.4299543
                  0.7945                     -0.41768841
                   0.798                     -0.40601619
                  0.8015                     -0.39468276
                   0.805                     -0.38351304
                  0.8085                     -0.37242194
                   0.812                     -0.36141231
                  0.8155                     -0.35056595
                   0.819                     -0.34001778
                  0.8225                     -0.32992184
                   0.826                      -0.3204179
                  0.8295                     -0.31159893
                   0.833                     -0.30348889
                  0.8365                     -0.29603968
                    0.84                     -0.28913969
                  0.8435                     -0.28263575
                   0.847                     -0.27636494
                  0.8505                     -0.27018334
                   0.854                      -0.2639903
                  0.8575                     -0.25774457
                   0.861                     -0.25146823
                  0.8645                     -0.24523468
                   0.868                     -0.23915077
                  0.8715                     -0.23333189
                   0.875                     -0.22787746
                  0.8785                     -0.22284949
                   0.882                     -0.21826277
                  0.8855                     -0.21408098
                   0.889                     -0.21022682
                  0.8925                     -0.20659571
                   0.896                     -0.20307444
                  0.8995                     -0.19956023
                   0.903                     -0.19597788
                  0.9065                     -0.19228808
                    0.91                     -0.18849038
                  0.9135                     -0.18461737
                   0.917                     -0.18072208
                  0.9205                      -0.1768615
                   0.924                     -0.17308113
                  0.9275                     -0.16939903
                   0.931                     -0.16579798
                  0.9345                     -0.16222085
                   0.938                     -0.15857327
                  0.9415                     -0.15473233
                   0.945                     -0.15055806
                  0.9485                     -0.14590799
                   0.952                     -0.14065107
                  0.9555                     -0.13467879
                   0.959                     -0.12791105
                  0.9625                     -0.12029663
                   0.966                     -0.11180748
                  0.9695                     -0.10243146
                   0.973                    -0.092166704
                  0.9765                    -0.081025344
                    0.98                    -0.069053544
                  0.9835                    -0.056377768
                   0.987                    -0.043281869
                  0.9905                    -0.030316764
                   0.994                    -0.018430862
                  0.9975                   -0.0090863923
                   1.001                   -0.0043036146
                  1.0045                   -0.0065579308
                   1.008                    -0.018467159
                  1.0115                    -0.042257021
                   1.015                     -0.07907525
                  1.0185                     -0.12832892
                   1.022                     -0.18732103
                  1.0255                     -0.25149878
                   1.029                     -0.31543768
                  1.0325                     -0.37425774
                   1.036                     -0.42479539
                  1.0395                     -0.46598728
                   1.043                     -0.49846198
                  1.0465                     -0.52375728
                    1.05                     -0.54360721
                  1.0535                     -0.55950012
                   1.057                     -0.57250403
                  1.0605                     -0.58327912
                   1.064                     -0.59217422
                  1.0675                     -0.59936194
                   1.071                     -0.60496713
                  1.0745                     -0.60916301
                   1.078                      -0.6122235
                  1.0815                     -0.61452403
                   1.085                     -0.61650331
                  1.0885                     -0.61860183
                   1.092                     -0.62119676
                  1.0955                     -0.62454836
                   1.099                     -0.62877435
                  1.1025                     -0.63384472
                   1.106                     -0.63960266
                  1.1095                     -0.64580462
                   1.113                     -0.65217464
                  1.1165                     -0.65846224
                    1.12                     -0.66449839
                  1.1235                     -0.67023303
                   1.127                      -0.6757518
                  1.1305                      -0.6812637
                   1.134                     -0.68706447
                  1.1375                     -0.69348517
                   1.141                      -0.7008338
                  1.1445                     -0.70934622
                   1.148                     -0.71914542
                  1.1515                     -0.73022596
                   1.155                     -0.74245766
                  1.1585                     -0.75561495
                   1.162                     -0.76942343
                  1.1655                     -0.78362196
                   1.169                      -0.7980261
                  1.1725                     -0.81257791
                   1.176                     -0.82737009
                  1.1795                      -0.8426356
                   1.183                     -0.85870284
                  1.1865                     -0.87592414
                    1.19                     -0.89459421
                  1.1935                     -0.91488143
                   1.197                     -0.93678672
                  1.2005                     -0.96014633
                   1.204                     -0.98467912
                  1.2075                      -1.0100561
                   1.211                      -1.0359679
                  1.2145                      -1.0621824
                   1.218                      -1.0885951
                  1.2215                      -1.1152941
                   1.225                      -1.1426331
                  1.2285                      -1.1712927
                   1.232                      -1.2023053
                  1.2355                      -1.2370261
                   1.239                      -1.2770566
                  1.2425                      -1.3241421
                   1.246                      -1.3800379
                  1.2495                       -1.446375
                   1.253                       -1.524484
                  1.2565                      -1.6151525
                    1.26                       -1.718313
                  1.2635                      -1.8326436
                   1.267                      -1.9551083
                  1.2705                      -2.0806581
                   1.274                      -2.2022504
                  1.2775                       -2.311587
                   1.281                      -2.4005981
                  1.2845                      -2.4633928
                   1.288                       -2.497946
                  1.2915                      -2.5066635
                   1.295                      -2.4955937
                  1.2985                      -2.4727129
                   1.302                      -2.4461631
                  1.3055                      -2.4229858
                   1.309                      -2.4085549
                  1.3125                      -2.4065607
                   1.316                      -2.4192329
                  1.3195                      -2.4476598
                   1.323                      -2.4920746
                  1.3265                       -2.552064
                    1.33                      -2.6267302
                  1.3335                      -2.7148163
                   1.337                      -2.8148359
                  1.3405                      -2.9251981
                   1.344                      -3.0443735
                  1.3475                        -3.17106
                   1.351                       -3.304317
                  1.3545                       -3.443703
                   1.358                      -3.5893169
                  1.3615                      -3.7418293
                   1.365                      -3.9024513
                  1.3685                       -4.072843
                   1.372                      -4.2550581
                  1.3755                       -4.451439
                   1.379                      -4.6644846
                  1.3825                      -4.8967153
                   1.386                      -5.1503611
                  1.3895                      -5.4269926
                   1.393                      -5.7268977
                  1.3965                      -6.0481249
                     1.4                      -6.3853764
                  1.4035                      -6.7287137
                   1.407                      -7.0625555
                  1.4105                       -7.365942
                   1.414                      -7.6149168
                  1.4175                       -7.787841
                   1.421                      -7.8722479
                  1.4245                      -7.8701204
                   1.428                      -7.7982547
                  1.4315                      -7.6833816
                   1.435                      -7.5550893
                  1.4385                      -7.4399164
                   1.442                      -7.3584769
                  1.4455                      -7.3249317
                   1.449                      -7.3478743
                  1.4525                       -7.431539
                   1.456                      -7.5766805
                  1.4595                      -7.7809783
                   1.463                      -8.0388786
                  1.4665                      -8.3410291
                    1.47                      -8.6734675
                  1.4735                      -9.0172426
                   1.477                      -9.3490786
                  1.4805                      -9.6438138
                   1.484                      -9.8790168
                  1.4875                      -10.040229
                   1.491                      -10.124609
                  1.4945                      -10.140733
                   1.498                      -10.104548
                  1.5015                      -10.033727
                   1.505                      -9.9429365
                  1.5085                      -9.8413494
                   1.512                      -9.7322581
                  1.5155                      -9.6143091
                   1.519                       -9.483528
                  1.5225                      -9.3355674
                   1.526                      -9.1677787
                  1.5295                      -8.9804511
                   1.533                      -8.7771184
                  1.5365                      -8.5639791
                    1.54                      -8.3484949
                  1.5435                      -8.1380285
                   1.547                      -7.9386062
                  1.5505                      -7.7541498
                   1.554                      -7.5863017
                  1.5575                      -7.4345461
                   1.561                      -7.2967072
                  1.5645                      -7.1696362
                   1.568                      -7.0498904
                  1.5715                      -6.9344431
                   1.575                      -6.8212174
                  1.5785                      -6.7093827
                   1.582                      -6.5994343
                  1.5855                      -6.4929427
                   1.589                      -6.3921443
                  1.5925                      -6.2994767
                   1.596                      -6.2170516
                  1.5995                      -6.1463292
                   1.603                      -6.0878911
                  1.6065                      -6.0414061
                    1.61                      -6.0057661
                  1.6135                       -5.979313
                   1.617                      -5.9601662
                  1.6205                      -5.9465681
                   1.624                      -5.9371835
                  1.6275                      -5.9313243
                   1.631                      -5.9290488
                  1.6345                      -5.9311146
                   1.638                      -5.9388159
                  1.6415                      -5.9537298
                   1.645                      -5.9774319
                  1.6485                      -6.0112309
                   1.652                      -6.0559776
                  1.6555                      -6.1119563
                   1.659                      -6.1788799
                  1.6625                      -6.2559883
                   1.666                      -6.3422002
                  1.6695                      -6.4363459
                   1.673                       -6.537378
                  1.6765                      -6.6445625
                    1.68                      -6.7576399
                  1.6835                      -6.8768502
                   1.687                      -7.0028956
                  1.6905                       -7.136831
                   1.694                      -7.2798375
                  1.6975                      -7.4330504
                   1.701                      -7.5973273
                  1.7045                      -7.7730671
                   1.708                       -7.960153
                  1.7115                      -8.1578664
                   1.715                      -8.3649494
                  1.7185                      -8.5797319
                   1.722                      -8.8002259
                  1.7255                      -9.0243857
                   1.729                      -9.2502279
                  1.7325                      -9.4759594
                   1.736                      -9.7000943
                  1.7395                      -9.9213573
                   1.743                      -10.138577
                  1.7465                      -10.350502
                    1.75                       -10.55549
                  1.7535                      -10.751374
                   1.757                      -10.935282
                  1.7605                       -11.10367
                   1.764                      -11.252624
                  1.7675                      -11.378278
                   1.771                      -11.477447
                  1.7745                      -11.548226
                   1.778                      -11.590395
                  1.7815                      -11.605464
                   1.785                      -11.596342
                  1.7885                      -11.566718
                   1.792                      -11.520337
                  1.7955                      -11.460425
                   1.799                      -11.389308
                  1.8025                       -11.30833
                   1.806                      -11.217967
                  1.8095                      -11.118026
                   1.813                      -11.007979
                  1.8165                      -10.887247
                    1.82                      -10.755438
                  1.8235                        -10.6126
                   1.827                      -10.459359
                  1.8305                      -10.296995
                   1.834                      -10.127431
                  1.8375                      -9.9530243
                   1.841                      -9.7763732
                  1.8445                      -9.6000263
                   1.848                       -9.426144
                  1.8515                      -9.2563453
                   1.855                      -9.0915463
                  1.8585                      -8.9319984
                   1.862                      -8.7774282
                  1.8655                      -8.6271798
                   1.869                      -8.4805193
                  1.8725                      -8.3368601
                   1.876                      -8.1958967
                  1.8795                       -8.057748
                   1.883                      -7.9228956
                  1.8865                      -7.7921164
                    1.89                      -7.6663093
                  1.8935                      -7.5462795
                   1.897                      -7.4325889
                  1.9005                      -7.3254359
                   1.904                       -7.224556
                  1.9075                      -7.1292953
                   1.911                      -7.0386676
                  1.9145                      -6.9515352
                   1.918                      -6.8668044
                  1.9215                      -6.7835764
                   1.925                      -6.7013206
                  1.9285                      -6.6199354
                   1.932                      -6.5397121
                  1.9355                      -6.4612724
                   1.939                      -6.3853903
                  1.9425                      -6.3128415
                   1.946                       -6.244238
                  1.9495                      -6.1798821
                   1.953                      -6.1197202
                  1.9565                       -6.063336
                    1.96                      -6.0100044
                  1.9635                      -5.9588279
                   1.967                      -5.9088853
                  1.9705                      -5.8593989
                   1.974                      -5.8098777
                  1.9775                      -5.7601701
                   1.981                      -5.7105001
                  1.9845                       -5.661401
                   1.988                      -5.6135797
                  1.9915                       -5.567801
                   1.995                      -5.5247215
                  1.9985                      -5.4847657
                   2.002                      -5.4480579
                  2.0055                      -5.4143783
                   2.009                      -5.3831957
                  2.0125                      -5.3537786
                   2.016                      -5.3253058
                  2.0195                      -5.2970142
                   2.023                      -5.2683534
                  2.0265                      -5.2390681
                    2.03                       -5.209241
                  2.0335                      -5.1792664
                   2.037                      -5.1497634
                  2.0405                      -5.1214548
                   2.044                      -5.0950304
                  2.0475                      -5.0710187
                   2.051                      -5.0496846
                  2.0545                      -5.0309756
                   2.058                      -5.0145353
                  2.0615                      -4.9997537
                   2.065                      -4.9858641
                  2.0685                      -4.9721103
                   2.072                      -4.9578623
                  2.0755                      -4.9427377
                   2.079                      -4.9266733
                  2.0825                      -4.9099296
                   2.086                      -4.8930293
                  2.0895                      -4.8766575
                   2.093                      -4.8615279
                  2.0965                       -4.848256
                     2.1                      -4.8372403
                  2.1035                      -4.8285867
                   2.107                      -4.8220876
                  2.1105                      -4.8172383
                   2.114                      -4.8133469
                  2.1175                      -4.8096372
                   2.121                      -4.8054022
                  2.1245                       -4.800148
                   2.128                      -4.7936706
                  2.1315                      -4.7860899
                   2.135                      -4.7778329
                  2.1385                      -4.7695286
                   2.142                      -4.7619025
                  2.1455                      -4.7556295
                   2.149                      -4.7512176
                  2.1525                      -4.7489003
                   2.156                      -4.7486012
                  2.1595                      -4.7499278
                   2.163                      -4.7522452
                  2.1665                      -4.7547867
                    2.17                      -4.7567982
                  2.1735                      -4.7576971
                   2.177                      -4.7571612
                  2.1805                      -4.7552045
                   2.184                      -4.7521587
                  2.1875                      -4.7485889
                   2.191                      -4.7452019
                  2.1945                      -4.7426945
                   2.198                      -4.7416337
                  2.2015                      -4.7423654
                   2.205                      -4.7449576
                  2.2085                      -4.7492157
                   2.212                      -4.7547456
                  2.2155                      -4.7610949
                   2.219                      -4.7679069
                  2.2225                      -4.7750788
                   2.226                      -4.7828964
                  2.2295                       -4.792068
                   2.233                      -4.8036914
                  2.2365                         -4.8191
                    2.24                      -4.8396653
                  2.2435                      -4.8665686
                   2.247                       -4.900547
                  2.2505                      -4.9417287
                   2.254                      -4.9895001
                  2.2575                      -5.0424825
                   2.261                      -5.0986206
                  2.2645                      -5.1553849
                   2.268                      -5.2100488
                  2.2715                      -5.2600403
                   2.275                      -5.3032983
                  2.2785                      -5.3385319
                   2.282                      -5.3653948
                  2.2855                      -5.3844792
                   2.289                      -5.3971784
                  2.2925                      -5.4054241
                   2.296                      -5.4113695
                  2.2995                       -5.417049
                   2.303                      -5.4240939
                  2.3065                      -5.4335185
                    2.31                      -5.4456115
                  2.3135                      -5.4599634
                   2.317                      -5.4756192
                  2.3205                      -5.4912967
                   2.324                      -5.5056951
                  2.3275                      -5.5177552
                   2.331                      -5.5268807
                  2.3345                      -5.5330321
                   2.338                      -5.5367316
                  2.3415                      -5.5389523
                   2.345                      -5.5409248
                  2.3485                      -5.5439209
                   2.352                      -5.5490342
                  2.3555                      -5.5570029
                   2.359                      -5.5680982
                  2.3625                      -5.5821195
                   2.366                      -5.5985085
                  2.3695                      -5.6165064
                   2.373                      -5.6354233
                  2.3765                       -5.654821
                    2.38                      -5.6746606
                  2.3835                      -5.6953446
                   2.387                      -5.7176396
                  2.3905                      -5.7425358
                   2.394                      -5.7710753
                  2.3975                      -5.8041442
                   2.401                      -5.8422959
                  2.4045                      -5.8855602
                   2.408                      -5.9332889
                  2.4115                      -5.9840798
                   2.415                      -6.0357984
                  2.4185                      -6.0857388
                   2.422                      -6.1309589
                  2.4255                      -6.1686747
                   2.429                      -6.1967154
                  2.4325                      -6.2138836
                   2.436                      -6.2201688
                  2.4395                       -6.216717
                   2.443                      -6.2056415
                  2.4465                      -6.1896024
                    2.45                      -6.1713912
                  2.4535                      -6.1534527
                   2.457                      -6.1375104
                  2.4605                      -6.1243572
                   2.464                      -6.1137437
                  2.4675                      -6.1045341
                   2.471                      -6.0949631
                  2.4745                      -6.0830061
                   2.478                      -6.0668085
                  2.4815                      -6.0450525
                   2.485                      -6.0171922
                  2.4885                      -5.9835541
                   2.492                      -5.9452448
                  2.4955                      -5.9039406
                   2.499                      -5.8615573
                  2.5025                      -5.8199257
                   2.506                      -5.7804661
                  2.5095                      -5.7439328
                   2.513                      -5.7102932
                  2.5165                      -5.6787512
                    2.52                      -5.6479361
                  2.5235                      -5.6161834
                   2.527                      -5.5818958
                  2.5305                      -5.5438751
                   2.534                       -5.501573
                  2.5375                      -5.4551856
                   2.541                      -5.4056828
                  2.5445                      -5.3546171
                   2.548                      -5.3039049
                  2.5515                      -5.2555156
                   2.555                      -5.2111611
                  2.5585                      -5.1720046
                   2.562                      -5.1384684
                  2.5655                      -5.1101386
                   2.569                      -5.0857936
                  2.5725                       -5.063611
                   2.576                      -5.0414166
                  2.5795                      -5.0170517
                   2.583                      -4.9886571
                  2.5865                      -4.9549571
                    2.59                       -4.915404
                  2.5935                      -4.8701955
                   2.597                      -4.8202123
                  2.6005                      -4.7667496
                   2.604                      -4.7112964
                  2.6075                      -4.6551993
                   2.611                      -4.5994211
                  2.6145                      -4.5443863
                   2.618                      -4.4899407
                  2.6215                      -4.4354843
                   2.625                      -4.3801338
                  2.6285                      -4.3229938
                   2.632                      -4.2633681
                  2.6355                      -4.2009449
                   2.639                      -4.1358931
                  2.6425                      -4.0688601
                   2.646                      -4.0008845
                  2.6495                      -3.9332448
                   2.653                      -3.8672871
                  2.6565                      -3.8041661
                    2.66                      -3.7446785
                  2.6635                      -3.6891158
                   2.667                      -3.6372238
                  2.6705                      -3.5882899
                   2.674                       -3.541264
                  2.6775                      -3.4949784
                   2.681                      -3.4483108
                  2.6845                      -3.4003814
                   2.688                      -3.3506438
                  2.6915                      -3.2989377
                   2.695                      -3.2454982
                  2.6985                      -3.1908983
                   2.702                      -3.1359467
                  2.7055                      -3.0815151
                   2.709                       -3.028404
                  2.7125                      -2.9771793
                   2.716                      -2.9280655
                  2.7195                      -2.8809248
                   2.723                      -2.8353125
                  2.7265                      -2.7905873
                    2.73                      -2.7460338
                  2.7335                      -2.7010346
                   2.737                      -2.6551551
                  2.7405                      -2.6082364
                   2.744                      -2.5604433
                  2.7475                      -2.5122496
                   2.751                      -2.4643878
                  2.7545                      -2.4177279
                   2.758                      -2.3731507
                  2.7615                      -2.3313952
                   2.765                      -2.2929233
                  2.7685                      -2.2578605
                   2.772                       -2.225983
                  2.7755                      -2.1967733
                   2.779                      -2.1695118
                  2.7825                      -2.1433962
                   2.786                      -2.1176689
                  2.7895                      -2.0917152
                   2.793                      -2.0651322
                  2.7965                      -2.0377904
                     2.8                      -2.0098152
                  2.8035                      -1.9815595
                   2.807                      -1.9534815
                  2.8105                      -1.9260573
                   2.814                      -1.8996668
                  2.8175                      -1.8745077
                   2.821                      -1.8505752
                  2.8245                      -1.8276738
                   2.828                      -1.8054599
                  2.8315                      -1.7835256
                   2.835                      -1.7614619
                  2.8385                       -1.738947
                   2.842                      -1.7157873
                  2.8455                      -1.6919769
                   2.849                      -1.6676936
                  2.8525                      -1.6432821
                   2.856                       -1.619188
                  2.8595                      -1.5958751
                   2.863                      -1.5737219
                  2.8665                      -1.5529551
                    2.87                      -1.5336013
                  2.8735                      -1.5154841
                   2.877                       -1.498265
                  2.8805                      -1.4815109
                   2.884                      -1.4647518
                  2.8875                      -1.4475781
                   2.891                      -1.4296947
                  2.8945                      -1.4109833
                   2.898                      -1.3915193
                  2.9015                      -1.3715729
                   2.905                      -1.3515495
                  2.9085                      -1.3319226
                   2.912                      -1.3131419
                  2.9155                      -1.2955493
                   2.919                      -1.2793182
                  2.9225                      -1.2644372
                   2.926                      -1.2507157
                  2.9295                      -1.2378365
                   2.933                       -1.225399
                  2.9365                       -1.213001
                    2.94                      -1.2003003
                  2.9435                       -1.187074
                   2.947                      -1.1732556
                  2.9505                      -1.1589564
                   2.954                      -1.1444415
                  2.9575                      -1.1300777
                   2.961                      -1.1162638
                  2.9645                      -1.1033426
                   2.968                      -1.0915466
                  2.9715                      -1.0809529
                   2.975                      -1.0714807
                  2.9785                      -1.0629069
                   2.982                      -1.0549128
                  2.9855                      -1.0471422
                   2.989                      -1.0392507
                  2.9925                      -1.0309735
                   2.996                      -1.0221675
                  2.9995                      -1.0128352
                   3.003                      -1.0031248
                  3.0065                       -0.993298
                    3.01                     -0.98367729
                  3.0135                     -0.97457059
                   3.017                     -0.96622348
                  3.0205                     -0.95875085
                   3.024                     -0.95213563
                  3.0275                     -0.94622435
                   3.031                      -0.9407559
                  3.0345                     -0.93541311
                   3.038                     -0.92986815
                  3.0415                     -0.92384911
                   3.045                     -0.91718497
                  3.0485                     -0.90984088
                   3.052                     -0.90193519
                  3.0555                     -0.89371265
                   3.059                     -0.88550427
                  3.0625                     -0.87765588
                   3.066                      -0.8704691
                  3.0695                     -0.86414186
                   3.073                     -0.85873487
                  3.0765                      -0.8541718
                    3.08                     -0.85025279
                  3.0835                     -0.84669683
                   3.087                     -0.84318808
                  3.0905                     -0.83942981
                   3.094                     -0.83520183
                  3.0975                     -0.83039849
                   3.101                     -0.82505242
                  3.1045                     -0.81932741
                   3.108                     -0.81348894
                  3.1115                     -0.80784893
                   3.115                     -0.80270264
                  3.1185                     -0.79827294
                   3.122                     -0.79467163
                  3.1255                      -0.7918799
                   3.129                     -0.78975533
                  3.1325                     -0.78805878
                   3.136                     -0.78649285
                  3.1395                     -0.78475094
                   3.143                     -0.78256288
                  3.1465                     -0.77974177
                    3.15                     -0.77620923
                  3.1535                     -0.77199851
                   3.157                      -0.7672382
                  3.1605                     -0.76211144
                   3.164                      -0.7568008
                  3.1675                     -0.75144029
                   3.171                     -0.74607646
                  3.1745                     -0.74065092
                   3.178                     -0.73500937
                  3.1815                     -0.72892657
                   3.185                     -0.72214994
                  3.1885                     -0.71445075
                   3.192                     -0.70567735
                  3.1955                     -0.69580088
                   3.199                     -0.68494165
                  3.2025                     -0.67337645
                   3.206                     -0.66150648
                  3.2095                     -0.64981351
                   3.213                     -0.63878396
                  3.2165                     -0.62884119
                    3.22                     -0.62028169
                  3.2235                     -0.61324141
                   3.227                     -0.60768559
                  3.2305                     -0.60342283
                   3.234                     -0.60014535
                  3.2375                     -0.59748143
                   3.241                     -0.59505535
                  3.2445                     -0.59254703
                   3.248                     -0.58974227
                  3.2515                     -0.58656153
                   3.255                     -0.58306891
                  3.2585                     -0.57944349
                   3.262                      -0.5759388
                  3.2655                      -0.5728209
                   3.269                     -0.57031437
                  3.2725                     -0.56855397
                   3.276                     -0.56756014
                  3.2795                     -0.56723696
                   3.283                      -0.5673867
                  3.2865                     -0.56774637
                    3.29                     -0.56803344
                  3.2935                     -0.56799428
                   3.297                     -0.56745064
                  3.3005                     -0.56633414
                   3.304                       -0.564698
                  3.3075                      -0.5627062
                   3.311                     -0.56059968
                  3.3145                     -0.55864726
                   3.318                     -0.55709203
                  3.3215                     -0.55610599
                   3.325                     -0.55575641
                  3.3285                     -0.55599848
                   3.332                     -0.55668177
                  3.3355                     -0.55757669
                   3.339                     -0.55841377
                  3.3425                     -0.55893163
                   3.346                     -0.55892382
                  3.3495                     -0.55827914
                   3.353                     -0.55700559
                  3.3565                     -0.55523144
                    3.36                     -0.55318118
                  3.3635                     -0.55113192
                   3.367                     -0.54936062
                  3.3705                     -0.54809202
                   3.374                     -0.54745914
                  3.3775                     -0.54748243
                   3.381                     -0.54806832
                  3.3845                     -0.54903006
                   3.388                     -0.55011997
                  3.3915                      -0.5510764
                   3.395                     -0.55166958
                  3.3985                     -0.55174659
                   3.402                     -0.55126168
                  3.4055                     -0.55028755
                   3.409                     -0.54900045
                  3.4125                     -0.54764676
                   3.416                     -0.54649338
                  3.4195                     -0.54577794
                   3.423                     -0.54566266
                  3.4265                     -0.54620892
                    3.43                     -0.54736733
                  3.4335                     -0.54898834
                   3.437                     -0.55084856
                  3.4405                     -0.55269346
                   3.444                     -0.55427899
                  3.4475                     -0.55542176
                   3.451                     -0.55603102
                  3.4545                     -0.55613091
                   3.458                     -0.55585624
                  3.4615                     -0.55542558
                   3.465                      -0.5550999
                  3.4685                     -0.55513112
                   3.472                     -0.55571549
                  3.4755                      -0.5569579
                   3.479                     -0.55885583
                  3.4825                     -0.56130162
                   3.486                     -0.56410092
                  3.4895                      -0.5670091
                   3.493                     -0.56977129
                  3.4965                     -0.57217296
                     3.5                     -0.57407836
